 -6.2049579e-001
  2.0318568e-014
 -4.0369836e-014
  2.2195640e-014
  8.5341788e-015
 -2.7197253e-014
  2.5317427e-014
 -3.6640925e-014
  4.8584811e-014
 -6.3987076e-014
  7.1690420e-014
 -1.5491224e-010
 -4.0269245e-010
 -5.4480144e-010
 -6.1709805e-010
 -6.3179124e-010
 -5.9729362e-010
 -5.2251590e-010
 -4.2160564e-010
 -3.1023295e-010
 -1.9602122e-010
 -7.7887188e-011
 -3.1574625e-014
  3.8760482e-014
  3.3076564e-014
 -6.6314827e-014
  8.7929131e-014
 -8.2855083e-014
  7.0248555e-014
 -4.2891514e-014
  6.0751817e-015
  2.8314884e-014
 -4.5702671e-014
  6.2931499e-014
 -5.9060774e-014
  4.9978306e-014
 -4.2448569e-014
  4.8878127e-014
 -6.3238037e-014
 -1.1568641e-010
 -2.0641006e-010
 -2.3481284e-010
 -1.9184447e-010
 -2.0818936e-014
  4.1651766e-014
 -4.7946444e-014
  6.0440519e-014
 -2.6757761e-014
 -1.2542347e-015
  3.6716605e-015
  1.6231686e-014
 -2.8932526e-014
  2.5496989e-014
 -1.8102899e-014
  1.6511300e-014
 -1.3222172e-014
  1.1667840e-014
 -1.4677710e-014
  2.8564224e-014
 -4.2109172e-014
  3.2174148e-014
 -3.6214367e-014
  7.5363568e-014
 -7.9188211e-014
  6.0716655e-014
 -2.9035206e-014
  5.2823819e-014
 -2.7244010e-010
 -6.3164034e-010
 -9.8345448e-010
 -2.1168618e-009
 -1.1980386e-003
 -3.1159979e-003
 -4.2149618e-003
 -4.7743473e-003
 -4.8885103e-003
 -4.6208368e-003
 -4.0428822e-003
 -3.2620341e-003
 -2.4000783e-003
 -1.5167017e-003
 -6.0274350e-004
 -2.6412997e-009
  2.6828120e-009
 -1.8622198e-009
 -1.9284222e-009
 -1.7567038e-009
 -1.7796904e-009
 -1.6308731e-009
 -1.5515437e-009
 -1.4892755e-009
 -1.4649212e-009
 -1.4790350e-009
 -1.5117039e-009
 -1.5458315e-009
 -1.5801939e-009
 -1.6525445e-009
 -1.7540550e-009
 -4.8208077e-009
 -8.9558275e-004
 -1.5966004e-003
 -1.8168934e-003
 -1.4843168e-003
 -2.8394531e-009
 -1.6374000e-009
 -1.3436599e-009
 -1.0128567e-009
 -6.3533294e-010
 -1.6045797e-010
 -5.5982563e-014
  3.1101794e-014
  1.3361149e-014
 -3.3446654e-014
  2.1624911e-014
  1.0008617e-014
 -1.4774236e-014
 -1.6519007e-014
  2.8114201e-014
  6.5793419e-015
 -3.8743941e-014
  3.2776383e-014
 -7.0521212e-010
 -6.6930607e-010
 -5.9849751e-010
 -5.1136309e-010
 -4.8281290e-010
 -1.9196226e-009
 -2.1079180e-003
 -4.8865761e-003
 -7.6092934e-003
 -1.0387739e-002
 -1.3110958e-002
 -1.5591411e-002
 -1.7658605e-002
 -1.9114359e-002
 -1.9705467e-002
 -1.9357034e-002
 -1.8439266e-002
 -1.7383956e-002
 -1.6449291e-002
 -1.5527708e-002
 -1.4751569e-002
 -1.4297753e-002
 -1.4204374e-002
 -1.4106630e-002
 -1.3902683e-002
 -1.3592132e-002
 -1.3184188e-002
 -1.2618537e-002
 -1.2003801e-002
 -1.1523017e-002
 -1.1333271e-002
 -1.1443924e-002
 -1.1702658e-002
 -1.1960412e-002
 -1.2225860e-002
 -1.2785727e-002
 -1.3571256e-002
 -1.4369431e-002
 -1.5029543e-002
 -1.5613866e-002
 -1.5934258e-002
 -1.5656036e-002
 -1.4518046e-002
 -1.2668602e-002
 -1.0396250e-002
 -7.8403209e-003
 -4.9155729e-003
 -1.2419031e-003
 -9.6344382e-010
 -8.0339685e-014
  8.4859253e-014
 -5.3279746e-014
  2.5476410e-014
 -2.6123657e-014
  1.1872142e-014
 -2.7860885e-015
 -2.0166607e-015
 -1.9326213e-014
  4.0426729e-014
 -3.2283347e-014
 -5.4564369e-003
 -5.1778434e-003
 -4.6309910e-003
 -3.9561364e-003
 -3.7355562e-003
 -4.3124810e-003
 -5.4271580e-003
 -8.7617266e-003
 -1.3299532e-002
 -1.8422559e-002
 -2.2968084e-002
 -2.7301086e-002
 -3.1741453e-002
 -3.5863068e-002
 -3.8077703e-002
 -3.6300398e-002
 -3.3396283e-002
 -3.1174059e-002
 -3.0848740e-002
 -2.8615364e-002
 -2.6368981e-002
 -2.5382272e-002
 -2.6673268e-002
 -2.6206752e-002
 -2.5327451e-002
 -2.4630749e-002
 -2.4182243e-002
 -2.2432439e-002
 -2.0554664e-002
 -1.9273528e-002
 -1.9088469e-002
 -2.0024676e-002
 -2.1376177e-002
 -2.2307426e-002
 -2.1659688e-002
 -2.2889223e-002
 -2.5178915e-002
 -2.7416526e-002
 -2.7961993e-002
 -2.9473810e-002
 -3.1281051e-002
 -3.1994138e-002
 -2.9133058e-002
 -2.4336918e-002
 -1.9303239e-002
 -1.4781306e-002
 -1.0882238e-002
 -6.3042869e-003
 -1.2449540e-003
 -1.7804389e-009
  3.1170610e-014
 -4.8042248e-015
  6.7926466e-010
  1.5209196e-009
  9.0125658e-010
  4.6414315e-010
  3.8459173e-014
 -1.4841381e-014
 -9.9605466e-015
  1.5021990e-014
 -1.2622420e-002
 -1.2372020e-002
 -1.1351388e-002
 -9.9550305e-003
 -9.2940711e-003
 -9.3321664e-003
  1.8072998e-009
 -8.2985414e-003
 -1.8096491e-002
 -2.8957385e-002
 -3.2191051e-002
 -3.8571889e-002
 -4.7889302e-002
 -5.9652669e-002
 -7.3054706e-002
 -5.7899813e-002
 -4.5563181e-002
 -3.4288400e-002
 -5.3361141e-002
 -4.2629108e-002
 -3.3316247e-002
 -2.4192284e-002
 -4.6343244e-002
 -4.0758968e-002
 -3.6361488e-002
 -3.2317468e-002
 -3.9161506e-002
 -3.2613787e-002
 -2.6386677e-002
 -1.9576013e-002
 -1.9624652e-002
 -2.7097120e-002
 -3.3415862e-002
 -3.8903276e-002
 -2.0594773e-002
 -2.8790755e-002
 -3.7347832e-002
 -4.7104576e-002
 -3.4706858e-002
 -4.2233988e-002
 -5.1363062e-002
 -6.3633798e-002
 -5.1415134e-002
 -3.6995944e-002
 -2.4822889e-002
 -1.6061981e-002
 -1.8148656e-002
 -1.3105979e-002
 -9.1414742e-003
 -7.5504758e-003
 -4.8794669e-009
  4.0145319e-009
  5.2542552e-003
  1.1769755e-002
  6.9730755e-003
  3.5914478e-003
  2.3294756e-009
  2.9607278e-014
 -3.1439283e-014
  1.6570703e-016
 -2.0369851e-002
 -2.0335521e-002
 -1.9518531e-002
 -1.8157338e-002
 -1.7582372e-002
 -1.7949528e-002
 -8.9937600e-003
 -8.7905819e-003
 -2.3644427e-002
 -3.9375777e-002
 -4.7972444e-002
 -4.2504717e-002
 -5.4392324e-002
 -7.0198374e-002
 -8.7144828e-002
 -6.7234330e-002
 -5.3812710e-002
 -4.3313512e-002
 -6.5267092e-002
 -5.0909390e-002
 -4.2132289e-002
 -3.2671259e-002
 -5.8426870e-002
 -5.1051542e-002
 -4.7934451e-002
 -4.2377298e-002
 -5.1120646e-002
 -4.2978030e-002
 -3.8040743e-002
 -2.5750790e-002
 -2.7943536e-002
 -4.2583225e-002
 -5.1836259e-002
 -4.2108946e-002
 -2.4775220e-002
 -3.5694789e-002
 -4.7897037e-002
 -5.1618722e-002
 -3.9590844e-002
 -4.8616435e-002
 -6.1073378e-002
 -7.3606121e-002
 -5.8402321e-002
 -4.0514827e-002
 -2.8611131e-002
 -2.9220538e-002
 -2.7458916e-002
 -2.0042020e-002
 -1.5213539e-002
 -1.1362733e-002
 -4.2587928e-009
  4.7891101e-003
  1.1854013e-002
  5.6087674e-003
  3.4587653e-003
  1.4652399e-003
  9.4693772e-010
 -5.9541818e-014
  4.0580999e-014
 -2.8688336e-014
 -2.8370232e-002
 -2.8293025e-002
 -2.8048255e-002
 -2.7924758e-002
 -2.8844729e-002
 -3.1156006e-002
 -2.5285703e-002
 -1.9003078e-002
 -2.8400751e-002
 -4.7714275e-002
 -5.9976191e-002
 -5.3809749e-002
 -5.3507793e-002
 -6.9043902e-002
 -8.6436050e-002
 -7.6019665e-002
 -5.2356190e-002
 -4.5339604e-002
 -6.1649836e-002
 -6.6943501e-002
 -4.6406025e-002
 -3.7789027e-002
 -5.7438926e-002
 -7.1418161e-002
 -6.3812548e-002
 -4.5506945e-002
 -5.1538211e-002
 -6.3379310e-002
 -5.5200973e-002
 -3.1749523e-002
 -3.4501278e-002
 -6.9969008e-002
 -7.9719781e-002
 -3.7248869e-002
 -2.4272945e-002
 -4.2591466e-002
 -6.2255498e-002
 -4.5974184e-002
 -3.6060138e-002
 -4.8166559e-002
 -7.6896080e-002
 -6.6468985e-002
 -5.2885953e-002
 -4.0769509e-002
 -4.7513478e-002
 -3.4060136e-002
 -3.2624592e-002
 -2.6829577e-002
 -2.8017261e-002
 -1.2595991e-002
 -9.4115224e-010
  7.3421944e-003
  2.4172257e-009
  7.2493740e-010
  4.4733618e-010
  1.8936630e-010
  5.1849410e-014
  8.0686450e-015
 -2.8982996e-014
  2.1783550e-014
 -3.4414682e-002
 -3.4551596e-002
 -3.5068493e-002
 -3.6378255e-002
 -3.8869288e-002
 -4.2441228e-002
 -3.7454484e-002
 -3.3930889e-002
 -3.4786535e-002
 -4.6770527e-002
 -5.9554479e-002
 -6.1756949e-002
 -6.0862450e-002
 -6.3964341e-002
 -7.8367686e-002
 -7.4258188e-002
 -5.9944702e-002
 -4.7598206e-002
 -6.7935504e-002
 -6.4530227e-002
 -4.7313391e-002
 -3.2304809e-002
 -5.4535188e-002
 -8.2445905e-002
 -6.1721349e-002
 -4.4939125e-002
 -5.0290823e-002
 -7.8276567e-002
 -5.0015799e-002
 -4.5667655e-002
 -4.4816782e-002
 -8.8888884e-002
 -7.1905451e-002
 -5.3805485e-002
 -4.0204660e-002
 -5.1848184e-002
 -4.1439192e-002
 -4.9190482e-002
 -4.1425248e-002
 -5.5746145e-002
 -4.9975423e-002
 -5.6654638e-002
 -4.7449659e-002
 -5.0818398e-002
 -3.8479125e-002
 -4.0723176e-002
 -3.8598955e-002
 -3.8363572e-002
 -2.1955135e-002
 -1.3895440e-002
 -1.1966782e-009
 -3.9991287e-003
 -4.2263098e-009
 -1.0028959e-009
 -4.9671362e-010
 -1.7008368e-014
  5.4557954e-014
 -6.7831019e-014
  5.6769701e-014
 -2.9600278e-014
 -3.7886979e-002
 -3.8747376e-002
 -4.0412788e-002
 -4.3166375e-002
 -4.7229160e-002
 -5.2264397e-002
 -4.8701189e-002
 -4.3853995e-002
 -3.9944569e-002
 -5.0074671e-002
 -5.5060484e-002
 -6.3530006e-002
 -5.9086803e-002
 -6.2144249e-002
 -6.3903973e-002
 -6.3388920e-002
 -5.9914682e-002
 -4.5955879e-002
 -5.7783764e-002
 -5.1075757e-002
 -5.7904883e-002
 -4.2979194e-002
 -6.0265494e-002
 -6.4758255e-002
 -6.2295116e-002
 -4.9163003e-002
 -5.2676849e-002
 -7.3383664e-002
 -5.4228145e-002
 -6.1907506e-002
 -6.1408782e-002
 -8.8402802e-002
 -6.4430726e-002
 -5.7082849e-002
 -5.1738518e-002
 -5.5648192e-002
 -3.5436288e-002
 -3.8291645e-002
 -5.0478618e-002
 -4.3574135e-002
 -3.6329211e-002
 -4.6181556e-002
 -5.7088730e-002
 -4.3666328e-002
 -2.2969296e-002
 -4.1314061e-002
 -5.0666354e-002
 -3.7270236e-002
 -1.3593583e-002
 -1.5397449e-002
 -1.9280078e-002
 -1.5228832e-002
 -1.1456322e-002
 -7.7588969e-003
 -3.8429987e-003
 -3.2121547e-009
 -4.9553914e-014
  3.1494182e-014
 -1.7578459e-014
  6.9444560e-015
 -3.9377446e-002
 -4.1128735e-002
 -4.4169299e-002
 -4.8407312e-002
 -5.3821128e-002
 -5.9974137e-002
 -5.7366165e-002
 -5.1194431e-002
 -4.9116625e-002
 -5.0190124e-002
 -5.5314863e-002
 -6.0003022e-002
 -5.3763756e-002
 -5.9233478e-002
 -5.5875130e-002
 -5.6383130e-002
 -5.0311083e-002
 -4.5494423e-002
 -4.9632736e-002
 -4.2268603e-002
 -6.1105289e-002
 -4.8834844e-002
 -6.5123053e-002
 -5.1865175e-002
 -6.2483790e-002
 -5.1748002e-002
 -5.6943810e-002
 -5.9716200e-002
 -6.2123391e-002
 -8.1106865e-002
 -7.5310360e-002
 -7.4339717e-002
 -5.7288470e-002
 -6.0375799e-002
 -5.4883504e-002
 -3.1736061e-002
 -3.9346539e-002
 -4.4175398e-002
 -5.9996636e-002
 -1.8889108e-002
 -2.0835980e-002
 -4.5233156e-002
 -5.4216580e-002
 -2.6506019e-002
 -1.6888171e-002
 -5.7987145e-002
 -5.0173886e-002
 -3.0349880e-002
 -1.0360162e-002
 -3.1661588e-002
 -2.9096713e-002
 -2.4556148e-002
 -2.0097612e-002
 -1.5590020e-002
 -1.0773009e-002
 -5.6354845e-003
 -4.1132633e-009
 -5.1914515e-014
  1.5267990e-014
 -6.2572030e-015
 -3.9717179e-002
 -4.2197716e-002
 -4.6486666e-002
 -5.2176609e-002
 -5.8869077e-002
 -6.5924258e-002
 -6.3827350e-002
 -5.7769118e-002
 -5.7602198e-002
 -5.5549225e-002
 -5.4303191e-002
 -5.8038581e-002
 -5.1689761e-002
 -5.1551128e-002
 -5.4248681e-002
 -5.4634714e-002
 -4.0632593e-002
 -3.9701768e-002
 -4.9947096e-002
 -5.4053472e-002
 -4.2457337e-002
 -4.7011324e-002
 -5.4098849e-002
 -5.0154761e-002
 -6.2161474e-002
 -7.3491497e-002
 -5.2098237e-002
 -4.0484432e-002
 -6.6667754e-002
 -9.7449561e-002
 -6.8484418e-002
 -4.6702738e-002
 -6.4219673e-002
 -6.6383382e-002
 -4.5847668e-002
 -5.7296133e-003
 -3.2137486e-002
 -6.3794740e-002
 -5.4581169e-002
 -1.1106482e-002
 -2.2774396e-002
 -4.7736381e-002
 -5.0968820e-002
 -7.6428424e-003
 -2.9813635e-002
 -5.0972771e-002
 -4.3746108e-002
 -2.4902949e-002
 -2.1261751e-002
 -4.5645148e-002
 -3.9820911e-002
 -3.3868359e-002
 -2.8020108e-002
 -2.2152055e-002
 -1.6040753e-002
 -9.8177240e-003
 -3.6454483e-003
 -2.3558439e-009
 -2.3813433e-014
  1.8248208e-014
 -3.9550758e-002
 -4.2537714e-002
 -4.7783509e-002
 -5.4760033e-002
 -6.2821630e-002
 -7.1142154e-002
 -7.0209123e-002
 -6.5211343e-002
 -6.4695416e-002
 -6.2363361e-002
 -5.3869970e-002
 -5.3593234e-002
 -5.4678260e-002
 -4.6310439e-002
 -4.3188831e-002
 -5.2909405e-002
 -3.5321706e-002
 -3.2852230e-002
 -4.0176767e-002
 -5.2632729e-002
 -2.7504967e-002
 -5.5056006e-002
 -6.4857639e-002
 -3.9703144e-002
 -5.6635250e-002
 -8.1606671e-002
 -6.3868848e-002
 -3.1429892e-002
 -7.1026481e-002
 -1.0343469e-001
 -5.8539261e-002
 -2.4624981e-002
 -6.7246208e-002
 -6.0775388e-002
 -2.8524934e-002
 -1.3978907e-002
 -3.6666274e-002
 -6.2635558e-002
 -3.7498190e-002
 -8.2936616e-003
 -2.9950375e-002
 -5.4638981e-002
 -4.5043929e-002
 -2.1991134e-002
 -2.6066380e-002
 -3.7388325e-002
 -2.6534420e-002
 -1.7340493e-002
 -4.1779019e-002
 -6.2332627e-002
 -5.1497227e-002
 -4.2612045e-002
 -3.4725232e-002
 -2.7184143e-002
 -1.9637944e-002
 -1.2072796e-002
 -4.7756171e-003
 -3.0862205e-009
 -7.1993915e-015
  3.8692533e-015
 -3.9202767e-002
 -4.2525782e-002
 -4.8433100e-002
 -5.6355402e-002
 -6.5485421e-002
 -7.4812498e-002
 -7.4655924e-002
 -7.1141685e-002
 -6.9485111e-002
 -6.8261773e-002
 -5.8195057e-002
 -5.2549621e-002
 -5.6020571e-002
 -4.6544050e-002
 -3.3923384e-002
 -4.5407140e-002
 -3.6221863e-002
 -2.9928037e-002
 -3.3437065e-002
 -4.9602494e-002
 -3.2136202e-002
 -4.9848855e-002
 -6.7061360e-002
 -4.2581977e-002
 -4.7730540e-002
 -8.2038223e-002
 -7.3037078e-002
 -2.5359594e-002
 -6.1188026e-002
 -9.3510841e-002
 -4.2441492e-002
 -2.9696947e-002
 -7.0809159e-002
 -4.0090441e-002
 -2.6128947e-002
 -2.8502395e-002
 -4.5535755e-002
 -4.2853858e-002
 -2.7381869e-002
 -2.7687296e-002
 -3.8154659e-002
 -4.6976764e-002
 -3.3789377e-002
 -2.7159902e-002
 -2.6148343e-002
 -4.2799434e-002
 -4.3758751e-002
 -2.8507051e-002
 -4.0325019e-002
 -6.1421063e-002
 -5.3201680e-002
 -4.5251876e-002
 -3.7284158e-002
 -2.9177379e-002
 -2.0836925e-002
 -1.2418575e-002
 -4.5880791e-003
 -2.9650043e-009
 -5.5231181e-014
  4.2681634e-014
 -3.8882728e-002
 -4.2405490e-002
 -4.8733074e-002
 -5.7318994e-002
 -6.7297725e-002
 -7.7593544e-002
 -7.8500194e-002
 -7.5827522e-002
 -7.2717768e-002
 -7.3656838e-002
 -6.2797337e-002
 -5.3676186e-002
 -5.3325990e-002
 -4.7565890e-002
 -3.7075490e-002
 -4.0619420e-002
 -4.1334855e-002
 -2.3182561e-002
 -3.9714650e-002
 -5.4033139e-002
 -4.5654360e-002
 -3.8970620e-002
 -6.0726925e-002
 -5.7186612e-002
 -2.6192496e-002
 -5.8145833e-002
 -6.1058727e-002
 -3.9155419e-002
 -5.5138679e-002
 -6.5042740e-002
 -4.5763976e-002
 -4.5879970e-002
 -5.8066634e-002
 -4.4270318e-002
 -4.0292819e-002
 -3.7052787e-002
 -2.7448873e-002
 -1.6635026e-002
 -3.9324471e-002
 -5.4269064e-002
 -3.5369319e-002
 -3.1255808e-002
 -2.6043429e-002
 -3.0873093e-002
 -3.5630718e-002
 -5.4938740e-002
 -6.4393333e-002
 -2.5298347e-002
 -3.3934016e-002
 -5.8426866e-002
 -5.2675814e-002
 -4.5695250e-002
 -3.7853984e-002
 -2.9397439e-002
 -2.0510178e-002
 -1.1655689e-002
 -3.7227776e-003
 -2.4058654e-009
  4.9815129e-014
 -2.8211195e-014
 -3.8621535e-002
 -4.2232798e-002
 -4.8785149e-002
 -5.7779998e-002
 -6.8328629e-002
 -7.9333092e-002
 -8.1103355e-002
 -7.8682644e-002
 -7.5727489e-002
 -7.4857705e-002
 -6.5369298e-002
 -5.7087588e-002
 -5.3484068e-002
 -4.7578740e-002
 -4.5459130e-002
 -4.1097364e-002
 -4.1640782e-002
 -3.0447983e-002
 -4.3230883e-002
 -5.9653185e-002
 -4.5207117e-002
 -2.7365106e-002
 -4.8121758e-002
 -5.8322882e-002
 -3.2627115e-002
 -4.1172847e-002
 -5.6879003e-002
 -3.4452915e-002
 -4.1781475e-002
 -6.0674825e-002
 -4.1339948e-002
 -4.5086038e-002
 -3.8656972e-002
 -2.8063474e-002
 -4.7508789e-002
 -5.0225825e-002
 -2.5236010e-002
 -3.3145587e-002
 -4.2336559e-002
 -5.0265797e-002
 -2.9411484e-002
 -2.9698048e-002
 -1.9055808e-002
 -2.4136375e-002
 -4.7907844e-002
 -5.9550428e-002
 -5.7434920e-002
 -3.9300092e-002
 -4.4530290e-002
 -6.4155159e-002
 -5.6159286e-002
 -4.7745433e-002
 -3.8833859e-002
 -2.9500311e-002
 -2.0041104e-002
 -1.0944084e-002
 -2.9547277e-003
 -1.9094710e-009
 -3.1555649e-014
  1.3075899e-014
 -3.8378261e-002
 -4.2028414e-002
 -4.8677964e-002
 -5.7832993e-002
 -6.8611119e-002
 -7.9926305e-002
 -8.1975948e-002
 -7.9272275e-002
 -7.8262668e-002
 -7.7281391e-002
 -6.9879928e-002
 -5.9655762e-002
 -5.4820730e-002
 -5.2762844e-002
 -5.1190956e-002
 -4.7184987e-002
 -3.2249903e-002
 -3.8497304e-002
 -4.3845781e-002
 -5.1662151e-002
 -5.1095158e-002
 -2.8640019e-002
 -4.0280806e-002
 -5.3256591e-002
 -3.0181077e-002
 -3.5534645e-002
 -3.9016425e-002
 -2.2601112e-002
 -5.0357632e-002
 -4.1347941e-002
 -3.1348161e-002
 -4.4962261e-002
 -3.9301407e-002
 -2.0291042e-002
 -4.2087959e-002
 -4.5362389e-002
 -4.2500058e-002
 -5.0384760e-002
 -3.3892126e-002
 -4.8854539e-002
 -3.4964199e-002
 -1.5000870e-002
 -2.9089243e-002
 -3.7815225e-002
 -5.4076362e-002
 -5.6862623e-002
 -4.7489899e-002
 -4.5370168e-002
 -5.4422411e-002
 -6.8877952e-002
 -5.9190419e-002
 -4.9501457e-002
 -3.9572349e-002
 -2.9501800e-002
 -1.9664440e-002
 -1.0431774e-002
 -2.3132815e-003
 -1.4949300e-009
 -3.9619306e-014
  3.9707050e-014
 -3.8230834e-002
 -4.1882527e-002
 -4.8552683e-002
 -5.7752598e-002
 -6.8620042e-002
 -8.0110330e-002
 -8.2364014e-002
 -7.9774588e-002
 -7.9114967e-002
 -7.7305467e-002
 -7.2983499e-002
 -6.3132041e-002
 -5.9222121e-002
 -5.5355435e-002
 -5.0487469e-002
 -5.2002872e-002
 -3.3783249e-002
 -4.1636408e-002
 -4.6269391e-002
 -5.5877111e-002
 -5.4428349e-002
 -3.1806965e-002
 -1.4575933e-002
 -4.5514541e-002
 -2.5868139e-002
 -2.8332422e-002
 -2.6502399e-002
 -2.3374033e-002
 -4.4737625e-002
 -3.4012330e-002
 -3.1318195e-002
 -4.5559471e-002
 -2.5869531e-002
 -1.6717947e-002
 -2.4452679e-002
 -4.5682982e-002
 -4.8397023e-002
 -3.4127680e-002
 -5.3563885e-002
 -5.8072923e-002
 -3.2381114e-002
 -2.4044843e-002
 -3.9471777e-002
 -4.7624431e-002
 -6.1804383e-002
 -6.5661748e-002
 -5.0057303e-002
 -4.4838865e-002
 -5.5823923e-002
 -6.9021280e-002
 -5.9775352e-002
 -4.9896156e-002
 -3.9596363e-002
 -2.9229386e-002
 -1.9250450e-002
 -9.9305818e-003
 -1.4740502e-003
 -9.5262115e-010
  4.2650611e-014
 -3.9173828e-014
 -3.8264152e-002
 -4.1893025e-002
 -4.8526264e-002
 -5.7687611e-002
 -6.8540549e-002
 -8.0089737e-002
 -8.2482726e-002
 -8.0139145e-002
 -7.8653330e-002
 -7.5975075e-002
 -7.3340266e-002
 -6.4641863e-002
 -6.0071921e-002
 -5.9764223e-002
 -5.2683241e-002
 -3.9359364e-002
 -4.5981786e-002
 -5.5653191e-002
 -4.2942172e-002
 -5.3359022e-002
 -4.9172104e-002
 -3.2204575e-002
 -2.1642752e-002
 -3.8580108e-002
 -3.2449661e-002
 -8.3502232e-003
 -1.7403939e-002
 -1.1476551e-002
 -2.4289797e-002
 -4.2126312e-002
 -3.4641506e-002
 -3.2299317e-002
 -1.3234544e-002
 -7.5041009e-003
 -4.3875083e-002
 -3.9735561e-002
 -3.2438098e-002
 -5.2117318e-002
 -6.3650546e-002
 -5.3523504e-002
 -3.3174395e-002
 -3.6513917e-002
 -5.1453977e-002
 -5.8496001e-002
 -6.4058929e-002
 -5.4579029e-002
 -5.4399216e-002
 -4.2450434e-002
 -6.4323657e-002
 -7.2462693e-002
 -6.1665559e-002
 -5.0775935e-002
 -3.9850277e-002
 -2.9145963e-002
 -1.9006825e-002
 -9.5384967e-003
 -6.5918519e-009
  2.0981217e-014
 -3.9400591e-014
  2.7034692e-014
 -3.8516904e-002
 -4.2084786e-002
 -4.8589456e-002
 -5.7568197e-002
 -6.8231598e-002
 -7.9654418e-002
 -8.2029754e-002
 -7.9886951e-002
 -7.8111503e-002
 -7.4075035e-002
 -7.1011628e-002
 -6.2778425e-002
 -6.3685584e-002
 -6.2312319e-002
 -5.1044754e-002
 -3.9689310e-002
 -5.9306071e-002
 -5.6391835e-002
 -3.9635511e-002
 -5.3500299e-002
 -4.2120705e-002
 -2.8983193e-002
 -7.3333528e-003
 -3.0186389e-002
 -2.5438928e-002
 -6.0675125e-003
 -2.8143296e-002
 -1.1007161e-002
 -3.1031795e-002
 -3.8958618e-002
 -3.2637847e-002
 -3.1644523e-002
  1.5912620e-009
 -1.4545390e-002
 -3.3316261e-002
 -1.6347359e-002
 -5.6380439e-002
 -6.0431283e-002
 -5.6478167e-002
 -6.0419908e-002
 -3.6312180e-002
 -5.2190868e-002
 -4.9791959e-002
 -6.2299194e-002
 -6.5228703e-002
 -4.0318355e-002
 -6.7844705e-002
 -4.6751106e-002
 -7.0388059e-002
 -7.4649563e-002
 -6.2809998e-002
 -5.1237190e-002
 -3.9951201e-002
 -2.9078255e-002
 -1.8819880e-002
 -9.1736795e-003
 -5.9284760e-009
  1.0821423e-014
 -2.9786535e-014
  2.4487344e-014
 -3.8924958e-002
 -4.2377499e-002
 -4.8662622e-002
 -5.7308357e-002
 -6.7538990e-002
 -7.8356797e-002
 -8.0338001e-002
 -7.8017995e-002
 -7.6408085e-002
 -7.0793854e-002
 -6.8172927e-002
 -6.2805497e-002
 -7.1221661e-002
 -6.7349827e-002
 -4.1642339e-002
 -3.9287482e-002
 -6.5357315e-002
 -5.0019556e-002
 -5.1697689e-002
 -5.2770509e-002
 -4.0632412e-002
 -2.4204653e-002
 -1.8859006e-003
 -3.4851328e-003
 -9.8523139e-003
 -2.0988003e-002
 -2.7013585e-002
 -4.6213665e-002
 -2.4324613e-002
 -2.2892952e-002
 -4.1720639e-002
 -2.7496298e-002
  5.7902612e-010
 -2.8103402e-009
 -2.5066174e-002
 -1.7815067e-002
 -2.9520069e-002
 -6.3317436e-002
 -6.2280404e-002
 -6.3059223e-002
 -4.4734592e-002
 -7.4732755e-002
 -6.4418246e-002
 -6.1057687e-002
 -6.6580102e-002
 -3.7473952e-002
 -6.8277842e-002
 -5.0432516e-002
 -7.2242033e-002
 -7.3935573e-002
 -6.2186033e-002
 -5.0642937e-002
 -3.9427173e-002
 -2.8626935e-002
 -1.8386826e-002
 -8.7199885e-003
 -5.6352686e-009
  1.0201601e-014
 -1.0579293e-014
 -5.5834819e-015
 -3.9442744e-002
 -4.2756637e-002
 -4.8804853e-002
 -5.7100522e-002
 -6.6902831e-002
 -7.5961307e-002
 -7.7312308e-002
 -7.5528829e-002
 -7.3163598e-002
 -6.8762506e-002
 -6.4230747e-002
 -6.3716796e-002
 -7.2136629e-002
 -6.4158682e-002
 -4.3452121e-002
 -5.2670181e-002
 -6.2330790e-002
 -4.1329439e-002
 -4.7748632e-002
 -4.4857235e-002
 -3.2924633e-002
 -2.5963891e-002
 -1.1236704e-002
 -7.4028777e-003
 -1.8271150e-002
 -2.1217097e-002
 -3.5880526e-002
 -5.5404113e-002
 -1.3993958e-002
 -2.4101481e-002
 -4.3309108e-002
 -9.1789277e-003
 -2.9281776e-003
 -6.6571308e-003
 -2.9016700e-002
 -1.0973529e-002
 -2.1751266e-002
 -6.4626506e-002
 -6.8887622e-002
 -6.2612592e-002
 -6.3446148e-002
 -6.1640750e-002
 -6.7787796e-002
 -6.2699270e-002
 -6.8535502e-002
 -4.0054839e-002
 -6.2384336e-002
 -5.9001099e-002
 -7.3117783e-002
 -7.2764319e-002
 -6.0656920e-002
 -4.9181340e-002
 -3.8177339e-002
 -2.7615271e-002
 -1.7583742e-002
 -8.1209927e-003
 -5.2482338e-009
  8.9097081e-014
 -1.8252676e-014
 -3.1990866e-015
 -4.0059601e-002
 -4.3207082e-002
 -4.8949481e-002
 -5.6797639e-002
 -6.6020278e-002
 -7.4045011e-002
 -7.4907483e-002
 -7.3746422e-002
 -7.1207692e-002
 -6.8430248e-002
 -6.4246859e-002
 -6.6112869e-002
 -7.8495384e-002
 -5.4584007e-002
 -5.0069327e-002
 -5.9345934e-002
 -5.8060186e-002
 -4.2419463e-002
 -4.6163990e-002
 -3.4082540e-002
 -3.9569732e-002
 -1.7170330e-002
 -3.1066654e-009
 -6.6983315e-003
 -2.3180723e-002
 -3.6257286e-002
 -3.4809903e-002
 -4.1809599e-002
 -2.5803477e-002
 -4.2916324e-002
 -2.2025108e-002
 -2.4870581e-010
 -1.6477558e-002
 -1.9222945e-002
 -3.2376962e-002
 -3.7574435e-002
 -2.0768669e-002
 -6.1835856e-002
 -6.1168817e-002
 -5.0665657e-002
 -7.2898046e-002
 -5.6693488e-002
 -6.0782832e-002
 -5.8773891e-002
 -5.6727411e-002
 -5.7749073e-002
 -6.8494623e-002
 -6.1412217e-002
 -7.1244696e-002
 -6.7558349e-002
 -5.6572828e-002
 -4.6047250e-002
 -3.5832375e-002
 -2.5881993e-002
 -1.6314918e-002
 -7.2951757e-003
 -4.7144967e-009
 -2.7010435e-014
  5.1244111e-014
 -3.9149379e-014
 -4.0731499e-002
 -4.3685303e-002
 -4.9100908e-002
 -5.6525613e-002
 -6.5275253e-002
 -7.2013900e-002
 -7.2438215e-002
 -7.1281129e-002
 -6.7845229e-002
 -6.3946799e-002
 -6.0678691e-002
 -6.8002422e-002
 -7.2697970e-002
 -4.8659469e-002
 -6.4376756e-002
 -6.0869421e-002
 -6.1971602e-002
 -4.6255775e-002
 -4.4440347e-002
 -3.9602285e-002
 -3.5964124e-002
 -7.1200425e-003
 -1.5565547e-002
 -1.0737185e-002
 -2.5653533e-002
 -4.3689523e-002
 -3.3623664e-002
 -3.9278415e-002
 -2.9243134e-002
 -2.3649246e-002
 -8.5464803e-003
 -2.1408291e-002
 -2.4153968e-002
 -2.9260271e-002
 -2.4383793e-002
 -4.6274650e-002
 -3.5729657e-002
 -5.7551605e-002
 -5.3998098e-002
 -4.9961681e-002
 -7.3283267e-002
 -5.9161313e-002
 -6.2919082e-002
 -6.8586580e-002
 -4.7159287e-002
 -7.3392105e-002
 -6.4654375e-002
 -6.0719676e-002
 -6.2305463e-002
 -6.0754297e-002
 -5.1414316e-002
 -4.2188902e-002
 -3.2997999e-002
 -2.3823879e-002
 -1.4837965e-002
 -6.3660440e-003
 -4.1140246e-009
 -1.5803336e-014
  1.7922569e-014
 -1.1425607e-014
 -4.1310982e-002
 -4.4053580e-002
 -4.9105900e-002
 -5.6027701e-002
 -6.4140773e-002
 -7.0035767e-002
 -6.9821725e-002
 -6.7862422e-002
 -6.5178630e-002
 -6.1572589e-002
 -6.0509129e-002
 -7.1147440e-002
 -5.8469933e-002
 -5.2526556e-002
 -6.2132722e-002
 -6.1962875e-002
 -6.0616345e-002
 -5.4101475e-002
 -4.0126068e-002
 -3.9966432e-002
 -1.2675161e-002
 -2.4588919e-002
 -2.9631231e-002
 -1.7610771e-002
 -3.0527318e-002
 -4.9684341e-002
 -4.9018336e-002
 -3.1073193e-002
 -2.6104400e-002
 -2.9285718e-002
 -2.3082710e-002
 -1.5338761e-002
 -5.7431501e-003
 -3.0740597e-002
 -2.5629046e-002
 -5.1721443e-002
 -5.7241817e-002
 -5.0279951e-002
 -5.2804182e-002
 -4.6639615e-002
 -6.3519646e-002
 -6.1484420e-002
 -6.1807328e-002
 -7.3571110e-002
 -4.5250767e-002
 -7.7402301e-002
 -6.0212448e-002
 -6.7758682e-002
 -5.8664529e-002
 -5.5217142e-002
 -4.7439551e-002
 -3.9254796e-002
 -3.0812978e-002
 -2.2235642e-002
 -1.3722320e-002
 -5.6834569e-003
 -3.6729026e-009
 -2.5873238e-014
  1.1332438e-014
  2.9286631e-015
 -4.1737046e-002
 -4.4258215e-002
 -4.8937715e-002
 -5.5371339e-002
 -6.2957774e-002
 -6.7365030e-002
 -6.6550367e-002
 -6.3183160e-002
 -6.0106268e-002
 -5.7460267e-002
 -6.0526901e-002
 -6.2143449e-002
 -4.8593534e-002
 -5.3281207e-002
 -5.9689329e-002
 -6.5888983e-002
 -5.8820337e-002
 -5.6274859e-002
 -3.5164414e-002
 -1.6238017e-002
 -3.0838633e-002
 -3.5773981e-002
 -3.0487456e-002
 -3.4623443e-002
 -4.2442320e-002
 -6.3574417e-002
 -4.0817217e-002
 -2.1524716e-002
 -3.4899819e-002
 -3.2351189e-002
 -2.7489796e-002
 -7.2340563e-003
 -1.1997371e-002
 -3.8553982e-002
 -3.5827935e-002
 -5.3267029e-002
 -5.3670102e-002
 -4.3718196e-002
 -5.5437637e-002
 -5.2174409e-002
 -5.2408166e-002
 -5.4629117e-002
 -6.0489237e-002
 -6.1541525e-002
 -6.1037758e-002
 -7.4831681e-002
 -5.5520487e-002
 -7.2984852e-002
 -6.0899714e-002
 -5.5417271e-002
 -4.6897095e-002
 -3.8474336e-002
 -3.0033562e-002
 -2.1587395e-002
 -1.3234237e-002
 -5.3438610e-003
 -3.4534687e-009
  6.5255000e-014
 -8.2896681e-014
  5.9161814e-014
 -4.1907392e-002
 -4.4162335e-002
 -4.8357395e-002
 -5.4122902e-002
 -6.0895929e-002
 -6.4364438e-002
 -6.3265591e-002
 -5.8941185e-002
 -5.4122501e-002
 -5.3931886e-002
 -6.3138993e-002
 -4.7448639e-002
 -4.4878370e-002
 -4.8853702e-002
 -5.8872238e-002
 -6.1709616e-002
 -5.2576612e-002
 -4.6886538e-002
 -2.7732924e-002
 -3.1627306e-002
 -3.3492082e-002
 -3.2904198e-002
 -2.9626329e-002
 -5.5936967e-002
 -5.5468246e-002
 -5.3342319e-002
 -3.9186318e-002
 -4.2107380e-002
 -4.3152302e-002
 -2.8570377e-002
 -3.0293882e-002
 -2.0170763e-002
 -2.9794696e-002
 -4.2006470e-002
 -3.1837502e-002
 -6.7174329e-002
 -5.1285594e-002
 -5.4788733e-002
 -4.6446485e-002
 -6.0161460e-002
 -4.9575727e-002
 -5.6017112e-002
 -5.3868106e-002
 -4.1039966e-002
 -6.4534159e-002
 -5.7144068e-002
 -5.5928184e-002
 -7.5742595e-002
 -6.3001176e-002
 -5.5345991e-002
 -4.6374052e-002
 -3.7841724e-002
 -2.9450340e-002
 -2.1130562e-002
 -1.2914803e-002
 -5.1462528e-003
 -3.3257840e-009
  9.1155979e-014
 -8.0793122e-014
  4.6843589e-014
 -4.1762052e-002
 -4.3704635e-002
 -4.7315594e-002
 -5.2301645e-002
 -5.8172712e-002
 -6.0508425e-002
 -5.9271386e-002
 -5.5670278e-002
 -5.2021765e-002
 -5.2325800e-002
 -5.0212062e-002
 -4.3815037e-002
 -3.8985534e-002
 -5.0830801e-002
 -5.2164125e-002
 -5.6794112e-002
 -5.6273379e-002
 -3.4885172e-002
 -4.1016237e-002
 -4.0082206e-002
 -2.9937616e-002
 -3.7459520e-002
 -4.0394287e-002
 -5.5169508e-002
 -5.3331138e-002
 -5.5182488e-002
 -5.0518781e-002
 -5.8372204e-002
 -4.6741722e-002
 -2.6997194e-002
 -3.6296747e-002
 -3.0907549e-002
 -4.1753274e-002
 -4.8369011e-002
 -3.5696520e-002
 -6.9754559e-002
 -5.2701208e-002
 -5.5701660e-002
 -5.0869645e-002
 -5.6576567e-002
 -4.6137196e-002
 -5.3977352e-002
 -4.9440541e-002
 -3.3294476e-002
 -5.9013929e-002
 -5.4102105e-002
 -6.2996518e-002
 -6.8777034e-002
 -5.8862865e-002
 -5.0504857e-002
 -4.3134545e-002
 -3.5652185e-002
 -2.7993468e-002
 -2.0186472e-002
 -1.2328245e-002
 -4.8182088e-003
 -3.1137454e-009
  5.1239928e-014
  2.9854361e-014
  8.9847209e-015
 -4.1275774e-002
 -4.2837688e-002
 -4.5702529e-002
 -4.9645356e-002
 -5.4299079e-002
 -5.4750519e-002
 -5.2164920e-002
 -4.7739560e-002
 -4.7501450e-002
 -5.7636602e-002
 -4.5483557e-002
 -3.6676617e-002
 -3.8957066e-002
 -4.6939399e-002
 -4.7824941e-002
 -4.9329081e-002
 -3.6051560e-002
 -4.6955975e-002
 -3.7595446e-002
 -4.9478273e-002
 -5.1053415e-002
 -6.0421104e-002
 -4.8628832e-002
 -4.8821243e-002
 -4.8143125e-002
 -5.1386522e-002
 -6.1583396e-002
 -5.4018878e-002
 -4.4560170e-002
 -3.6691642e-002
 -4.9278719e-002
 -4.6860975e-002
 -4.6523918e-002
 -5.9332100e-002
 -3.6784220e-002
 -6.3349432e-002
 -6.0383840e-002
 -4.7883985e-002
 -5.1851349e-002
 -4.8366081e-002
 -4.2553932e-002
 -5.9954889e-002
 -5.2131758e-002
 -4.0771009e-002
 -5.6197617e-002
 -5.7948043e-002
 -5.9689618e-002
 -5.8273101e-002
 -5.1813036e-002
 -4.5311765e-002
 -3.9357504e-002
 -3.2960219e-002
 -2.6132365e-002
 -1.8963126e-002
 -1.1585296e-002
 -4.4165579e-003
 -2.8541820e-009
  4.1994040e-014
 -4.8735771e-014
  3.2127567e-014
 -4.0347861e-002
 -4.1422830e-002
 -4.3379602e-002
 -4.6163769e-002
 -4.9680057e-002
 -4.9339750e-002
 -4.6831885e-002
 -4.3218532e-002
 -4.5531333e-002
 -4.3958943e-002
 -4.1032079e-002
 -3.6354221e-002
 -4.0749420e-002
 -5.1566507e-002
 -4.8565956e-002
 -3.5166416e-002
 -5.0395077e-002
 -5.1092258e-002
 -4.1835354e-002
 -4.5786316e-002
 -6.6792733e-002
 -5.5303373e-002
 -5.3818480e-002
 -5.3781060e-002
 -5.0854851e-002
 -4.3953004e-002
 -5.6173070e-002
 -6.4758816e-002
 -4.4276694e-002
 -5.5625829e-002
 -5.3272506e-002
 -5.9729452e-002
 -5.8535674e-002
 -5.1803940e-002
 -4.9668546e-002
 -5.5403249e-002
 -5.9534205e-002
 -5.7124668e-002
 -5.4884098e-002
 -5.0405308e-002
 -4.3531054e-002
 -5.0312363e-002
 -4.5629809e-002
 -4.4482306e-002
 -5.6580653e-002
 -5.6910313e-002
 -4.9478485e-002
 -5.3551145e-002
 -4.9141320e-002
 -4.1560625e-002
 -3.6119769e-002
 -3.0458344e-002
 -2.4330335e-002
 -1.7760618e-002
 -1.0863767e-002
 -4.0337279e-003
 -2.6067746e-009
 -2.0234663e-014
  3.8567170e-014
 -3.5969384e-014
 -3.8585819e-002
 -3.9013433e-002
 -3.9790575e-002
 -4.1167913e-002
 -4.3346286e-002
 -4.1775539e-002
 -3.8140776e-002
 -3.7619706e-002
 -4.5609902e-002
 -4.0371494e-002
 -3.1259041e-002
 -3.6511791e-002
 -4.9188361e-002
 -5.4543221e-002
 -3.3312696e-002
 -4.6920839e-002
 -6.5459570e-002
 -5.8409253e-002
 -4.0273060e-002
 -5.2947099e-002
 -5.6162707e-002
 -4.8321836e-002
 -4.9681033e-002
 -5.4712138e-002
 -4.9563551e-002
 -4.4123655e-002
 -6.2891189e-002
 -5.9865039e-002
 -6.3572055e-002
 -7.0999045e-002
 -6.0719409e-002
 -7.1007369e-002
 -6.2308370e-002
 -5.3732687e-002
 -6.1103288e-002
 -5.9478551e-002
 -6.2705079e-002
 -6.4867381e-002
 -5.2362058e-002
 -4.5551892e-002
 -4.7239131e-002
 -4.4549506e-002
 -3.5737465e-002
 -4.7087954e-002
 -4.7991487e-002
 -4.8311360e-002
 -4.8265057e-002
 -5.4375584e-002
 -5.2507478e-002
 -3.6350771e-002
 -3.1980195e-002
 -2.7337724e-002
 -2.2130889e-002
 -1.6324425e-002
 -1.0003201e-002
 -3.5589365e-003
 -2.2999669e-009
  5.2104865e-014
 -7.2122836e-014
  5.6165261e-014
 -3.5297778e-002
 -3.5071281e-002
 -3.4796263e-002
 -3.5085231e-002
 -3.6373992e-002
 -3.4028760e-002
 -3.1733792e-002
 -3.5351570e-002
 -3.5876204e-002
 -3.1097668e-002
 -3.5042993e-002
 -3.9002804e-002
 -4.6607040e-002
 -3.4438420e-002
 -4.5511558e-002
 -5.9670308e-002
 -5.5013985e-002
 -6.0467509e-002
 -4.9006369e-002
 -5.9556068e-002
 -5.9210074e-002
 -5.4094842e-002
 -5.1849854e-002
 -4.3675767e-002
 -4.1777714e-002
 -6.0021319e-002
 -6.7166763e-002
 -6.2439569e-002
 -8.1444554e-002
 -7.6760240e-002
 -7.1281794e-002
 -8.0653378e-002
 -6.9134820e-002
 -6.8360916e-002
 -7.6369772e-002
 -7.1044398e-002
 -6.6908508e-002
 -5.1193980e-002
 -4.8324822e-002
 -3.6620555e-002
 -4.4380339e-002
 -3.7756702e-002
 -3.7546483e-002
 -4.7733463e-002
 -3.4484126e-002
 -4.2688481e-002
 -5.4065213e-002
 -5.5594480e-002
 -4.8522228e-002
 -3.1711230e-002
 -2.7211326e-002
 -2.3203674e-002
 -1.9004128e-002
 -1.4204217e-002
 -8.6627164e-003
 -2.7133260e-003
 -1.7534415e-009
 -7.8199386e-014
  9.6530334e-014
 -7.4983909e-014
 -2.9642019e-002
 -2.9033136e-002
 -2.8124114e-002
 -2.7654708e-002
 -2.8176686e-002
 -2.5468625e-002
 -2.6899516e-002
 -3.0283262e-002
 -2.7432445e-002
 -2.9284520e-002
 -4.1356365e-002
 -3.5228618e-002
 -3.6685709e-002
 -4.7148748e-002
 -4.3500527e-002
 -5.0037322e-002
 -5.6745366e-002
 -5.6194269e-002
 -4.8128838e-002
 -7.1508396e-002
 -6.4009941e-002
 -6.7192516e-002
 -4.2085158e-002
 -4.2517525e-002
 -6.0683061e-002
 -7.8781202e-002
 -7.2644431e-002
 -7.2753372e-002
 -7.6169093e-002
 -7.4877514e-002
 -7.7772520e-002
 -8.5762857e-002
 -7.1598533e-002
 -7.7020414e-002
 -8.9085122e-002
 -6.6634754e-002
 -6.3237912e-002
 -4.5122082e-002
 -4.7450196e-002
 -4.8753629e-002
 -4.4779011e-002
 -3.8610556e-002
 -4.0669042e-002
 -4.2880537e-002
 -2.9486176e-002
 -3.8642302e-002
 -5.8920848e-002
 -5.6398407e-002
 -4.2943800e-002
 -2.1517883e-002
 -1.8587017e-002
 -1.6209008e-002
 -1.3731412e-002
 -1.0581965e-002
 -6.3479015e-003
 -8.7357825e-004
 -5.6457442e-010
  3.6016606e-014
 -5.4618752e-014
  4.7758848e-014
 -2.1137930e-002
 -2.0564269e-002
 -1.9375371e-002
 -1.8122956e-002
 -1.7536777e-002
 -1.4176849e-002
 -2.1475207e-002
 -2.5732197e-002
 -2.4637403e-002
 -3.1161048e-002
 -3.2536569e-002
 -4.3320876e-002
 -5.2042564e-002
 -3.9002525e-002
 -4.2755397e-002
 -5.0140696e-002
 -4.9293576e-002
 -5.0533633e-002
 -5.2444223e-002
 -6.6527256e-002
 -5.9026525e-002
 -5.5529318e-002
 -5.1090294e-002
 -6.5611736e-002
 -7.5740357e-002
 -8.3031176e-002
 -7.3971370e-002
 -8.3135594e-002
 -7.8773600e-002
 -6.8552614e-002
 -8.1508763e-002
 -8.1758552e-002
 -6.5985001e-002
 -7.5001862e-002
 -7.5394177e-002
 -5.8399656e-002
 -6.4707089e-002
 -5.4042274e-002
 -5.0745843e-002
 -5.3972088e-002
 -5.3006640e-002
 -4.6025633e-002
 -4.8871374e-002
 -4.2265685e-002
 -3.0118028e-002
 -3.5083234e-002
 -5.2179830e-002
 -5.3222568e-002
 -4.3388256e-002
 -6.7701417e-003
 -6.7139119e-003
 -6.6878126e-003
 -6.2812838e-003
 -5.1179528e-003
 -2.6820506e-003
 -1.8461853e-009
  7.4176603e-014
 -9.9545191e-014
  6.6335440e-014
 -4.3539659e-014
 -1.0425650e-002
 -9.8777324e-003
 -8.6037853e-003
 -7.1564719e-003
 -6.3347152e-003
 -6.8553282e-003
 -1.0935852e-002
 -1.4831054e-002
 -2.1961611e-002
 -2.2719752e-002
 -4.0559805e-002
 -5.1717144e-002
 -4.6464237e-002
 -4.3073611e-002
 -3.8114056e-002
 -4.6500031e-002
 -5.4951259e-002
 -4.4257518e-002
 -4.0222897e-002
 -4.6337048e-002
 -3.9779418e-002
 -4.4685975e-002
 -7.0052505e-002
 -8.5361007e-002
 -9.0693173e-002
 -9.2197772e-002
 -7.6742836e-002
 -8.2671253e-002
 -7.4411611e-002
 -5.9595575e-002
 -7.1560780e-002
 -6.7472660e-002
 -5.4036741e-002
 -6.0064082e-002
 -6.1338211e-002
 -5.2641394e-002
 -5.7254791e-002
 -5.7325115e-002
 -5.6631091e-002
 -5.4233320e-002
 -6.0750474e-002
 -4.4253457e-002
 -6.1472092e-002
 -4.4862139e-002
 -3.0353763e-002
 -3.7246032e-002
 -3.9251844e-002
 -4.0531379e-002
 -3.0334760e-002
 -1.1010048e-009
 -6.0778314e-010
 -8.6435213e-010
 -8.1189435e-010
 -6.6146463e-010
 -3.4665581e-010
  1.5348791e-014
 -4.3160466e-014
  6.7930173e-014
 -8.1515991e-014
  6.0797246e-014
 -1.3475599e-009
 -1.2770490e-009
 -1.1121024e-009
  6.1933796e-010
  2.3896190e-003
 -4.7699376e-009
 -7.3572494e-003
 -1.5198996e-002
 -1.4278738e-002
 -3.5201077e-002
 -4.0003481e-002
 -3.4529503e-002
 -3.9369398e-002
 -4.3924554e-002
 -4.0005380e-002
 -5.1319426e-002
 -3.6586951e-002
 -2.7347411e-002
 -2.3512698e-002
 -1.9500959e-002
 -4.2567499e-002
 -5.2418466e-002
 -6.9634228e-002
 -8.1156300e-002
 -9.1432490e-002
 -9.1565415e-002
 -8.0720536e-002
 -7.3861802e-002
 -6.3020185e-002
 -5.0835782e-002
 -4.8211444e-002
 -3.3991021e-002
 -3.5537985e-002
 -3.6830659e-002
 -4.7412481e-002
 -4.4897575e-002
 -5.7745387e-002
 -4.5049046e-002
 -5.3523940e-002
 -4.4894311e-002
 -5.9608220e-002
 -5.9358975e-002
 -6.2236866e-002
 -4.0771921e-002
 -3.3668574e-002
 -3.0796280e-002
 -3.8583725e-002
 -2.8451078e-002
 -1.1937024e-002
  5.8489907e-003
  2.0117852e-003
  1.4626055e-009
 -3.4469135e-014
  7.7867289e-016
  1.0272294e-014
  1.6646522e-014
 -3.8446624e-014
  3.6547748e-014
 -1.9225008e-014
  2.2971853e-015
  2.8739502e-014
 -7.1215611e-014
  5.8571083e-014
  3.7039384e-009
  6.2084877e-003
  4.0091961e-009
 -1.0762491e-002
 -1.2391468e-002
 -2.9127517e-002
 -2.4974988e-002
 -1.7648278e-002
 -3.0559648e-002
 -5.2381549e-002
 -4.0876160e-002
 -4.2982075e-002
 -4.7072283e-002
 -1.0535026e-002
 -2.7591064e-003
  7.7288934e-010
 -1.8793330e-002
 -5.1268567e-002
 -5.2496277e-002
 -5.5971727e-002
 -5.6559304e-002
 -7.6678200e-002
 -7.1015037e-002
 -7.1316831e-002
 -6.6842534e-002
 -4.7945130e-002
 -3.5448202e-002
 -3.2176027e-002
 -9.3114444e-003
 -1.3150006e-002
 -2.1116074e-002
 -3.9948044e-002
 -3.9031341e-002
 -5.1761436e-002
 -2.7610142e-002
 -5.0446300e-002
 -4.1438225e-002
 -4.6325437e-002
 -6.7207415e-002
 -5.7596754e-002
 -2.8632900e-002
 -1.4121211e-002
 -2.8181590e-002
 -3.8214618e-002
 -2.4756523e-002
 -7.4515432e-009
  1.5398813e-002
  7.2173255e-003
  1.2573739e-003
  8.1216860e-010
 -1.8154957e-014
 -1.8770396e-014
 -1.4341130e-014
  2.2453283e-014
 -2.0224931e-014
  2.8735266e-015
  3.8550937e-015
 -2.8907123e-014
  5.9300410e-014
 -6.0331139e-014
  6.0412458e-014
  8.0238080e-010
 -6.4053702e-010
 -9.9123628e-004
 -6.4981792e-003
 -1.1964490e-002
 -1.5098869e-002
 -1.7493969e-002
 -2.1295316e-002
 -2.4992248e-002
 -2.5315722e-002
 -2.4625484e-002
 -2.2322425e-002
 -1.6969021e-002
 -1.4283522e-002
 -1.5097300e-002
 -2.0203643e-002
 -2.7381367e-002
 -3.2384898e-002
 -3.6382592e-002
 -3.9713176e-002
 -4.3082972e-002
 -4.3521468e-002
 -4.2292844e-002
 -3.8977446e-002
 -3.3490527e-002
 -2.7985180e-002
 -2.3362542e-002
 -1.8984344e-002
 -1.8173612e-002
 -1.9995037e-002
 -2.3428067e-002
 -2.5786569e-002
 -2.7902445e-002
 -2.7809475e-002
 -3.0090572e-002
 -3.0830261e-002
 -3.1959801e-002
 -3.2891166e-002
 -2.9893724e-002
 -2.4044257e-002
 -1.9363396e-002
 -1.7385247e-002
 -1.4867080e-002
 -9.2876558e-003
 -2.0652419e-003
  6.5569452e-010
  9.3278170e-010
  1.6255149e-010
 -1.3603780e-014
 -3.2723409e-014
  6.7468688e-014
 -9.2557077e-014
  8.9639428e-014
 -5.8614896e-014
  1.0601747e-014
  1.2454381e-014
  4.2064160e-014
 -9.5256378e-014
  1.1299242e-013
 -1.1639994e-013
  1.0822108e-013
 -5.0788973e-014
 -1.2815333e-010
 -3.7463902e-009
 -4.4203948e-003
 -7.3308006e-003
 -9.5279094e-003
 -1.1332529e-002
 -1.2542010e-002
 -1.2837727e-002
 -1.2382747e-002
 -1.1352546e-002
 -1.0092751e-002
 -9.5040726e-003
 -1.0084236e-002
 -1.1911555e-002
 -1.4519809e-002
 -1.7159131e-002
 -1.9489212e-002
 -2.1352445e-002
 -2.2593751e-002
 -2.2880745e-002
 -2.2209918e-002
 -2.0648269e-002
 -1.8427020e-002
 -1.6009084e-002
 -1.3789452e-002
 -1.2105586e-002
 -1.1405966e-002
 -1.1656641e-002
 -1.2553629e-002
 -1.3631798e-002
 -1.4659941e-002
 -1.5436347e-002
 -1.6198629e-002
 -1.6695035e-002
 -1.6874202e-002
 -1.6503881e-002
 -1.5220374e-002
 -1.3173483e-002
 -1.0899686e-002
 -8.6035712e-003
 -5.8410360e-003
 -2.1169713e-003
 -1.6349817e-009
 -7.8559167e-014
  6.8460999e-014
 -4.0503825e-014
  3.8235843e-014
 -4.6790448e-014
  3.9402101e-014
 -3.8615798e-014
  4.8510872e-014
 -4.7534531e-014
  2.2528051e-014
  1.7323704e-015
  8.7770411e-015
 -2.1524093e-014
  3.5095684e-014
 -4.2562424e-014
  4.4163074e-014
 -4.4980603e-014
  6.1817964e-014
 -7.2025040e-014
 -5.7124448e-010
 -9.4753042e-010
 -1.2310525e-009
 -1.4647083e-009
 -1.6209436e-009
 -1.6588490e-009
 -1.6004105e-009
 -1.4673234e-009
 -1.3044575e-009
 -1.2284202e-009
 -1.3033549e-009
 -1.5395568e-009
 -3.7976157e-009
 -2.9527294e-003
 -4.5985688e-003
 -5.6985627e-003
 -6.3312530e-003
 -6.4761929e-003
 -6.1336168e-003
 -5.3327747e-003
 -4.1236471e-003
 -2.5123778e-003
 -1.4096687e-008
 -1.5645070e-009
 -1.4742305e-009
 -1.5066134e-009
 -1.6224916e-009
 -2.4180840e-009
 -8.1615403e-004
 -1.8449221e-003
 -2.4427747e-003
 -2.7646631e-003
 -2.8135623e-003
 -2.4998979e-003
 -1.5937959e-003
 -2.7341280e-009
 -1.4087545e-009
 -1.1120295e-009
 -7.5494043e-010
 -2.7366164e-010
 -3.3830652e-014
  4.0473813e-014
  3.5760560e-015
 -2.5510248e-014
  1.6526482e-014
  7.5992697e-016
 -1.9146728e-015
  2.6534668e-015
 -2.7038496e-014
  3.9051431e-014
 -2.2937923e-014
 -1.0227154e-015
 -5.4578002e-017
 -1.6646063e-015
 -4.6925877e-015
  1.5334839e-014
 -2.4594986e-014
  3.5858945e-014
 -5.8143330e-014
  8.7504026e-014
 -1.0665536e-013
  1.1362735e-013
 -8.4163553e-014
  7.2065246e-014
 -4.7491286e-014
  6.7079847e-014
 -8.2369195e-014
  1.0466910e-013
 -1.0949790e-013
  1.0174470e-013
 -7.9933716e-014
  4.8232944e-014
 -2.9261632e-014
 -3.8158082e-010
 -5.9445489e-010
 -7.3645403e-010
 -8.1835692e-010
 -8.3707131e-010
 -7.9269683e-010
 -6.8935067e-010
 -5.3290641e-010
 -3.2477613e-010
  7.0987200e-014
 -2.6411290e-014
 -2.6460714e-014
  7.7438877e-014
 -1.0238804e-013
  1.1059672e-013
 -1.0557644e-010
 -2.3837649e-010
 -3.1581352e-010
 -3.5723942e-010
 -3.6375477e-010
 -3.2301796e-010
 -2.0608273e-010
  7.6688650e-014
 -8.1770587e-014
  8.7990310e-014
 -6.7632535e-014
  1.8971570e-014
  3.4664553e-014
 -2.6215530e-014
 -2.6654891e-014
  7.5185005e-014
 -9.4670147e-014
  9.6073817e-014
 -9.0895125e-014
  7.7587888e-014
 -5.2527022e-014
  3.7299661e-014
 -4.4146554e-014
  3.9705990e-014
