 -6.5505250e-001
 -4.2000840e-016
  9.9161963e-016
 -7.0706266e-016
  2.2440822e-016
  9.7851605e-018
 -6.4992478e-016
  3.0290471e-016
 -9.1616572e-017
  1.5163082e-016
 -8.6051890e-015
 -8.8874334e-016
 -7.7161149e-016
 -3.2507920e-015
 -3.5110850e-015
 -4.0913278e-015
 -3.4150652e-015
 -3.8847015e-015
 -3.0024975e-015
 -2.8693129e-015
 -2.5865433e-015
 -2.1951374e-015
 -1.8776503e-015
 -1.8697751e-015
 -1.6528222e-015
 -1.4435401e-015
 -1.2180882e-015
 -7.5250527e-016
  1.3185842e-016
 -1.7329157e-016
 -2.0485361e-015
 -1.8004177e-016
 -3.0837603e-016
 -4.0390974e-016
  1.1658490e-015
  9.5367929e-017
 -7.6098566e-016
 -1.3730872e-015
 -1.8245594e-015
 -2.0896408e-015
 -2.2288067e-015
 -4.3284217e-015
  5.0355328e-016
 -4.9520079e-016
 -7.4416791e-015
 -6.6863115e-015
 -3.9672360e-015
  5.3524076e-015
 -8.0289276e-015
  7.1774099e-015
 -5.9424454e-015
  1.5306765e-015
  1.5146510e-015
 -1.3807413e-015
  6.2909916e-016
 -2.5321950e-016
  1.3854582e-016
 -1.0610594e-016
  8.5083433e-017
 -4.2390874e-017
  1.2607791e-017
  1.0846271e-015
 -1.1343246e-015
 -7.8390260e-016
  1.2999812e-015
 -1.6086492e-015
  1.9913379e-015
 -1.7107734e-015
  1.9228851e-015
 -8.6550664e-014
  2.5410016e-012
  1.0568469e-014
 -3.0591129e-010
 -5.3304494e-010
 -6.6698085e-010
 -7.2852406e-010
 -7.2378606e-010
 -6.7790257e-010
 -6.1643342e-010
 -5.5509281e-010
 -4.8538646e-010
 -4.1835746e-010
 -3.6906540e-010
 -3.4272093e-010
 -3.1338971e-010
 -2.7278306e-010
 -2.1737716e-010
 -1.3590071e-010
  1.1919388e-012
  3.5716105e-014
  1.3187778e-013
  6.4267018e-015
  6.1140186e-014
  3.6389172e-014
 -4.0831393e-013
 -9.9644539e-013
 -1.4192039e-010
 -2.5824434e-010
 -3.4757366e-010
 -4.0989574e-010
 -4.5387493e-010
 -4.6543172e-010
 -4.1311018e-010
 -2.4578780e-010
  1.1166073e-012
  1.6651968e-012
 -1.0567011e-013
 -1.4063297e-015
  6.7901969e-015
 -1.8680740e-014
  2.2714101e-014
 -1.7522436e-014
  4.5103962e-015
  1.7158289e-015
 -2.1775617e-015
  1.1651572e-015
 -5.1206825e-016
  3.0719778e-016
 -3.1300624e-016
  1.7821812e-016
  9.0460938e-018
  4.8255181e-016
 -4.8082915e-015
 -2.0707965e-015
 -1.0660171e-017
  2.4936680e-016
 -1.0690505e-014
  1.6271792e-014
 -2.2669015e-013
 -7.9728499e-011
 -8.9135833e-010
 -2.4315413e-009
 -5.2471886e-003
 -9.1430804e-003
 -1.1440301e-002
 -1.2495872e-002
 -1.2414601e-002
 -1.1627595e-002
 -1.0573256e-002
 -9.5211528e-003
 -8.3255360e-003
 -7.1758440e-003
 -6.3303864e-003
 -5.8785435e-003
 -5.3754635e-003
 -4.6789937e-003
 -3.7287052e-003
 -2.3313477e-003
  2.1053354e-005
 -8.2438922e-010
 -7.2676060e-010
 -7.1511146e-010
 -7.9574798e-010
 -8.8958429e-010
 -9.3291795e-010
 -1.6575197e-005
 -2.4345642e-003
 -4.4296370e-003
 -5.9617944e-003
 -7.0307350e-003
 -7.7850477e-003
 -7.9833723e-003
 -7.0859557e-003
 -4.2156447e-003
 -2.4694182e-009
 -4.1451795e-010
 -2.2039165e-010
 -2.0452522e-013
  6.7569180e-014
  9.2531122e-015
 -2.9892636e-014
  1.8839363e-014
 -1.2449417e-014
  4.3430126e-015
  3.1338955e-015
 -3.2790897e-015
  1.7263694e-015
 -3.9883459e-016
  6.5491767e-016
 -9.7764595e-016
  3.8047618e-016
  1.2873835e-013
 -7.0575220e-014
 -5.5735724e-013
 -1.6696083e-013
  1.1645092e-012
 -3.8388711e-011
  8.3838821e-016
 -6.6510411e-010
 -1.5857703e-003
 -9.3190936e-003
 -1.5827992e-002
 -2.1813329e-002
 -2.7115611e-002
 -3.1414751e-002
 -3.3732468e-002
 -3.2216817e-002
 -2.9453103e-002
 -2.7065681e-002
 -2.6637625e-002
 -2.4428414e-002
 -2.2043159e-002
 -2.0686811e-002
 -2.1796430e-002
 -2.1316000e-002
 -2.0228835e-002
 -1.9062692e-002
 -1.8260330e-002
 -1.6330277e-002
 -1.4146498e-002
 -1.2469101e-002
 -1.2265070e-002
 -1.3574387e-002
 -1.5216992e-002
 -1.6295915e-002
 -1.5921105e-002
 -1.7645195e-002
 -2.0245300e-002
 -2.2620551e-002
 -2.3358267e-002
 -2.5108808e-002
 -2.6852470e-002
 -2.7208688e-002
 -2.3698683e-002
 -1.7757646e-002
 -1.0918790e-002
 -3.9228002e-003
 -2.0284090e-009
 -5.6344772e-010
 -4.0872297e-010
 -5.1642774e-010
 -6.9214017e-014
 -7.3030890e-015
  1.1248653e-014
  1.9661816e-010
  1.6215061e-014
 -6.8444976e-015
  1.1206702e-015
  1.1226067e-015
  3.4684184e-015
 -4.0623520e-015
 -7.4552404e-010
 -7.3655682e-010
 -1.0674077e-010
 -7.1375408e-010
 -1.1672897e-009
 -6.5919983e-004
  4.3827434e-009
 -3.4815263e-003
 -1.3937246e-002
 -2.6056399e-002
 -3.0055293e-002
 -3.6824229e-002
 -4.6431102e-002
 -5.8331475e-002
 -7.1528762e-002
 -5.6223821e-002
 -4.3985069e-002
 -3.2904804e-002
 -5.1806227e-002
 -4.0881042e-002
 -3.1545944e-002
 -2.2525898e-002
 -4.4627827e-002
 -3.8846432e-002
 -3.4405830e-002
 -3.0404193e-002
 -3.6718651e-002
 -2.9980739e-002
 -2.3746302e-002
 -1.7138552e-002
 -1.6981889e-002
 -2.4535431e-002
 -3.1250596e-002
 -3.7306342e-002
 -1.8946847e-002
 -2.6979217e-002
 -3.5843476e-002
 -4.6128660e-002
 -3.3553163e-002
 -4.1072072e-002
 -5.0490708e-002
 -6.3241507e-002
 -5.0350150e-002
 -3.5467620e-002
 -2.3098778e-002
 -1.4497948e-002
 -1.5177894e-002
 -9.6724744e-003
 -7.0144060e-003
 -8.8603814e-003
 -2.5828930e-009
 -1.2486770e-013
  1.4656183e-009
  3.3726831e-003
  9.8309529e-010
  3.5729885e-014
 -1.6795826e-014
 -7.8922565e-015
  5.5374389e-015
  6.6037199e-015
 -1.2840417e-002
 -1.2604210e-002
 -1.2340166e-002
 -1.2396329e-002
 -1.3110574e-002
 -1.4514680e-002
 -5.5569034e-003
 -5.7999261e-003
 -2.2050331e-002
 -3.8544551e-002
 -4.7121839e-002
 -4.2165652e-002
 -5.3938574e-002
 -6.9515904e-002
 -8.6020076e-002
 -6.6215554e-002
 -5.2735500e-002
 -4.2269660e-002
 -6.4017779e-002
 -4.9571331e-002
 -4.0826200e-002
 -3.1518719e-002
 -5.7237409e-002
 -4.9788517e-002
 -4.6763065e-002
 -4.1270997e-002
 -4.9632374e-002
 -4.1422074e-002
 -3.6744695e-002
 -2.4579001e-002
 -2.6717862e-002
 -4.1415694e-002
 -5.1070188e-002
 -4.1357423e-002
 -2.4105499e-002
 -3.4943449e-002
 -4.7523274e-002
 -5.1214391e-002
 -3.9271447e-002
 -4.8625215e-002
 -6.1567273e-002
 -7.3570441e-002
 -5.8549765e-002
 -4.1100906e-002
 -2.9919473e-002
 -3.0364199e-002
 -2.8352944e-002
 -2.1031746e-002
 -1.7284733e-002
 -1.4005516e-002
 -4.0819088e-009
  2.2388682e-009
  5.1172759e-003
  8.5429375e-010
  7.6395505e-014
  2.2861800e-014
  2.9559492e-014
 -3.5159969e-014
 -9.1824734e-015
  6.8055242e-015
 -2.3333150e-002
 -2.3520232e-002
 -2.4061265e-002
 -2.5225130e-002
 -2.7284183e-002
 -3.0487380e-002
 -2.4607419e-002
 -1.8277369e-002
 -2.8048367e-002
 -4.7649258e-002
 -5.9255508e-002
 -5.3006810e-002
 -5.2696484e-002
 -6.8041205e-002
 -8.5029977e-002
 -7.4698788e-002
 -5.1113536e-002
 -4.3968360e-002
 -6.0059550e-002
 -6.5457799e-002
 -4.4913143e-002
 -3.6114956e-002
 -5.5846789e-002
 -6.9817453e-002
 -6.2459597e-002
 -4.4054795e-002
 -4.9959426e-002
 -6.1957490e-002
 -5.4030894e-002
 -3.0499184e-002
 -3.3229888e-002
 -6.8746897e-002
 -7.8763484e-002
 -3.6166313e-002
 -2.3471034e-002
 -4.1899488e-002
 -6.1581208e-002
 -4.5483389e-002
 -3.5945515e-002
 -4.8487205e-002
 -7.6836507e-002
 -6.6289945e-002
 -5.3257824e-002
 -4.1802620e-002
 -4.8816099e-002
 -3.5375036e-002
 -3.4349069e-002
 -2.8901874e-002
 -3.0116560e-002
 -1.4393643e-002
 -9.7668144e-010
  6.5338237e-003
  5.3487033e-010
  2.7039905e-014
 -1.6326016e-014
  1.5621263e-014
 -9.8908169e-015
 -1.7471289e-014
 -5.8350919e-015
  1.8999588e-014
 -3.0981938e-002
 -3.1589901e-002
 -3.2911203e-002
 -3.5107252e-002
 -3.8322471e-002
 -4.2674678e-002
 -3.7730529e-002
 -3.4131595e-002
 -3.4898743e-002
 -4.7022103e-002
 -5.9452299e-002
 -6.1296799e-002
 -6.0329887e-002
 -6.3615926e-002
 -7.7714908e-002
 -7.3529835e-002
 -5.9439049e-002
 -4.6738894e-002
 -6.6821496e-002
 -6.3576067e-002
 -4.6436345e-002
 -3.1012473e-002
 -5.3403046e-002
 -8.1411752e-002
 -6.0713819e-002
 -4.3992496e-002
 -4.9364280e-002
 -7.7700968e-002
 -4.9373355e-002
 -4.4791268e-002
 -4.4124354e-002
 -8.8299159e-002
 -7.1020928e-002
 -5.3091248e-002
 -4.0116979e-002
 -5.1828985e-002
 -4.1419942e-002
 -4.9474253e-002
 -4.2138795e-002
 -5.6105457e-002
 -5.0499984e-002
 -5.7210380e-002
 -4.8570149e-002
 -5.1959369e-002
 -3.9680372e-002
 -4.1885051e-002
 -3.9906041e-002
 -3.8920694e-002
 -2.1739961e-002
 -1.3776205e-002
  1.1353199e-009
 -2.4144898e-009
  6.3768879e-014
  8.4580849e-017
 -1.5100994e-015
 -2.3598849e-014
  1.8239749e-014
  1.1131672e-014
 -9.6762940e-015
 -1.3923734e-014
 -3.6240385e-002
 -3.7297828e-002
 -3.9443589e-002
 -4.2720762e-002
 -4.7160118e-002
 -5.2818702e-002
 -4.9297964e-002
 -4.4497829e-002
 -4.0543343e-002
 -5.0882134e-002
 -5.5512905e-002
 -6.4018738e-002
 -5.9613538e-002
 -6.2375199e-002
 -6.4079992e-002
 -6.3553146e-002
 -6.0251099e-002
 -4.5925846e-002
 -5.7575808e-002
 -5.0980407e-002
 -5.7811009e-002
 -4.2640566e-002
 -5.9936334e-002
 -6.4768441e-002
 -6.2148764e-002
 -4.9143557e-002
 -5.2817201e-002
 -7.3618008e-002
 -5.4554961e-002
 -6.1806933e-002
 -6.1464654e-002
 -8.8584952e-002
 -6.4199015e-002
 -5.7087948e-002
 -5.2265894e-002
 -5.6497536e-002
 -3.6407187e-002
 -3.9167966e-002
 -5.1237282e-002
 -4.4554046e-002
 -3.7453685e-002
 -4.7311758e-002
 -5.8439815e-002
 -4.4756571e-002
 -2.3948306e-002
 -4.1995361e-002
 -5.0732608e-002
 -3.5703640e-002
 -1.0419848e-002
 -1.1338750e-002
 -1.2665982e-002
 -5.5261445e-003
 -2.2935258e-009
 -2.4212114e-010
  1.3382087e-013
  3.4860578e-016
 -3.6204937e-014
  4.0799911e-014
  8.4127071e-015
 -2.3226373e-014
 -3.9553737e-002
 -4.1060374e-002
 -4.4016293e-002
 -4.8320779e-002
 -5.3853251e-002
 -6.0552917e-002
 -5.7955433e-002
 -5.1820206e-002
 -4.9770077e-002
 -5.1176355e-002
 -5.6012054e-002
 -6.0651622e-002
 -5.4763343e-002
 -5.9962759e-002
 -5.6361412e-002
 -5.6969726e-002
 -5.0891519e-002
 -4.5794279e-002
 -4.9936007e-002
 -4.2834280e-002
 -6.1583457e-002
 -4.9160793e-002
 -6.5589756e-002
 -5.2261510e-002
 -6.2846879e-002
 -5.2298089e-002
 -5.7663792e-002
 -6.0528055e-002
 -6.2749327e-002
 -8.1700963e-002
 -7.5934432e-002
 -7.4835361e-002
 -5.7565747e-002
 -6.0603369e-002
 -5.5131186e-002
 -3.2555836e-002
 -4.0206233e-002
 -4.4419266e-002
 -6.0122625e-002
 -1.9649659e-002
 -2.1404680e-002
 -4.5648081e-002
 -5.4851120e-002
 -2.6899104e-002
 -1.6777830e-002
 -5.7440825e-002
 -4.9169164e-002
 -2.8223126e-002
 -6.8569888e-003
 -2.8827233e-002
 -2.4728711e-002
 -1.8278157e-002
 -1.1330356e-002
 -4.1645965e-003
 -1.5076651e-009
  1.0034563e-013
 -3.5893236e-014
  3.4316708e-014
 -1.1418049e-014
 -4.0759507e-015
 -4.1453348e-002
 -4.3375716e-002
 -4.7077102e-002
 -5.2310726e-002
 -5.8785164e-002
 -6.6267076e-002
 -6.4106995e-002
 -5.8018183e-002
 -5.7986769e-002
 -5.6350571e-002
 -5.4822375e-002
 -5.8493461e-002
 -5.2425335e-002
 -5.2124223e-002
 -5.4962268e-002
 -5.5369221e-002
 -4.1114396e-002
 -4.0261018e-002
 -5.0513774e-002
 -5.4747714e-002
 -4.3160000e-002
 -4.7663201e-002
 -5.4917774e-002
 -5.0801493e-002
 -6.2699213e-002
 -7.4370230e-002
 -5.2697960e-002
 -4.1311429e-002
 -6.7423389e-002
 -9.8234914e-002
 -6.9275277e-002
 -4.7254467e-002
 -6.4623600e-002
 -6.6135855e-002
 -4.4613310e-002
 -1.0799095e-003
 -3.0731247e-002
 -6.2730161e-002
 -5.3826459e-002
 -1.0518091e-002
 -2.2057397e-002
 -4.7123553e-002
 -4.9936538e-002
 -5.5314375e-003
 -2.8052979e-002
 -4.9432355e-002
 -4.2609500e-002
 -2.3181882e-002
 -1.9492003e-002
 -4.4578549e-002
 -3.7235293e-002
 -2.9755804e-002
 -2.1964555e-002
 -1.3633360e-002
 -5.0283852e-003
 -1.4767286e-009
  8.8948842e-013
 -3.1844353e-014
 -4.3735617e-015
  5.4100347e-015
 -4.2453526e-002
 -4.4744315e-002
 -4.9122678e-002
 -5.5241998e-002
 -6.2703015e-002
 -7.1194706e-002
 -7.0068202e-002
 -6.5043102e-002
 -6.4836489e-002
 -6.2663053e-002
 -5.3987522e-002
 -5.3798999e-002
 -5.4990490e-002
 -4.6400616e-002
 -4.3586211e-002
 -5.3591396e-002
 -3.5772564e-002
 -3.3322885e-002
 -4.1092380e-002
 -5.3327472e-002
 -2.8287239e-002
 -5.6006759e-002
 -6.5649467e-002
 -4.0553331e-002
 -5.7359335e-002
 -8.2391777e-002
 -6.4408734e-002
 -3.2297171e-002
 -7.1717657e-002
 -1.0428761e-001
 -5.9488652e-002
 -2.5429503e-002
 -6.8045316e-002
 -6.1756496e-002
 -2.9111719e-002
 -1.4018389e-002
 -3.6644310e-002
 -6.2001974e-002
 -3.6765023e-002
 -6.7911097e-003
 -2.9060318e-002
 -5.3535484e-002
 -4.3933985e-002
 -2.0689378e-002
 -2.4455054e-002
 -3.5950255e-002
 -2.5204766e-002
 -1.5743217e-002
 -4.0772325e-002
 -6.2009391e-002
 -4.9627631e-002
 -3.9249924e-002
 -2.9688758e-002
 -2.0243210e-002
 -1.0608010e-002
 -6.0523718e-008
  1.9984665e-013
 -2.7009278e-015
  2.1232276e-015
 -3.6803740e-015
 -4.2914873e-002
 -4.5494679e-002
 -5.0410888e-002
 -5.7243031e-002
 -6.5492126e-002
 -7.4724075e-002
 -7.4133921e-002
 -7.0530446e-002
 -6.9312643e-002
 -6.8111314e-002
 -5.8029762e-002
 -5.2589816e-002
 -5.5956652e-002
 -4.6384989e-002
 -3.4064770e-002
 -4.5694068e-002
 -3.6656372e-002
 -3.0676638e-002
 -3.4122466e-002
 -5.0471588e-002
 -3.3076132e-002
 -5.0749935e-002
 -6.7964318e-002
 -4.3554360e-002
 -4.8651123e-002
 -8.2854455e-002
 -7.3830836e-002
 -2.6039036e-002
 -6.2088364e-002
 -9.4276525e-002
 -4.3782022e-002
 -3.0779730e-002
 -7.2183444e-002
 -4.1407861e-002
 -2.7377883e-002
 -2.9619881e-002
 -4.6212909e-002
 -4.3159640e-002
 -2.7114271e-002
 -2.7277440e-002
 -3.7420793e-002
 -4.5821088e-002
 -3.2661043e-002
 -2.6078249e-002
 -2.4813106e-002
 -4.1456146e-002
 -4.2754705e-002
 -2.7561763e-002
 -3.9810661e-002
 -6.1350923e-002
 -5.1422807e-002
 -4.1954691e-002
 -3.2526727e-002
 -2.2856679e-002
 -1.2956598e-002
 -3.4608278e-003
 -1.0087840e-009
 -2.4556861e-014
  1.0553058e-015
 -6.0973470e-015
 -4.3089486e-002
 -4.5882984e-002
 -5.1210017e-002
 -5.8619503e-002
 -6.7571925e-002
 -7.7589793e-002
 -7.7837784e-002
 -7.4892921e-002
 -7.2163136e-002
 -7.3097637e-002
 -6.2363741e-002
 -5.3483933e-002
 -5.2991662e-002
 -4.7270064e-002
 -3.7167214e-002
 -4.0631993e-002
 -4.1565646e-002
 -2.3807200e-002
 -4.0397066e-002
 -5.4903813e-002
 -4.6658488e-002
 -3.9936724e-002
 -6.1821924e-002
 -5.8215396e-002
 -2.7150114e-002
 -5.9295068e-002
 -6.2208120e-002
 -4.0267670e-002
 -5.6399011e-002
 -6.6227202e-002
 -4.7101362e-002
 -4.7290793e-002
 -5.9348651e-002
 -4.5559711e-002
 -4.1447878e-002
 -3.8035130e-002
 -2.7805323e-002
 -1.6789212e-002
 -3.8961017e-002
 -5.3625046e-002
 -3.4465722e-002
 -3.0177496e-002
 -2.4947603e-002
 -2.9905822e-002
 -3.4370705e-002
 -5.3714125e-002
 -6.3618403e-002
 -2.4600564e-002
 -3.3404678e-002
 -5.8122000e-002
 -5.0651266e-002
 -4.2313974e-002
 -3.3252002e-002
 -2.3547240e-002
 -1.3457274e-002
 -3.8061489e-003
 -1.1094576e-009
 -2.7390573e-014
  3.8072878e-016
 -4.8667606e-015
 -4.3093812e-002
 -4.6025655e-002
 -5.1626178e-002
 -5.9437974e-002
 -6.8912223e-002
 -7.9561161e-002
 -8.0549285e-002
 -7.7689897e-002
 -7.4927021e-002
 -7.3995742e-002
 -6.4573294e-002
 -5.6740174e-002
 -5.3047533e-002
 -4.7295202e-002
 -4.5472570e-002
 -4.0951878e-002
 -4.1848788e-002
 -3.0796702e-002
 -4.3679226e-002
 -6.0536017e-002
 -4.5985899e-002
 -2.8312983e-002
 -4.9303049e-002
 -5.9507102e-002
 -3.3948556e-002
 -4.2596755e-002
 -5.8327757e-002
 -3.5976852e-002
 -4.3145825e-002
 -6.1963950e-002
 -4.2519272e-002
 -4.5811794e-002
 -3.9548633e-002
 -2.8967643e-002
 -4.8101061e-002
 -5.0922830e-002
 -2.5662508e-002
 -3.2943569e-002
 -4.1911820e-002
 -4.9438516e-002
 -2.8550934e-002
 -2.8781468e-002
 -1.7800313e-002
 -2.2814206e-002
 -4.6649854e-002
 -5.8568416e-002
 -5.7032299e-002
 -3.8768315e-002
 -4.3867740e-002
 -6.3583789e-002
 -5.4019999e-002
 -4.4430529e-002
 -3.4518422e-002
 -2.4198554e-002
 -1.3677991e-002
 -3.7659414e-003
 -1.0977395e-009
 -2.6936547e-014
  2.9104584e-016
 -4.5397823e-015
 -4.2997785e-002
 -4.5998648e-002
 -5.1736308e-002
 -5.9749052e-002
 -6.9474276e-002
 -8.0388882e-002
 -8.1586291e-002
 -7.8368826e-002
 -7.7470078e-002
 -7.6315167e-002
 -6.8972451e-002
 -5.9076130e-002
 -5.4249871e-002
 -5.2429545e-002
 -5.1020205e-002
 -4.7029642e-002
 -3.2297485e-002
 -3.8602319e-002
 -4.4087549e-002
 -5.2088639e-002
 -5.1663977e-002
 -2.9519816e-002
 -4.1315617e-002
 -5.4457078e-002
 -3.1559370e-002
 -3.6955802e-002
 -4.0548618e-002
 -2.4138609e-002
 -5.1595342e-002
 -4.2149316e-002
 -3.1767545e-002
 -4.5216430e-002
 -3.9536465e-002
 -2.0518228e-002
 -4.2190316e-002
 -4.5378165e-002
 -4.2446649e-002
 -5.0120409e-002
 -3.3463613e-002
 -4.8308140e-002
 -3.4370727e-002
 -1.4041166e-002
 -2.7833448e-002
 -3.6697018e-002
 -5.3169698e-002
 -5.6203622e-002
 -4.7117066e-002
 -4.4723605e-002
 -5.3573360e-002
 -6.8204155e-002
 -5.7113315e-002
 -4.6405040e-002
 -3.5655295e-002
 -2.4725519e-002
 -1.3793317e-002
 -3.6338575e-003
 -1.0592369e-009
 -2.5943509e-014
  5.0280310e-016
 -4.6809281e-015
 -4.2909567e-002
 -4.5934692e-002
 -5.1724219e-002
 -5.9821749e-002
 -6.9669374e-002
 -8.0743179e-002
 -8.2124497e-002
 -7.9002861e-002
 -7.8498542e-002
 -7.6409619e-002
 -7.2135301e-002
 -6.2307137e-002
 -5.8479728e-002
 -5.4874589e-002
 -5.0147943e-002
 -5.1836529e-002
 -3.3557937e-002
 -4.1359946e-002
 -4.6109922e-002
 -5.5823192e-002
 -5.4620615e-002
 -3.2133043e-002
 -1.4977506e-002
 -4.6367086e-002
 -2.6857396e-002
 -2.9404460e-002
 -2.7587224e-002
 -2.4086571e-002
 -4.5110768e-002
 -3.4047954e-002
 -3.1050526e-002
 -4.4998852e-002
 -2.5223156e-002
 -1.6073657e-002
 -2.3593074e-002
 -4.4771968e-002
 -4.7823130e-002
 -3.3688071e-002
 -5.3302047e-002
 -5.7784078e-002
 -3.1896633e-002
 -2.3372540e-002
 -3.8719068e-002
 -4.7040330e-002
 -6.1375820e-002
 -6.5222602e-002
 -4.9578418e-002
 -4.4169382e-002
 -5.4961624e-002
 -6.8430420e-002
 -5.7926693e-002
 -4.7157947e-002
 -3.6124928e-002
 -2.4890867e-002
 -1.3712342e-002
 -3.3580105e-003
 -9.7882559e-010
 -2.3792468e-014
  5.3485894e-016
 -4.5545095e-015
 -4.2914280e-002
 -4.5928382e-002
 -5.1703521e-002
 -5.9798244e-002
 -6.9677064e-002
 -8.0846292e-002
 -8.2422279e-002
 -7.9609854e-002
 -7.8120366e-002
 -7.5128877e-002
 -7.2680561e-002
 -6.3815876e-002
 -5.9354048e-002
 -5.8986818e-002
 -5.2060701e-002
 -3.8866232e-002
 -4.5374277e-002
 -5.5148742e-002
 -4.2227650e-002
 -5.2857402e-002
 -4.8638485e-002
 -3.1915534e-002
 -2.1483158e-002
 -3.8424604e-002
 -3.2199959e-002
 -7.4730684e-003
 -1.6433348e-002
 -9.8042637e-003
 -2.2955642e-002
 -4.0852488e-002
 -3.3356580e-002
 -3.0765559e-002
 -1.1264599e-002
 -4.8921109e-003
 -4.2132012e-002
 -3.8448312e-002
 -3.1759560e-002
 -5.1786747e-002
 -6.3107251e-002
 -5.2971421e-002
 -3.2567518e-002
 -3.6064152e-002
 -5.1095479e-002
 -5.8188874e-002
 -6.3881427e-002
 -5.4172144e-002
 -5.3940557e-002
 -4.1957082e-002
 -6.3715587e-002
 -7.2133914e-002
 -6.0138848e-002
 -4.8418233e-002
 -3.6757241e-002
 -2.5112997e-002
 -1.3673214e-002
 -3.1291260e-003
 -9.1210285e-010
 -2.2082066e-014
  7.1494408e-016
 -4.6816704e-015
 -4.3024768e-002
 -4.5985939e-002
 -5.1664746e-002
 -5.9638252e-002
 -6.9399366e-002
 -8.0496247e-002
 -8.2130418e-002
 -7.9603413e-002
 -7.7734141e-002
 -7.3405195e-002
 -7.0481461e-002
 -6.1945145e-002
 -6.3020945e-002
 -6.1399689e-002
 -5.0251439e-002
 -3.8781118e-002
 -5.8344395e-002
 -5.5354556e-002
 -3.8391954e-002
 -5.2141346e-002
 -4.0309773e-002
 -2.6742307e-002
 -3.6575492e-003
 -2.7399814e-002
 -2.2271482e-002
 -4.5622586e-009
 -2.4869577e-002
 -7.9667263e-003
 -2.8838103e-002
 -3.7091221e-002
 -3.1234405e-002
 -3.0490594e-002
  1.3904876e-009
 -1.3746464e-002
 -3.2582325e-002
 -1.5509276e-002
 -5.5745982e-002
 -5.9760678e-002
 -5.5545990e-002
 -5.9537014e-002
 -3.5669056e-002
 -5.1711570e-002
 -4.9425310e-002
 -6.1898038e-002
 -6.4971499e-002
 -4.0039500e-002
 -6.7608979e-002
 -4.6563800e-002
 -7.0125045e-002
 -7.4606244e-002
 -6.1588318e-002
 -4.9172703e-002
 -3.7055671e-002
 -2.5122677e-002
 -1.3493682e-002
 -2.7434990e-003
 -7.9968421e-010
 -1.9201138e-014
  1.0250048e-015
 -4.9478325e-015
 -4.3210941e-002
 -4.6076380e-002
 -5.1571205e-002
 -5.9283139e-002
 -6.8712006e-002
 -7.9276087e-002
 -8.0586584e-002
 -7.7946918e-002
 -7.6204675e-002
 -7.0370755e-002
 -6.7757406e-002
 -6.2197048e-002
 -7.0480975e-002
 -6.6449950e-002
 -4.0571612e-002
 -3.8058277e-002
 -6.4057253e-002
 -4.8611732e-002
 -5.0238446e-002
 -5.0996743e-002
 -3.8451301e-002
 -2.1755163e-002
 -7.3729466e-010
 -1.6315345e-009
 -5.8227531e-003
 -1.8095548e-002
 -2.4647805e-002
 -4.3862399e-002
 -2.1915859e-002
 -2.0556064e-002
 -3.9740893e-002
 -2.6085308e-002
  1.3121011e-009
 -9.4070018e-010
 -2.4605435e-002
 -1.6672128e-002
 -2.8189754e-002
 -6.1869021e-002
 -6.0931858e-002
 -6.1833477e-002
 -4.3946487e-002
 -7.4052419e-002
 -6.3903559e-002
 -6.0643799e-002
 -6.6334018e-002
 -3.7259472e-002
 -6.8210350e-002
 -5.0536664e-002
 -7.2316310e-002
 -7.4103202e-002
 -6.1140750e-002
 -4.8674771e-002
 -3.6504095e-002
 -2.4520248e-002
 -1.2768289e-002
 -1.3044276e-003
 -3.8014563e-010
 -9.0327837e-015
  1.1009576e-015
 -4.1705636e-015
 -4.3470979e-002
 -4.6222815e-002
 -5.1504917e-002
 -5.8933184e-002
 -6.8055295e-002
 -7.6915178e-002
 -7.7680445e-002
 -7.5614644e-002
 -7.3053413e-002
 -6.8562505e-002
 -6.3835324e-002
 -6.3291968e-002
 -7.1345598e-002
 -6.3417583e-002
 -4.2327189e-002
 -5.1564005e-002
 -6.0949912e-002
 -3.9989861e-002
 -4.6286243e-002
 -4.3404293e-002
 -3.1061281e-002
 -2.3601813e-002
 -8.0854437e-003
 -4.2298778e-003
 -1.6196047e-002
 -1.9150025e-002
 -3.3650651e-002
 -5.3007182e-002
 -1.1056287e-002
 -2.0921494e-002
 -3.9703593e-002
 -4.1437334e-003
  1.1333412e-009
 -3.9494026e-009
 -2.4376845e-002
 -6.8785055e-003
 -1.8968499e-002
 -6.2591397e-002
 -6.7335038e-002
 -6.1334080e-002
 -6.2430267e-002
 -6.0811646e-002
 -6.7162167e-002
 -6.2282603e-002
 -6.8222678e-002
 -3.9871472e-002
 -6.2406253e-002
 -5.9288501e-002
 -7.3456231e-002
 -7.3136664e-002
 -5.9712891e-002
 -4.7161943e-002
 -3.5048357e-002
 -2.3082797e-002
 -1.1118026e-002
 -3.5374758e-009
  3.5019884e-012
 -7.7207623e-015
  1.3144610e-015
 -3.4994567e-015
 -4.3766118e-002
 -4.6379803e-002
 -5.1397755e-002
 -5.8453846e-002
 -6.7110446e-002
 -7.5028416e-002
 -7.5374705e-002
 -7.4023576e-002
 -7.1181172e-002
 -6.8355297e-002
 -6.3945945e-002
 -6.5768302e-002
 -7.7875329e-002
 -5.3887664e-002
 -4.9239765e-002
 -5.8408402e-002
 -5.6932009e-002
 -4.1088444e-002
 -4.4761602e-002
 -3.2684273e-002
 -3.8348357e-002
 -1.6353853e-002
 -8.4915181e-010
 -5.5099240e-003
 -2.1986442e-002
 -3.4622520e-002
 -3.2921998e-002
 -3.9952809e-002
 -2.4188129e-002
 -4.1840602e-002
 -2.1311505e-002
  7.1188975e-010
 -1.5780205e-002
 -1.8573761e-002
 -3.1622407e-002
 -3.6335338e-002
 -1.9256825e-002
 -6.0438735e-002
 -5.9892133e-002
 -4.9556249e-002
 -7.1865577e-002
 -5.5857918e-002
 -6.0064589e-002
 -5.8306370e-002
 -5.6334027e-002
 -5.7675252e-002
 -6.8619699e-002
 -6.1792517e-002
 -7.1789366e-002
 -6.8038403e-002
 -5.5654406e-002
 -4.3880836e-002
 -3.2295539e-002
 -2.0556278e-002
 -8.8655190e-003
 -2.5835029e-009
 -1.0767964e-013
 -1.9836974e-014
  1.6585141e-014
  2.1547673e-015
 -4.4056545e-002
 -4.6527210e-002
 -5.1278322e-002
 -5.7980494e-002
 -6.6255836e-002
 -7.2953024e-002
 -7.2932770e-002
 -7.1720674e-002
 -6.7947923e-002
 -6.3865125e-002
 -6.0489404e-002
 -6.7625005e-002
 -7.2345373e-002
 -4.8131292e-002
 -6.3889491e-002
 -6.0340970e-002
 -6.1143297e-002
 -4.5288159e-002
 -4.3243392e-002
 -3.8296380e-002
 -3.4561220e-002
 -4.9569620e-003
 -1.4034656e-002
 -9.2561303e-003
 -2.4507292e-002
 -4.2521461e-002
 -3.2388447e-002
 -3.8005653e-002
 -2.7775914e-002
 -2.2044697e-002
 -6.5759477e-003
 -2.0336017e-002
 -2.3746671e-002
 -2.8935383e-002
 -2.3929006e-002
 -4.5680967e-002
 -3.4983113e-002
 -5.6773235e-002
 -5.3172484e-002
 -4.9066688e-002
 -7.2507796e-002
 -5.8362008e-002
 -6.2223103e-002
 -6.7936699e-002
 -4.6647787e-002
 -7.3249539e-002
 -6.4762421e-002
 -6.1080817e-002
 -6.2847779e-002
 -6.1205448e-002
 -5.0406622e-002
 -3.9785222e-002
 -2.9011717e-002
 -1.7980207e-002
 -7.3189713e-003
 -2.1335188e-009
 -5.5248360e-014
  6.0105293e-015
  6.9434827e-016
  3.0352841e-015
 -4.4227875e-002
 -4.6535585e-002
 -5.0975152e-002
 -5.7238090e-002
 -6.4961894e-002
 -7.0886109e-002
 -7.0308540e-002
 -6.8281173e-002
 -6.5372490e-002
 -6.1513223e-002
 -6.0509375e-002
 -7.1091916e-002
 -5.8310044e-002
 -5.2423363e-002
 -6.1988226e-002
 -6.1680646e-002
 -6.0217383e-002
 -5.3560844e-002
 -3.9533466e-002
 -3.9537386e-002
 -1.2279980e-002
 -2.4432718e-002
 -2.9440178e-002
 -1.7233962e-002
 -3.0169447e-002
 -4.9349225e-002
 -4.8610912e-002
 -3.0474650e-002
 -2.5275347e-002
 -2.8285083e-002
 -2.1811033e-002
 -1.3507563e-002
 -1.8437579e-003
 -2.8701127e-002
 -2.4240485e-002
 -5.0868071e-002
 -5.6724882e-002
 -4.9839547e-002
 -5.2314628e-002
 -4.6089577e-002
 -6.2955319e-002
 -6.0909778e-002
 -6.1214012e-002
 -7.2888453e-002
 -4.4694307e-002
 -7.7094703e-002
 -6.0207177e-002
 -6.8009360e-002
 -5.9026436e-002
 -5.5411186e-002
 -4.6125884e-002
 -3.6489539e-002
 -2.6417765e-002
 -1.6013706e-002
 -6.0029336e-003
 -1.7498597e-009
 -3.8707637e-014
 -1.0614403e-014
 -9.6783560e-015
  2.1795686e-014
 -4.4193171e-002
 -4.6329187e-002
 -5.0448521e-002
 -5.6287702e-002
 -6.3559955e-002
 -6.8028200e-002
 -6.6937037e-002
 -6.3445160e-002
 -6.0413188e-002
 -5.7613228e-002
 -6.0705683e-002
 -6.2460200e-002
 -4.8855461e-002
 -5.3421227e-002
 -5.9809169e-002
 -6.5946646e-002
 -5.8805801e-002
 -5.6319865e-002
 -3.5304791e-002
 -1.6440392e-002
 -3.1175014e-002
 -3.6123120e-002
 -3.0810670e-002
 -3.4925748e-002
 -4.2630927e-002
 -6.3792713e-002
 -4.0904539e-002
 -2.1368068e-002
 -3.4788150e-002
 -3.2111236e-002
 -2.6937184e-002
 -6.1631077e-003
 -1.1281489e-002
 -3.7970049e-002
 -3.5143148e-002
 -5.2700391e-002
 -5.3303683e-002
 -4.3551809e-002
 -5.5378559e-002
 -5.2058656e-002
 -5.2144151e-002
 -5.4315667e-002
 -6.0108916e-002
 -6.1210049e-002
 -6.0655844e-002
 -7.4521997e-002
 -5.5376744e-002
 -7.3045043e-002
 -6.0951401e-002
 -5.5262266e-002
 -4.5181289e-002
 -3.5275235e-002
 -2.5197790e-002
 -1.4949741e-002
 -5.2012035e-003
 -1.5162028e-009
 -3.3141645e-014
  2.0831821e-014
 -2.9364966e-014
  2.9622608e-015
 -4.3803519e-002
 -4.5721034e-002
 -4.9422129e-002
 -5.4671794e-002
 -6.1208513e-002
 -6.4799053e-002
 -6.3551436e-002
 -5.9140363e-002
 -5.4490888e-002
 -5.4430539e-002
 -6.3663150e-002
 -4.7925199e-002
 -4.5347840e-002
 -4.9322577e-002
 -5.9270307e-002
 -6.2113868e-002
 -5.3060278e-002
 -4.7560324e-002
 -2.8422756e-002
 -3.2273400e-002
 -3.4053923e-002
 -3.3426632e-002
 -3.0097197e-002
 -5.6498082e-002
 -5.6002064e-002
 -5.3939701e-002
 -3.9802298e-002
 -4.2823118e-002
 -4.3988861e-002
 -2.9400856e-002
 -3.1337864e-002
 -2.1171443e-002
 -3.0674123e-002
 -4.2694745e-002
 -3.2264856e-002
 -6.7277494e-002
 -5.1259789e-002
 -5.4928708e-002
 -4.6725926e-002
 -6.0367303e-002
 -4.9690184e-002
 -5.6018757e-002
 -5.3936158e-002
 -4.1028578e-002
 -6.4368862e-002
 -5.6978891e-002
 -5.5781767e-002
 -7.5582122e-002
 -6.2763866e-002
 -5.4794456e-002
 -4.4211399e-002
 -3.4182265e-002
 -2.4166734e-002
 -1.4066639e-002
 -4.4942434e-003
 -1.3100478e-009
 -2.8986267e-014
 -1.1920344e-014
 -1.1230659e-014
  2.1950855e-014
 -4.2970266e-002
 -4.4625096e-002
 -4.7829252e-002
 -5.2397461e-002
 -5.8135400e-002
 -6.0726644e-002
 -5.9579353e-002
 -5.6073998e-002
 -5.2588937e-002
 -5.3014396e-002
 -5.0968172e-002
 -4.4588329e-002
 -3.9680792e-002
 -5.1517220e-002
 -5.2818015e-002
 -5.7534802e-002
 -5.7183836e-002
 -3.5769776e-002
 -4.1895195e-002
 -4.0842471e-002
 -3.0645585e-002
 -3.8122949e-002
 -4.1084498e-002
 -5.5909701e-002
 -5.4057028e-002
 -5.6071487e-002
 -5.1502823e-002
 -5.9655252e-002
 -4.8102955e-002
 -2.8413759e-002
 -3.7806525e-002
 -3.2248464e-002
 -4.3076535e-002
 -4.9594863e-002
 -3.6738164e-002
 -7.0598971e-002
 -5.3272278e-002
 -5.6112238e-002
 -5.1253706e-002
 -5.7000216e-002
 -4.6595108e-002
 -5.4348157e-002
 -4.9736079e-002
 -3.3531939e-002
 -5.9229484e-002
 -5.4222861e-002
 -6.2930505e-002
 -6.8467785e-002
 -5.8396523e-002
 -4.9547506e-002
 -4.0523362e-002
 -3.1515844e-002
 -2.2205769e-002
 -1.2579969e-002
 -3.2194995e-003
 -9.3844064e-010
 -1.8754531e-014
 -1.4002882e-015
 -8.6303598e-016
 -1.2304258e-015
 -4.1576545e-002
 -4.2912927e-002
 -4.5516556e-002
 -4.9259585e-002
 -5.4003549e-002
 -5.4889301e-002
 -5.2646501e-002
 -4.8462565e-002
 -4.8420064e-002
 -5.8620334e-002
 -4.6417491e-002
 -3.7556582e-002
 -3.9771188e-002
 -4.7739479e-002
 -4.8665055e-002
 -5.0242959e-002
 -3.6844089e-002
 -4.7832455e-002
 -3.8508487e-002
 -5.0481883e-002
 -5.2037993e-002
 -6.1370299e-002
 -4.9538656e-002
 -4.9667748e-002
 -4.9085374e-002
 -5.2558147e-002
 -6.2777003e-002
 -5.5418837e-002
 -4.6105382e-002
 -3.8306892e-002
 -5.0956214e-002
 -4.8360705e-002
 -4.8109919e-002
 -6.0845748e-002
 -3.8187691e-002
 -6.4678058e-002
 -6.1535898e-002
 -4.8717606e-002
 -5.2473652e-002
 -4.8879650e-002
 -4.3157508e-002
 -6.0626250e-002
 -5.2703969e-002
 -4.1266254e-002
 -5.6612779e-002
 -5.8194860e-002
 -5.9685874e-002
 -5.8012447e-002
 -5.1265471e-002
 -4.4064401e-002
 -3.6309716e-002
 -2.8289258e-002
 -1.9727754e-002
 -1.0541361e-002
 -1.1795704e-006
 -1.4034167e-013
 -4.1078510e-015
 -2.4914347e-015
 -1.7869334e-015
  7.6423221e-015
 -3.9433580e-002
 -4.0423535e-002
 -4.2402657e-002
 -4.5366285e-002
 -4.9337916e-002
 -4.9665298e-002
 -4.7649338e-002
 -4.4221069e-002
 -4.6627273e-002
 -4.4993606e-002
 -4.1998374e-002
 -3.7277746e-002
 -4.1635088e-002
 -5.2475673e-002
 -4.9501996e-002
 -3.5929755e-002
 -5.1206393e-002
 -5.1961897e-002
 -4.2788843e-002
 -4.6893192e-002
 -6.7911069e-002
 -5.6467012e-002
 -5.5013641e-002
 -5.4973504e-002
 -5.2140412e-002
 -4.5302524e-002
 -5.7540781e-002
 -6.6206566e-002
 -4.5812251e-002
 -5.7148840e-002
 -5.4929334e-002
 -6.1312667e-002
 -6.0194818e-002
 -5.3449291e-002
 -5.1298831e-002
 -5.6999590e-002
 -6.0964672e-002
 -5.8361005e-002
 -5.6030846e-002
 -5.1254432e-002
 -4.4285657e-002
 -5.1128038e-002
 -4.6336322e-002
 -4.5058280e-002
 -5.7124139e-002
 -5.7282321e-002
 -4.9537050e-002
 -5.3344300e-002
 -4.8586949e-002
 -4.0143422e-002
 -3.2654279e-002
 -2.5124017e-002
 -1.7050196e-002
 -8.2067196e-003
 -2.3965583e-009
  2.9357652e-012
 -1.4362210e-013
  4.8162810e-015
  8.2979985e-016
 -3.1777135e-015
 -3.6112947e-002
 -3.6720389e-002
 -3.8004056e-002
 -4.0067219e-002
 -4.3024248e-002
 -4.2229197e-002
 -3.9119370e-002
 -3.8713193e-002
 -4.6720997e-002
 -4.1369694e-002
 -3.2116572e-002
 -3.7335876e-002
 -5.0076628e-002
 -5.5449275e-002
 -3.4163667e-002
 -4.7810740e-002
 -6.6370803e-002
 -5.9296682e-002
 -4.1333140e-002
 -5.4076463e-002
 -5.7237218e-002
 -4.9645491e-002
 -5.1182218e-002
 -5.6216823e-002
 -5.1050297e-002
 -4.5586110e-002
 -6.4401051e-002
 -6.1286217e-002
 -6.5029748e-002
 -7.2351241e-002
 -6.2086824e-002
 -7.2405939e-002
 -6.3798244e-002
 -5.5238978e-002
 -6.2648616e-002
 -6.1100571e-002
 -6.4241417e-002
 -6.6389562e-002
 -5.3820434e-002
 -4.6936460e-002
 -4.8356365e-002
 -4.5533013e-002
 -3.6575866e-002
 -4.7839195e-002
 -4.8603296e-002
 -4.8737642e-002
 -4.8412436e-002
 -5.4208081e-002
 -5.1932253e-002
 -3.4705325e-002
 -2.7984165e-002
 -2.1091497e-002
 -1.3524259e-002
 -5.2593334e-003
 -1.5327337e-009
  3.2527100e-012
 -1.6322948e-013
 -4.8716422e-016
  1.9524010e-015
 -2.9659086e-016
 -3.1108185e-002
 -3.1376435e-002
 -3.2065562e-002
 -3.3416456e-002
 -3.5698337e-002
 -3.4255814e-002
 -3.2535742e-002
 -3.6309653e-002
 -3.6774098e-002
 -3.1816235e-002
 -3.5676395e-002
 -3.9681142e-002
 -4.7340708e-002
 -3.5193679e-002
 -4.6404351e-002
 -6.0706504e-002
 -5.5902784e-002
 -6.1380236e-002
 -4.9949847e-002
 -6.0556261e-002
 -6.0318123e-002
 -5.5440764e-002
 -5.3300482e-002
 -4.5042203e-002
 -4.3150078e-002
 -6.1472513e-002
 -6.8504085e-002
 -6.3719285e-002
 -8.2700981e-002
 -7.7884443e-002
 -7.2266861e-002
 -8.1597017e-002
 -7.0337161e-002
 -6.9553042e-002
 -7.7581772e-002
 -7.2447991e-002
 -6.8293204e-002
 -5.2670264e-002
 -4.9808398e-002
 -3.8066958e-002
 -4.5817622e-002
 -3.9001630e-002
 -3.8495270e-002
 -4.8530456e-002
 -3.5106004e-002
 -4.3081247e-002
 -5.4139163e-002
 -5.5273378e-002
 -4.7569793e-002
 -2.9448990e-002
 -2.2234083e-002
 -1.5418063e-002
 -8.0904533e-003
 -2.9031041e-009
 -4.3421730e-010
  1.0808663e-011
 -9.6196918e-014
  4.9206184e-015
 -9.0831499e-015
  3.6417043e-015
 -2.3579047e-002
 -2.3538856e-002
 -2.3714430e-002
 -2.4470539e-002
 -2.6224612e-002
 -2.4670508e-002
 -2.6871769e-002
 -3.0476209e-002
 -2.7606830e-002
 -2.9461262e-002
 -4.1618688e-002
 -3.5538848e-002
 -3.7082986e-002
 -4.7680005e-002
 -4.4205742e-002
 -5.0837293e-002
 -5.7444559e-002
 -5.6776335e-002
 -4.8725101e-002
 -7.2216240e-002
 -6.4775928e-002
 -6.7989337e-002
 -4.2799837e-002
 -4.3180523e-002
 -6.1518470e-002
 -7.9611374e-002
 -7.3405212e-002
 -7.3516780e-002
 -7.6914401e-002
 -7.5543255e-002
 -7.8294389e-002
 -8.6164935e-002
 -7.2190404e-002
 -7.7714953e-002
 -8.9714292e-002
 -6.7494774e-002
 -6.4166085e-002
 -4.6028519e-002
 -4.8561252e-002
 -4.9905069e-002
 -4.5990884e-002
 -3.9715089e-002
 -4.1563519e-002
 -4.3457886e-002
 -2.9795399e-002
 -3.8706182e-002
 -5.8607084e-002
 -5.5401856e-002
 -4.0768394e-002
 -1.7348092e-002
 -1.1217527e-002
 -5.2543006e-003
 -2.0089234e-009
 -1.1031642e-011
  2.1031643e-012
 -1.2029962e-013
  2.4496293e-014
  2.8149495e-014
  7.3156992e-015
 -1.3796106e-014
 -1.2154617e-002
 -1.1815015e-002
 -1.1567188e-002
 -1.1656838e-002
 -1.2491798e-002
 -1.0363669e-002
 -1.9078732e-002
 -2.4251954e-002
 -2.3750183e-002
 -3.0620916e-002
 -3.2205043e-002
 -4.3104314e-002
 -5.1958606e-002
 -3.9037554e-002
 -4.2877469e-002
 -5.0300668e-002
 -4.9519463e-002
 -5.0665705e-002
 -5.2535579e-002
 -6.6486337e-002
 -5.8849243e-002
 -5.5217904e-002
 -5.0619664e-002
 -6.5154202e-002
 -7.5436244e-002
 -8.2657709e-002
 -7.3640496e-002
 -8.2858347e-002
 -7.8566016e-002
 -6.8492884e-002
 -8.1383679e-002
 -8.1554675e-002
 -6.5923474e-002
 -7.5045857e-002
 -7.5257028e-002
 -5.8445751e-002
 -6.4814080e-002
 -5.4077792e-002
 -5.0947340e-002
 -5.4257694e-002
 -5.3312329e-002
 -4.6428844e-002
 -4.9188954e-002
 -4.2446682e-002
 -3.0077094e-002
 -3.4684169e-002
 -5.1300150e-002
 -5.1330751e-002
 -3.9654884e-002
 -2.5088330e-009
 -6.5405308e-010
 -3.0638727e-010
  1.3662467e-013
 -4.4919490e-014
 -4.1100100e-014
  3.8177643e-014
  7.0730422e-015
  7.9232158e-015
 -1.3346684e-014
  4.3483266e-015
 -7.0893050e-010
 -6.8902014e-010
 -6.7458943e-010
 -6.8000652e-010
 -7.1533557e-010
 -1.5621111e-009
 -4.7297312e-003
 -1.0958929e-002
 -1.9897345e-002
 -2.1590672e-002
 -3.9942532e-002
 -5.1252936e-002
 -4.6044011e-002
 -4.2614783e-002
 -3.7642683e-002
 -4.6164557e-002
 -5.4906255e-002
 -4.4108320e-002
 -3.9692795e-002
 -4.5459424e-002
 -3.8722855e-002
 -4.3529308e-002
 -6.8810775e-002
 -8.4151456e-002
 -8.9484072e-002
 -9.1017900e-002
 -7.5594376e-002
 -8.1627841e-002
 -7.3537732e-002
 -5.8986577e-002
 -7.1037689e-002
 -6.7069245e-002
 -5.3810292e-002
 -5.9795539e-002
 -6.0736154e-002
 -5.2087326e-002
 -5.6749953e-002
 -5.6742262e-002
 -5.6066497e-002
 -5.3724102e-002
 -6.0280743e-002
 -4.3951163e-002
 -6.1415125e-002
 -4.4876633e-002
 -3.0546959e-002
 -3.7592374e-002
 -3.9565953e-002
 -4.0926907e-002
 -3.0554270e-002
 -9.8497866e-010
 -1.6456912e-014
 -7.4099039e-015
  6.8247270e-016
 -2.1360716e-014
  2.3763241e-014
  2.9317943e-015
 -7.8466458e-016
 -6.2838858e-015
  2.8474256e-015
  7.9702779e-017
  4.2277993e-014
 -5.9172445e-015
 -6.5696015e-014
  3.4704461e-014
  3.6795426e-009
 -2.5699887e-009
 -6.2247516e-003
 -1.3934066e-002
 -1.3073122e-002
 -3.4407942e-002
 -3.9465169e-002
 -3.3961499e-002
 -3.8657438e-002
 -4.3060813e-002
 -3.9136734e-002
 -5.0639639e-002
 -3.6120384e-002
 -2.6676912e-002
 -2.2333943e-002
 -1.8188165e-002
 -4.1577213e-002
 -5.1443865e-002
 -6.8722968e-002
 -8.0264005e-002
 -9.0558452e-002
 -9.0744814e-002
 -7.9874177e-002
 -7.3044094e-002
 -6.2319294e-002
 -5.0289151e-002
 -4.7681236e-002
 -3.3586493e-002
 -3.5275793e-002
 -3.6486345e-002
 -4.6797386e-002
 -4.4246567e-002
 -5.7174786e-002
 -4.4395361e-002
 -5.2898388e-002
 -4.4365760e-002
 -5.9184843e-002
 -5.9027426e-002
 -6.2244929e-002
 -4.1019494e-002
 -3.4072480e-002
 -3.1680706e-002
 -4.0193840e-002
 -3.0972869e-002
 -1.5869860e-002
  1.8509729e-009
  1.7240800e-013
 -9.7947026e-015
  2.2742149e-014
 -4.0296417e-016
 -1.2120936e-014
 -3.8486911e-016
  2.8883639e-015
  1.2494484e-015
 -1.1973649e-015
  1.3452398e-017
 -4.3206112e-015
  8.5385565e-015
  1.1915568e-013
 -1.5364892e-010
  5.6776879e-009
 -1.2471553e-009
 -1.0593738e-002
 -1.0925391e-002
 -2.6928790e-002
 -2.2376855e-002
 -1.4918683e-002
 -2.7997256e-002
 -4.9921286e-002
 -3.8346093e-002
 -4.0301014e-002
 -4.3998695e-002
 -6.7434907e-003
 -2.0792599e-009
  2.4764709e-009
 -1.7497711e-002
 -4.9897805e-002
 -5.1224013e-002
 -5.4703505e-002
 -5.5292234e-002
 -7.5623336e-002
 -6.9913427e-002
 -7.0066657e-002
 -6.5511969e-002
 -4.6539446e-002
 -3.3834990e-002
 -2.9940531e-002
 -6.2135928e-003
 -1.0547017e-002
 -1.8965705e-002
 -3.8018882e-002
 -3.7232090e-002
 -5.0142595e-002
 -2.5950324e-002
 -4.8865780e-002
 -4.0051130e-002
 -4.5001972e-002
 -6.5857995e-002
 -5.6097297e-002
 -2.7045705e-002
 -1.2140535e-002
 -2.6274615e-002
 -3.6496346e-002
 -2.3298902e-002
 -4.4693210e-009
  1.1056036e-002
  3.2162565e-009
  6.7760807e-013
 -2.5311954e-014
  1.9384091e-015
 -1.2235012e-015
  3.9582431e-015
  7.9157659e-017
 -1.4662841e-015
  1.4466408e-016
  3.2945918e-016
 -1.3416875e-015
 -4.5687875e-015
 -5.3199991e-015
  9.6130658e-014
 -2.3878758e-012
  2.6800034e-014
 -6.1766985e-010
 -6.4523035e-010
 -3.0039681e-009
 -4.5608854e-003
 -8.6395591e-003
 -1.3702476e-002
 -1.8181750e-002
 -1.8790062e-002
 -1.7953262e-002
 -1.5182895e-002
 -9.1182634e-003
 -6.1481618e-003
 -7.8956943e-003
 -1.4197413e-002
 -2.2468625e-002
 -2.8133919e-002
 -3.2466798e-002
 -3.5943141e-002
 -3.9403842e-002
 -3.9855713e-002
 -3.8548231e-002
 -3.5073039e-002
 -2.9329070e-002
 -2.3408975e-002
 -1.8213405e-002
 -1.3233646e-002
 -1.2207383e-002
 -1.4242127e-002
 -1.8086718e-002
 -2.0791451e-002
 -2.3147664e-002
 -2.3155101e-002
 -2.5502469e-002
 -2.6265995e-002
 -2.7366066e-002
 -2.8131528e-002
 -2.4673050e-002
 -1.7904888e-002
 -1.2087844e-002
 -9.1353435e-003
 -5.5539219e-003
 -3.0595017e-009
  2.3684283e-012
  6.4454024e-010
  1.4142926e-013
 -1.2779489e-014
 -1.3860598e-015
 -4.6491484e-016
  5.2474019e-015
 -2.7614394e-015
  1.5995686e-016
 -6.8194620e-017
  2.7330103e-016
 -1.4489077e-016
  8.7429516e-015
 -2.2129904e-014
  5.2357564e-015
  2.2903455e-014
  4.0470834e-014
 -5.8730924e-014
 -7.0246334e-014
 -2.1004368e-014
 -1.5960612e-012
 -2.6597452e-010
 -4.9551893e-010
 -9.2179058e-010
 -1.0628364e-009
 -7.7664793e-010
 -1.1826009e-009
 -8.6869883e-010
 -5.2813829e-010
 -3.6650951e-010
 -1.6907027e-010
  4.1021408e-009
 -5.5547551e-003
 -9.6946500e-003
 -1.2622094e-002
 -1.4714610e-002
 -1.6032027e-002
 -1.6333326e-002
 -1.5623557e-002
 -1.3926235e-002
 -1.1370151e-002
 -8.2792833e-003
 -4.8455810e-003
 -5.3145230e-004
 -9.6366929e-010
 -2.1701389e-009
 -1.9423091e-003
 -4.4790758e-003
 -6.2629348e-003
 -7.4692279e-003
 -8.4722601e-003
 -9.0245568e-003
 -9.0507651e-003
 -8.1472316e-003
 -5.4153620e-003
  2.1262748e-009
 -6.9478229e-010
 -5.2863339e-010
 -3.2398252e-010
  5.4962509e-013
 -3.0813051e-015
 -2.3873469e-014
 -9.2026182e-015
  1.7970293e-014
  6.0685470e-015
 -9.6237151e-015
 -1.9775328e-015
  4.6317195e-015
 -1.9317236e-015
  4.1851166e-016
 -7.9886683e-017
  2.0129854e-017
 -2.0182281e-015
  1.2354617e-014
 -2.9305110e-014
  2.1097848e-014
  1.4799879e-014
  5.3116936e-015
 -4.2273281e-014
  1.7382486e-014
 -3.7588959e-015
 -3.2040881e-014
 -9.3377412e-014
  1.6260731e-012
  1.2032791e-013
 -2.2263289e-012
  6.7558182e-013
  3.0505041e-013
 -1.1224526e-013
  3.5483756e-013
  1.6826607e-012
 -3.0508020e-013
 -3.2384223e-010
 -5.6520966e-010
 -7.3585510e-010
 -8.5791881e-010
 -9.3482912e-010
 -9.5268686e-010
 -9.1101501e-010
 -8.1195655e-010
 -6.6286061e-010
 -4.8269149e-010
 -2.8250033e-010
 -3.0938350e-011
 -1.2151325e-011
 -3.5694711e-012
 -1.1322069e-010
 -2.6112588e-010
 -3.6513065e-010
 -4.3546088e-010
 -4.9393977e-010
 -5.2613988e-010
 -5.2766542e-010
 -4.7498639e-010
 -3.1570973e-010
 -2.4146526e-013
  8.4457099e-013
 -6.0976761e-014
  2.4365508e-014
 -8.3531636e-017
 -8.8986393e-015
  2.5730672e-015
  4.5369006e-015
  6.6762583e-015
 -1.0132345e-014
 -2.3782185e-015
  6.9001410e-015
 -3.2125165e-015
  6.0191266e-016
 -5.2648474e-017
  3.8009120e-017
 -3.1391582e-017
 -1.5137395e-016
 -9.8268469e-016
  7.6745179e-015
 -1.9268622e-014
  1.9083117e-014
 -4.0318589e-015
  6.8277727e-015
 -1.5237140e-014
  1.4238849e-014
 -1.3013240e-014
  1.1361292e-014
 -1.4375513e-014
 -2.6446516e-015
 -1.9493180e-015
  5.0812815e-015
 -9.0735891e-015
  1.7078738e-015
 -5.0394729e-015
 -1.0875044e-014
  6.0227742e-017
  1.4099756e-015
 -8.6353289e-015
 -3.2719826e-015
  8.1407927e-015
 -2.4462199e-014
 -1.6349653e-014
 -2.3450309e-014
  8.5782974e-015
 -2.9930747e-015
 -7.6877602e-015
 -2.3185630e-016
  1.3230058e-015
  3.4708745e-016
  6.5835063e-016
 -3.7964581e-016
 -1.6333373e-015
 -1.9631929e-015
 -2.4577609e-015
 -2.5377803e-015
 -3.0426874e-015
 -3.5153872e-015
 -1.4379008e-015
 -2.4186391e-015
 -6.1160859e-016
 -4.1744614e-015
  1.3754362e-015
  1.7387686e-015
 -2.8286759e-015
  2.5362405e-015
 -1.3589656e-015
  1.6618685e-015
 -2.3327522e-015
 -2.5704153e-015
  4.8645863e-015
 -2.4607651e-015
  4.7866318e-016
 -1.9270887e-017
  3.0572498e-017
 -4.6720260e-017
  2.9544681e-017
