 -6.0459056e-001
  3.7899828e-005
 -4.3990885e-005
 -1.8649452e-004
 -3.2957425e-004
 -4.5059648e-004
 -5.8224177e-004
 -7.2644729e-004
 -8.6143749e-004
 -9.6786109e-004
 -1.0747032e-003
 -1.1752937e-003
 -1.2576164e-003
 -1.3109001e-003
 -1.3363322e-003
 -1.3163480e-003
 -1.2591257e-003
 -1.1786839e-003
 -1.0956992e-003
 -1.0196384e-003
 -9.7103690e-004
 -9.5190285e-004
 -9.5782482e-004
 -9.7363522e-004
 -9.9447155e-004
 -1.0141588e-003
 -1.0246113e-003
 -1.0129306e-003
 -9.8565946e-004
 -9.5823916e-004
 -9.4173565e-004
 -9.3486308e-004
 -9.3450995e-004
 -9.3970239e-004
 -9.3906657e-004
 -9.2798588e-004
 -9.1540896e-004
 -9.1759269e-004
 -9.3739124e-004
 -9.7556577e-004
 -1.0202106e-003
 -1.0591889e-003
 -1.0672586e-003
 -1.0343164e-003
 -9.6686573e-004
 -8.8819404e-004
 -8.0177508e-004
 -7.1612974e-004
 -6.3115156e-004
 -5.3650129e-004
 -3.9011981e-004
 -2.0646309e-004
 -3.3655536e-005
  9.5232595e-005
  1.8568422e-004
  2.1737354e-004
  1.8771749e-004
  1.2467148e-004
  6.4634595e-005
  2.9558081e-005
  1.2972131e-005
 -4.9733635e-004
 -9.3632621e-004
 -1.4520669e-003
 -1.7812847e-003
 -2.1608571e-003
 -2.6881472e-003
 -3.2416540e-003
 -3.7387639e-003
 -4.3415346e-003
 -5.1067044e-003
 -5.7932188e-003
 -6.1951265e-003
 -6.4911831e-003
 -6.7551722e-003
 -6.7326627e-003
 -6.3983016e-003
 -6.0134607e-003
 -5.7563250e-003
 -5.4193876e-003
 -5.0386916e-003
 -4.8857523e-003
 -5.0269628e-003
 -5.1169264e-003
 -5.0770691e-003
 -5.1089407e-003
 -5.2349556e-003
 -5.1720647e-003
 -4.9310179e-003
 -4.7999166e-003
 -4.8499838e-003
 -4.7879981e-003
 -4.6433436e-003
 -4.6589610e-003
 -4.7851455e-003
 -4.7840063e-003
 -4.6636051e-003
 -4.7480895e-003
 -5.0048989e-003
 -5.1866104e-003
 -5.2703569e-003
 -5.4200328e-003
 -5.4953789e-003
 -5.2939602e-003
 -4.8676223e-003
 -4.4674933e-003
 -4.0874652e-003
 -3.5419026e-003
 -2.9431379e-003
 -2.3771201e-003
 -1.7155777e-003
 -9.1319929e-004
 -1.3383069e-004
  3.8955895e-004
  6.8552927e-004
  8.7230649e-004
  8.6397285e-004
  6.5946665e-004
  3.5286278e-004
  1.2499410e-004
  3.0186227e-005
 -3.5173764e-003
 -4.3515462e-003
 -4.5727935e-003
 -4.6868081e-003
 -5.7416266e-003
 -6.8031086e-003
 -7.5872291e-003
 -8.7383398e-003
 -1.1206908e-002
 -1.3880915e-002
 -1.6460858e-002
 -1.8410362e-002
 -2.0094825e-002
 -2.1053729e-002
 -2.1356503e-002
 -2.0510403e-002
 -1.9358197e-002
 -1.8292548e-002
 -1.7499463e-002
 -1.6346362e-002
 -1.5684585e-002
 -1.5696420e-002
 -1.6022993e-002
 -1.5992667e-002
 -1.5950001e-002
 -1.5902712e-002
 -1.5670566e-002
 -1.5034250e-002
 -1.4552779e-002
 -1.4376796e-002
 -1.4164753e-002
 -1.4018121e-002
 -1.4062362e-002
 -1.4348507e-002
 -1.4488027e-002
 -1.4631023e-002
 -1.5124574e-002
 -1.6064707e-002
 -1.6629518e-002
 -1.7094879e-002
 -1.7385610e-002
 -1.7441956e-002
 -1.6633481e-002
 -1.5189607e-002
 -1.3353675e-002
 -1.1757288e-002
 -9.8807814e-003
 -7.7891133e-003
 -5.2749373e-003
 -3.2915672e-003
 -1.5237563e-003
  3.8697935e-004
  2.0651091e-003
  2.5511955e-003
  2.8183228e-003
  3.0125974e-003
  2.8041016e-003
  1.9681914e-003
  9.0765211e-004
  2.5693651e-004
 -1.1344210e-002
 -9.1242711e-003
 -6.1672688e-003
 -6.8659325e-003
 -8.3773393e-003
 -8.0320758e-003
 -6.8595246e-003
 -1.0097319e-002
 -1.5355409e-002
 -1.8587487e-002
 -2.2730859e-002
 -2.9671840e-002
 -3.5789122e-002
 -3.7520764e-002
 -3.9230732e-002
 -3.8513577e-002
 -3.6508771e-002
 -3.1555674e-002
 -3.1082757e-002
 -3.0462428e-002
 -2.8986889e-002
 -2.5721023e-002
 -2.7018353e-002
 -2.8730374e-002
 -2.8502137e-002
 -2.5643748e-002
 -2.5187018e-002
 -2.5216163e-002
 -2.3915834e-002
 -2.0325493e-002
 -2.0346119e-002
 -2.3100047e-002
 -2.3861695e-002
 -2.2960096e-002
 -2.2269295e-002
 -2.5766799e-002
 -2.7287750e-002
 -2.8142824e-002
 -2.9007568e-002
 -3.2574560e-002
 -3.3280203e-002
 -3.2790421e-002
 -3.0356840e-002
 -2.7453050e-002
 -2.1805374e-002
 -1.5966740e-002
 -1.3360972e-002
 -1.0586264e-002
 -5.6174084e-003
 -2.0996668e-003
 -5.5900111e-004
  9.1336840e-004
  4.6492784e-003
  6.4719501e-003
  5.3385645e-003
  5.1697925e-003
  5.5573329e-003
  5.3069793e-003
  3.4711336e-003
  1.3626813e-003
 -1.8818478e-002
 -1.2511818e-002
 -9.3608076e-003
 -1.1520538e-002
 -1.1983243e-002
 -9.4773718e-003
  1.5266440e-003
 -9.3206727e-003
 -1.9500137e-002
 -2.7881714e-002
 -2.9596483e-002
 -3.6937222e-002
 -4.7036326e-002
 -5.9485682e-002
 -7.2556615e-002
 -5.7553178e-002
 -4.5853345e-002
 -3.3996549e-002
 -5.2906369e-002
 -4.2203610e-002
 -3.4139953e-002
 -2.2747464e-002
 -4.5347361e-002
 -4.0063809e-002
 -3.6715192e-002
 -3.1947455e-002
 -3.7374171e-002
 -3.2403501e-002
 -2.6635177e-002
 -1.8321394e-002
 -1.9288178e-002
 -2.6711064e-002
 -3.2935908e-002
 -3.8486176e-002
 -1.9475661e-002
 -2.8586964e-002
 -3.7234897e-002
 -4.5902860e-002
 -3.4374279e-002
 -4.2468033e-002
 -5.1413492e-002
 -6.3036606e-002
 -5.0846446e-002
 -3.6815006e-002
 -2.4994981e-002
 -1.4689334e-002
 -1.7831279e-002
 -1.3059608e-002
 -8.9339414e-003
 -7.7408763e-003
 -2.8849677e-003
  8.5049433e-004
  7.5493739e-003
  1.6478051e-002
  1.0509660e-002
  6.4960631e-003
  5.9078705e-003
  6.1476933e-003
  5.1414540e-003
  2.6315164e-003
 -3.0063769e-002
 -2.0866691e-002
 -1.3880419e-002
 -1.6434308e-002
 -1.7987683e-002
 -1.8512093e-002
 -8.9628351e-003
 -7.9651941e-003
 -2.3075218e-002
 -3.8235836e-002
 -4.5683697e-002
 -4.1986107e-002
 -5.4819100e-002
 -6.9403316e-002
 -8.6348891e-002
 -6.7714793e-002
 -5.5724771e-002
 -4.3371041e-002
 -6.5375688e-002
 -5.2538656e-002
 -4.3890260e-002
 -3.2404876e-002
 -5.8266710e-002
 -5.1322274e-002
 -4.8700077e-002
 -4.2667898e-002
 -5.0212641e-002
 -4.3277336e-002
 -3.9199877e-002
 -2.4627131e-002
 -2.7724845e-002
 -4.2356652e-002
 -5.2019632e-002
 -4.1250922e-002
 -2.4132550e-002
 -3.6388748e-002
 -4.8615049e-002
 -5.0748397e-002
 -3.9971753e-002
 -5.0014112e-002
 -6.1818986e-002
 -7.2851949e-002
 -5.8816244e-002
 -4.1312369e-002
 -2.8484366e-002
 -2.6551970e-002
 -2.6016751e-002
 -1.8415447e-002
 -1.3158515e-002
 -1.1170713e-002
 -1.9965633e-003
  4.5412388e-003
  1.4089301e-002
  1.0895144e-002
  6.6436047e-003
  5.1972864e-003
  7.4177703e-003
  8.5410355e-003
  5.5178168e-003
  1.9473271e-003
 -3.6520771e-002
 -3.0817063e-002
 -2.4292392e-002
 -2.4299163e-002
 -2.7464706e-002
 -3.0618559e-002
 -2.6929160e-002
 -1.9593874e-002
 -2.8836625e-002
 -4.8120342e-002
 -6.2464133e-002
 -5.6375061e-002
 -5.5784857e-002
 -7.0088227e-002
 -8.7976284e-002
 -7.7406074e-002
 -5.5006182e-002
 -4.6582514e-002
 -6.4122545e-002
 -6.9195562e-002
 -4.8721095e-002
 -3.9643414e-002
 -5.9737382e-002
 -7.3378511e-002
 -6.5597494e-002
 -4.7121421e-002
 -5.2552005e-002
 -6.5508267e-002
 -5.7384847e-002
 -3.3520217e-002
 -3.5594193e-002
 -7.0998332e-002
 -8.0193350e-002
 -3.9813731e-002
 -2.5487429e-002
 -4.4472865e-002
 -6.3550196e-002
 -4.8518510e-002
 -3.6636259e-002
 -4.9911775e-002
 -7.8172068e-002
 -6.8547778e-002
 -5.3666767e-002
 -4.2060774e-002
 -4.8758729e-002
 -3.4920785e-002
 -3.2521649e-002
 -2.6354731e-002
 -2.7534212e-002
 -1.2516804e-002
  5.8591823e-004
  8.3660187e-003
  3.1926678e-003
  3.7469449e-003
  2.1821854e-003
  4.2992250e-003
  7.5472167e-003
  5.5363091e-003
  1.7888500e-003
  1.2906075e-004
 -3.7670411e-002
 -3.6357464e-002
 -3.4706344e-002
 -3.4456196e-002
 -3.5920088e-002
 -3.9873504e-002
 -3.7603921e-002
 -3.5911675e-002
 -3.5488091e-002
 -4.7513500e-002
 -6.0787631e-002
 -6.4254848e-002
 -6.1846285e-002
 -6.4952113e-002
 -7.8472185e-002
 -7.4313062e-002
 -5.9678434e-002
 -4.7828037e-002
 -6.9124835e-002
 -6.6263623e-002
 -4.7996821e-002
 -3.4014605e-002
 -5.6019426e-002
 -8.3551893e-002
 -6.3116963e-002
 -4.5397755e-002
 -5.0395472e-002
 -7.9569792e-002
 -4.9935441e-002
 -4.7385240e-002
 -4.5720040e-002
 -8.9857453e-002
 -7.3028298e-002
 -5.4608820e-002
 -4.1040952e-002
 -5.2155258e-002
 -4.2497387e-002
 -4.9766549e-002
 -4.2026062e-002
 -5.5220377e-002
 -5.0503290e-002
 -5.6766499e-002
 -4.8087709e-002
 -5.0797518e-002
 -3.9657130e-002
 -4.1658357e-002
 -3.8347031e-002
 -3.8615552e-002
 -2.3266840e-002
 -1.5024071e-002
 -2.6764265e-003
 -9.9454571e-003
 -6.6663575e-003
 -3.2662992e-003
 -2.3276899e-003
  1.1368487e-003
  1.6805199e-003
 -8.0593543e-005
 -7.2741192e-004
 -4.0578434e-004
 -3.6778807e-002
 -3.8081816e-002
 -4.1387103e-002
 -4.4472700e-002
 -4.5535594e-002
 -4.8804070e-002
 -4.6338894e-002
 -4.3735078e-002
 -4.0395514e-002
 -5.1134451e-002
 -5.5777472e-002
 -6.4123414e-002
 -5.9170840e-002
 -6.1654602e-002
 -6.3924653e-002
 -6.2772862e-002
 -5.9316762e-002
 -4.5448162e-002
 -5.7323134e-002
 -5.1274850e-002
 -5.8394518e-002
 -4.3492695e-002
 -6.0088047e-002
 -6.5684513e-002
 -6.2773929e-002
 -4.8384189e-002
 -5.1607623e-002
 -7.3758888e-002
 -5.3462622e-002
 -6.2143035e-002
 -6.1525503e-002
 -8.9096341e-002
 -6.5547413e-002
 -5.6317641e-002
 -5.2016517e-002
 -5.6964550e-002
 -3.4073234e-002
 -3.8605906e-002
 -5.0210024e-002
 -4.2874910e-002
 -3.5258638e-002
 -4.4923704e-002
 -5.6303359e-002
 -4.3943989e-002
 -2.2927431e-002
 -4.1667932e-002
 -5.1577128e-002
 -3.7341077e-002
 -1.3713890e-002
 -1.6486560e-002
 -2.1141481e-002
 -1.8259811e-002
 -1.2654066e-002
 -9.3551936e-003
 -7.3498856e-003
 -5.8553911e-003
 -4.3503529e-003
 -2.4265504e-003
 -9.3894858e-004
 -2.4619723e-004
 -3.5512863e-002
 -3.8081962e-002
 -4.4445415e-002
 -5.1012033e-002
 -5.4347303e-002
 -5.8283320e-002
 -5.5140120e-002
 -4.8677089e-002
 -4.8670900e-002
 -5.0787791e-002
 -5.6471500e-002
 -6.0299145e-002
 -5.3641687e-002
 -5.8258141e-002
 -5.5594946e-002
 -5.7059064e-002
 -5.0000402e-002
 -4.5120591e-002
 -4.8965457e-002
 -4.0727770e-002
 -6.1471555e-002
 -4.8334760e-002
 -6.4461226e-002
 -5.2452273e-002
 -6.2642207e-002
 -5.1527969e-002
 -5.6336816e-002
 -5.9543851e-002
 -6.1111472e-002
 -8.0107230e-002
 -7.5261518e-002
 -7.5129467e-002
 -5.7252797e-002
 -5.9792322e-002
 -5.5667929e-002
 -3.2123207e-002
 -3.8258570e-002
 -4.4004864e-002
 -5.9917610e-002
 -1.7773100e-002
 -2.0477450e-002
 -4.4224968e-002
 -5.4713742e-002
 -2.6356958e-002
 -1.6594844e-002
 -5.8935405e-002
 -5.0757604e-002
 -2.9730884e-002
 -1.1468372e-002
 -3.3736113e-002
 -2.9572736e-002
 -2.4001104e-002
 -1.9890455e-002
 -1.5896191e-002
 -1.4822272e-002
 -1.1607385e-002
 -6.1921593e-003
 -2.2472772e-003
 -5.7187722e-004
 -1.0038020e-004
 -3.4305525e-002
 -3.7502703e-002
 -4.5479220e-002
 -5.4159437e-002
 -6.0216649e-002
 -6.6622489e-002
 -6.3391232e-002
 -5.5578989e-002
 -5.6110370e-002
 -5.5185810e-002
 -5.4532834e-002
 -5.8937831e-002
 -5.2357906e-002
 -5.1203059e-002
 -5.3756098e-002
 -5.4948113e-002
 -4.0912776e-002
 -3.9734174e-002
 -4.9514488e-002
 -5.2796947e-002
 -4.1810062e-002
 -4.5833875e-002
 -5.3581325e-002
 -5.0537613e-002
 -6.1649519e-002
 -7.3843192e-002
 -5.2536363e-002
 -3.9893343e-002
 -6.6089938e-002
 -9.6936444e-002
 -6.8827861e-002
 -4.5853608e-002
 -6.4055130e-002
 -6.6234208e-002
 -4.6135941e-002
 -6.3346249e-003
 -3.1545159e-002
 -6.3403778e-002
 -5.4900984e-002
 -1.1800427e-002
 -2.3030578e-002
 -4.7407370e-002
 -5.1791162e-002
 -8.0841338e-003
 -2.9920074e-002
 -5.1635400e-002
 -4.3778113e-002
 -2.5864274e-002
 -2.2523363e-002
 -4.6291444e-002
 -3.7460774e-002
 -3.3500112e-002
 -2.9047079e-002
 -2.4868085e-002
 -2.1082464e-002
 -1.3392301e-002
 -5.7640971e-003
 -1.7048015e-003
 -3.5167620e-004
 -4.6798964e-005
 -3.3285712e-002
 -3.6823369e-002
 -4.5743252e-002
 -5.5695382e-002
 -6.3795987e-002
 -7.2805511e-002
 -7.1198405e-002
 -6.4506062e-002
 -6.4205169e-002
 -6.1110672e-002
 -5.3462537e-002
 -5.4229137e-002
 -5.5834637e-002
 -4.7148057e-002
 -4.3168182e-002
 -5.2629085e-002
 -3.5116527e-002
 -3.3276605e-002
 -3.9381183e-002
 -5.1407839e-002
 -2.6687262e-002
 -5.3693139e-002
 -6.3973131e-002
 -4.0172923e-002
 -5.6309244e-002
 -8.2082738e-002
 -6.4561786e-002
 -3.1465371e-002
 -7.0527880e-002
 -1.0328712e-001
 -5.8021647e-002
 -2.3900003e-002
 -6.6666072e-002
 -5.9850950e-002
 -2.8202870e-002
 -1.3135529e-002
 -3.6030445e-002
 -6.3392695e-002
 -3.8286531e-002
 -9.2521652e-003
 -3.0874194e-002
 -5.4579195e-002
 -4.4690937e-002
 -2.1756169e-002
 -2.6460311e-002
 -3.8036453e-002
 -2.8911410e-002
 -1.8746819e-002
 -4.1251155e-002
 -6.0273253e-002
 -4.9325750e-002
 -4.3649365e-002
 -3.8219610e-002
 -3.1962761e-002
 -2.3675991e-002
 -1.3111767e-002
 -5.0888723e-003
 -1.3888724e-003
 -2.6523418e-004
 -3.0777320e-005
 -3.2419495e-002
 -3.6114996e-002
 -4.5582812e-002
 -5.6329583e-002
 -6.5843748e-002
 -7.6951652e-002
 -7.6576278e-002
 -7.1571910e-002
 -7.0589870e-002
 -6.7466691e-002
 -5.7415120e-002
 -5.2239297e-002
 -5.6058135e-002
 -4.7385630e-002
 -3.4227401e-002
 -4.5637716e-002
 -3.5782910e-002
 -2.9881043e-002
 -3.2788040e-002
 -4.8798483e-002
 -3.1676064e-002
 -4.9290514e-002
 -6.5728869e-002
 -4.2438292e-002
 -4.7845911e-002
 -8.2057771e-002
 -7.3647235e-002
 -2.5671901e-002
 -6.0925880e-002
 -9.2968256e-002
 -4.2616779e-002
 -2.9265519e-002
 -7.0060136e-002
 -3.8572951e-002
 -2.5489053e-002
 -2.7956375e-002
 -4.5316253e-002
 -4.3041799e-002
 -2.7663616e-002
 -2.7232128e-002
 -3.9331146e-002
 -4.7432821e-002
 -3.3994902e-002
 -2.7837560e-002
 -2.7344811e-002
 -4.4054072e-002
 -4.5470868e-002
 -2.7770404e-002
 -3.8029696e-002
 -5.9791079e-002
 -5.2625185e-002
 -4.8035047e-002
 -4.2426622e-002
 -3.3297121e-002
 -2.2490126e-002
 -1.1724329e-002
 -4.4119136e-003
 -1.1838004e-003
 -2.2199345e-004
 -2.4139249e-005
 -3.1774106e-002
 -3.5614248e-002
 -4.5487154e-002
 -5.6677882e-002
 -6.7029766e-002
 -7.9647226e-002
 -8.0419667e-002
 -7.6795076e-002
 -7.4556511e-002
 -7.3726597e-002
 -6.2963985e-002
 -5.3480808e-002
 -5.2253185e-002
 -4.7575109e-002
 -3.7609961e-002
 -4.1442988e-002
 -4.1555511e-002
 -2.2964204e-002
 -3.8790279e-002
 -5.2900910e-002
 -4.5630679e-002
 -3.8945935e-002
 -6.0033880e-002
 -5.7080579e-002
 -2.5537944e-002
 -5.8243906e-002
 -6.1242996e-002
 -3.8921348e-002
 -5.5234897e-002
 -6.4076583e-002
 -4.5142877e-002
 -4.5512784e-002
 -5.6601754e-002
 -4.3735316e-002
 -4.0951449e-002
 -3.7122932e-002
 -2.7798664e-002
 -1.6836166e-002
 -3.9317385e-002
 -5.4054343e-002
 -3.5277935e-002
 -3.1946074e-002
 -2.6762849e-002
 -3.2419501e-002
 -3.7061065e-002
 -5.4875811e-002
 -6.4455672e-002
 -2.4255160e-002
 -3.2951050e-002
 -5.8527658e-002
 -5.4013174e-002
 -4.9737610e-002
 -4.1960313e-002
 -3.1104342e-002
 -2.0313270e-002
 -1.0473579e-002
 -3.9323213e-003
 -1.0533313e-003
 -1.9583303e-004
 -2.0208584e-005
 -3.1356956e-002
 -3.5350170e-002
 -4.5456619e-002
 -5.6678953e-002
 -6.7341227e-002
 -8.0906179e-002
 -8.2705323e-002
 -7.9964767e-002
 -7.7278715e-002
 -7.5462433e-002
 -6.6807195e-002
 -5.7793994e-002
 -5.2802945e-002
 -4.6707479e-002
 -4.4749915e-002
 -4.0994948e-002
 -4.2320540e-002
 -3.0710910e-002
 -4.2726234e-002
 -5.8875199e-002
 -4.5165435e-002
 -2.8442148e-002
 -4.7831337e-002
 -5.8508503e-002
 -3.2429658e-002
 -4.0080937e-002
 -5.6127733e-002
 -3.3336425e-002
 -4.0920750e-002
 -5.9323582e-002
 -4.1855831e-002
 -4.5090195e-002
 -3.8855475e-002
 -2.9176557e-002
 -4.8246319e-002
 -5.0371433e-002
 -2.5183463e-002
 -3.2519925e-002
 -4.2083305e-002
 -5.0029084e-002
 -2.9465857e-002
 -3.0767212e-002
 -2.0159572e-002
 -2.5411902e-002
 -4.7671484e-002
 -5.8593932e-002
 -5.7325365e-002
 -3.9029012e-002
 -4.4434248e-002
 -6.5369525e-002
 -5.8959001e-002
 -5.1453757e-002
 -4.1300515e-002
 -3.0013733e-002
 -1.9379899e-002
 -9.8786503e-003
 -3.6715263e-003
 -9.7446619e-004
 -1.7878186e-004
 -1.7510768e-005
 -3.1094546e-002
 -3.5098489e-002
 -4.5139965e-002
 -5.6339219e-002
 -6.7381822e-002
 -8.1073137e-002
 -8.3175289e-002
 -8.0869700e-002
 -7.9418860e-002
 -7.7734229e-002
 -7.1309910e-002
 -6.1164074e-002
 -5.5343544e-002
 -5.2315299e-002
 -4.9514456e-002
 -4.6794891e-002
 -3.2512925e-002
 -3.8519843e-002
 -4.4374095e-002
 -5.0946780e-002
 -5.0818324e-002
 -2.9174285e-002
 -4.0922326e-002
 -5.3591839e-002
 -3.0138073e-002
 -3.5081187e-002
 -3.8210052e-002
 -2.0876652e-002
 -4.8436138e-002
 -4.0812661e-002
 -3.1760407e-002
 -4.6112324e-002
 -4.0633956e-002
 -2.1230689e-002
 -4.2925041e-002
 -4.4583847e-002
 -4.2397970e-002
 -5.0414345e-002
 -3.3724339e-002
 -4.9333334e-002
 -3.5328036e-002
 -1.5408240e-002
 -2.8961096e-002
 -3.7755564e-002
 -5.3271563e-002
 -5.7189600e-002
 -4.7884918e-002
 -4.5449062e-002
 -5.5367970e-002
 -7.1016931e-002
 -6.2201893e-002
 -5.2127399e-002
 -4.0831097e-002
 -2.9555940e-002
 -1.8910965e-002
 -9.4947048e-003
 -3.4790551e-003
 -9.1214494e-004
 -1.6479697e-004
 -1.5250248e-005
 -3.0927357e-002
 -3.4967893e-002
 -4.4958834e-002
 -5.6061834e-002
 -6.7257272e-002
 -8.0845617e-002
 -8.3146553e-002
 -8.1541293e-002
 -8.0235618e-002
 -7.7822169e-002
 -7.3775539e-002
 -6.4576033e-002
 -6.0370298e-002
 -5.6051596e-002
 -4.9605359e-002
 -5.1563154e-002
 -3.2929313e-002
 -4.1089119e-002
 -4.6505850e-002
 -5.5956506e-002
 -5.4679149e-002
 -3.2759698e-002
 -1.5463492e-002
 -4.6206306e-002
 -2.5842927e-002
 -2.8603483e-002
 -2.6361667e-002
 -2.0425468e-002
 -4.3396151e-002
 -3.3386978e-002
 -3.1776211e-002
 -4.6611639e-002
 -2.7111245e-002
 -1.8276957e-002
 -2.5608869e-002
 -4.5711977e-002
 -4.8701802e-002
 -3.4264660e-002
 -5.4599823e-002
 -5.8458004e-002
 -3.2552585e-002
 -2.2998785e-002
 -3.8634109e-002
 -4.7623249e-002
 -6.1366587e-002
 -6.5979477e-002
 -5.0357712e-002
 -4.5810316e-002
 -5.7194982e-002
 -7.1395225e-002
 -6.2174999e-002
 -5.1487642e-002
 -4.0037106e-002
 -2.8896435e-002
 -1.8309094e-002
 -9.0710840e-003
 -3.2848573e-003
 -8.5241574e-004
 -1.5181557e-004
 -1.3195971e-005
 -3.0865394e-002
 -3.4988485e-002
 -4.5046189e-002
 -5.6063610e-002
 -6.7173609e-002
 -8.0572774e-002
 -8.2972376e-002
 -8.1973705e-002
 -7.9842415e-002
 -7.6355927e-002
 -7.3411520e-002
 -6.5847265e-002
 -6.1184331e-002
 -6.0550852e-002
 -5.3016278e-002
 -3.9513965e-002
 -4.5860198e-002
 -5.5259431e-002
 -4.2631065e-002
 -5.3841538e-002
 -4.9874996e-002
 -3.2685437e-002
 -2.2291296e-002
 -3.8365725e-002
 -3.2498340e-002
 -8.5584571e-003
 -1.7870015e-002
 -1.1875423e-002
 -2.4205335e-002
 -4.2938883e-002
 -3.4108975e-002
 -3.2065939e-002
 -1.4832076e-002
 -8.5144416e-003
 -4.5137427e-002
 -3.9713991e-002
 -3.3541440e-002
 -5.3285150e-002
 -6.4677455e-002
 -5.3407195e-002
 -3.2717960e-002
 -3.5769403e-002
 -5.0808187e-002
 -5.8491252e-002
 -6.3873379e-002
 -5.4123092e-002
 -5.5419285e-002
 -4.3664459e-002
 -6.5947476e-002
 -7.4106094e-002
 -6.3032905e-002
 -5.1634343e-002
 -3.9962286e-002
 -2.8764553e-002
 -1.8010841e-002
 -8.7844948e-003
 -3.1384077e-003
 -8.0536265e-004
 -1.4139576e-004
 -1.1534467e-005
 -3.1069329e-002
 -3.5238807e-002
 -4.5407450e-002
 -5.6342464e-002
 -6.7173361e-002
 -7.9906105e-002
 -8.2013357e-002
 -8.1506605e-002
 -7.9478966e-002
 -7.4349619e-002
 -7.1223192e-002
 -6.3083493e-002
 -6.4491907e-002
 -6.2667397e-002
 -5.2441193e-002
 -4.0355280e-002
 -6.0363145e-002
 -5.6290642e-002
 -3.9533817e-002
 -5.4052210e-002
 -4.1966579e-002
 -3.0568347e-002
 -8.0305158e-003
 -3.0733942e-002
 -2.4622200e-002
 -7.0528261e-003
 -2.9620957e-002
 -1.1714092e-002
 -3.2125214e-002
 -3.9325616e-002
 -3.1880941e-002
 -3.0003945e-002
  1.8216765e-003
 -1.3568008e-002
 -3.3707522e-002
 -1.7327109e-002
 -5.7484477e-002
 -6.1119381e-002
 -5.6154973e-002
 -6.0590120e-002
 -3.5753610e-002
 -5.3044244e-002
 -5.0004999e-002
 -6.1918594e-002
 -6.4987720e-002
 -4.0104856e-002
 -6.8792378e-002
 -4.7424749e-002
 -7.1362400e-002
 -7.5102019e-002
 -6.3716107e-002
 -5.2423870e-002
 -4.0450843e-002
 -2.8771140e-002
 -1.7668346e-002
 -8.4594773e-003
 -2.9801987e-003
 -7.5626685e-004
 -1.3077059e-004
 -9.8655785e-006
 -3.1687083e-002
 -3.5801663e-002
 -4.5777943e-002
 -5.6272710e-002
 -6.6786199e-002
 -7.8246246e-002
 -7.9947755e-002
 -7.8982729e-002
 -7.7561043e-002
 -7.0901809e-002
 -6.8770942e-002
 -6.2545650e-002
 -7.1852014e-002
 -6.7665003e-002
 -4.3500322e-002
 -4.0591049e-002
 -6.7023300e-002
 -5.0659571e-002
 -5.1883671e-002
 -5.2418440e-002
 -3.9808484e-002
 -2.4849730e-002
 -4.6129664e-003
 -6.4041806e-003
 -1.1269582e-002
 -2.3015252e-002
 -2.8384055e-002
 -4.6876451e-002
 -2.5059693e-002
 -2.3430622e-002
 -4.1824770e-002
 -2.7276537e-002
  4.5083029e-004
 -1.1834086e-003
 -2.5845412e-002
 -1.9008432e-002
 -3.0299256e-002
 -6.3666591e-002
 -6.1864363e-002
 -6.4039987e-002
 -4.5520639e-002
 -7.5578670e-002
 -6.4719562e-002
 -6.0874893e-002
 -6.6875393e-002
 -3.7166147e-002
 -6.8727089e-002
 -5.1014002e-002
 -7.2657793e-002
 -7.3665417e-002
 -6.3105028e-002
 -5.2201120e-002
 -4.0187422e-002
 -2.8313897e-002
 -1.7131001e-002
 -8.0879782e-003
 -2.8184496e-003
 -7.0852887e-004
 -1.2069169e-004
 -8.3015951e-006
 -3.2501699e-002
 -3.6532894e-002
 -4.5881155e-002
 -5.5992748e-002
 -6.6315870e-002
 -7.5817914e-002
 -7.6913407e-002
 -7.6013470e-002
 -7.3934497e-002
 -6.9240738e-002
 -6.5042564e-002
 -6.3956291e-002
 -7.2442759e-002
 -6.4628118e-002
 -4.4406193e-002
 -5.3607110e-002
 -6.3868054e-002
 -4.2317155e-002
 -4.8742387e-002
 -4.4673065e-002
 -3.1821542e-002
 -2.5166899e-002
 -1.1111381e-002
 -8.4892592e-003
 -1.9541518e-002
 -2.3650705e-002
 -3.7234287e-002
 -5.6409623e-002
 -1.4703865e-002
 -2.5644322e-002
 -4.4547012e-002
 -1.1238614e-002
 -5.7481961e-003
 -8.4137731e-003
 -2.8881932e-002
 -1.0381080e-002
 -2.1469840e-002
 -6.5861181e-002
 -6.8914785e-002
 -6.4063072e-002
 -6.4048927e-002
 -6.1567435e-002
 -6.8940889e-002
 -6.3060027e-002
 -6.9642816e-002
 -3.9718910e-002
 -6.2850343e-002
 -5.8753473e-002
 -7.2965193e-002
 -7.2292810e-002
 -6.1611553e-002
 -5.0704049e-002
 -3.9102236e-002
 -2.7517383e-002
 -1.6518341e-002
 -7.7364789e-003
 -2.6819412e-003
 -6.7169533e-004
 -1.1350456e-004
 -7.2635156e-006
 -3.3654062e-002
 -3.7358472e-002
 -4.6140341e-002
 -5.5657924e-002
 -6.5637326e-002
 -7.4003475e-002
 -7.4557107e-002
 -7.3623574e-002
 -7.1309102e-002
 -6.8555233e-002
 -6.5077214e-002
 -6.6775491e-002
 -7.9294184e-002
 -5.5241545e-002
 -5.0798474e-002
 -5.9954539e-002
 -5.8576710e-002
 -4.2920142e-002
 -4.6803040e-002
 -3.4597752e-002
 -3.9894694e-002
 -1.8429407e-002
 -2.4827633e-003
 -8.6532243e-003
 -2.4705245e-002
 -3.7445555e-002
 -3.5657890e-002
 -4.2586980e-002
 -2.6429578e-002
 -4.4210266e-002
 -2.3846713e-002
 -1.6008156e-003
 -1.8637566e-002
 -1.9048313e-002
 -3.1775367e-002
 -3.6534606e-002
 -2.0347629e-002
 -6.2169983e-002
 -6.1744126e-002
 -5.1902763e-002
 -7.3346067e-002
 -5.6994723e-002
 -6.1873431e-002
 -5.9941921e-002
 -5.7575827e-002
 -5.7318132e-002
 -6.8809012e-002
 -6.0382535e-002
 -7.0631848e-002
 -6.6901494e-002
 -5.7685992e-002
 -4.7611286e-002
 -3.6664715e-002
 -2.5951839e-002
 -1.5677533e-002
 -7.3458271e-003
 -2.5350353e-003
 -6.2969520e-004
 -1.0452403e-004
 -5.8314727e-006
 -3.4750872e-002
 -3.8302782e-002
 -4.6494963e-002
 -5.5500038e-002
 -6.4883067e-002
 -7.1998378e-002
 -7.2030674e-002
 -7.0899290e-002
 -6.7812822e-002
 -6.4304108e-002
 -6.1352362e-002
 -6.9066855e-002
 -7.3861498e-002
 -4.9587032e-002
 -6.4625295e-002
 -6.0855238e-002
 -6.1456947e-002
 -4.6442948e-002
 -4.4522291e-002
 -4.0184339e-002
 -3.7476742e-002
 -8.0007869e-003
 -1.6035208e-002
 -1.1226611e-002
 -2.4893780e-002
 -4.3779683e-002
 -3.3755732e-002
 -3.9988233e-002
 -3.0577855e-002
 -2.4790968e-002
 -1.0315783e-002
 -2.2126642e-002
 -2.4436985e-002
 -2.9362603e-002
 -2.4390104e-002
 -4.6545662e-002
 -3.5330123e-002
 -5.7518891e-002
 -5.4148740e-002
 -4.9977156e-002
 -7.3756567e-002
 -5.9703401e-002
 -6.4155262e-002
 -6.9862890e-002
 -4.8203211e-002
 -7.3418058e-002
 -6.4940923e-002
 -5.9543380e-002
 -6.1562934e-002
 -5.9906217e-002
 -5.2493830e-002
 -4.3475989e-002
 -3.3517482e-002
 -2.3907641e-002
 -1.4587121e-002
 -6.8903935e-003
 -2.3916101e-003
 -5.9597200e-004
 -9.8557271e-005
 -5.0327790e-006
 -3.5847672e-002
 -3.9143555e-002
 -4.6710407e-002
 -5.4907370e-002
 -6.3985321e-002
 -7.0052468e-002
 -6.9727815e-002
 -6.7359408e-002
 -6.5102846e-002
 -6.1595115e-002
 -6.0851538e-002
 -7.2245537e-002
 -5.9561265e-002
 -5.3167193e-002
 -6.1596466e-002
 -6.1018015e-002
 -6.0072752e-002
 -5.4224324e-002
 -4.1076977e-002
 -4.1161366e-002
 -1.3525088e-002
 -2.4957829e-002
 -3.0334799e-002
 -1.7685607e-002
 -2.9447223e-002
 -4.9330798e-002
 -4.7972995e-002
 -3.1094118e-002
 -2.7195741e-002
 -2.9494947e-002
 -2.3701378e-002
 -1.5619268e-002
 -6.5145954e-003
 -3.2005989e-002
 -2.6090640e-002
 -5.2438246e-002
 -5.7264745e-002
 -4.9392040e-002
 -5.1808502e-002
 -4.6585402e-002
 -6.3793449e-002
 -6.2718154e-002
 -6.3270144e-002
 -7.4766748e-002
 -4.6225411e-002
 -7.7936854e-002
 -6.0568608e-002
 -6.7004228e-002
 -5.8025246e-002
 -5.4649375e-002
 -4.8113577e-002
 -4.0367684e-002
 -3.1508392e-002
 -2.2596238e-002
 -1.3808675e-002
 -6.5097681e-003
 -2.2479052e-003
 -5.5532090e-004
 -8.9955520e-005
 -3.6707380e-006
 -3.6808552e-002
 -3.9878142e-002
 -4.6557684e-002
 -5.4326099e-002
 -6.2798659e-002
 -6.7650389e-002
 -6.6672356e-002
 -6.3182250e-002
 -5.9949125e-002
 -5.7888588e-002
 -6.0425989e-002
 -6.2650526e-002
 -4.9113556e-002
 -5.2765683e-002
 -5.8760867e-002
 -6.4927038e-002
 -5.8436066e-002
 -5.7044239e-002
 -3.6220344e-002
 -1.6605267e-002
 -3.1004868e-002
 -3.5562009e-002
 -3.0821489e-002
 -3.4768112e-002
 -4.1731541e-002
 -6.3760349e-002
 -4.0697550e-002
 -2.1371789e-002
 -3.4604974e-002
 -3.1739027e-002
 -2.7752628e-002
 -8.4010401e-003
 -1.2219131e-002
 -3.8915751e-002
 -3.6238935e-002
 -5.3633238e-002
 -5.3688583e-002
 -4.3267299e-002
 -5.5420066e-002
 -5.2248811e-002
 -5.2135831e-002
 -5.4468880e-002
 -6.1376576e-002
 -6.2015227e-002
 -6.2371698e-002
 -7.5246149e-002
 -5.5813636e-002
 -7.2601583e-002
 -6.0744595e-002
 -5.5495561e-002
 -4.7832835e-002
 -3.9842466e-002
 -3.1175413e-002
 -2.2309654e-002
 -1.3537921e-002
 -6.3419908e-003
 -2.1812749e-003
 -5.3729895e-004
 -8.6462229e-005
 -3.1720679e-006
 -3.7828691e-002
 -4.0360922e-002
 -4.6170089e-002
 -5.2931010e-002
 -6.1079293e-002
 -6.4665610e-002
 -6.3853379e-002
 -5.9305137e-002
 -5.4505076e-002
 -5.4134547e-002
 -6.2329425e-002
 -4.6349329e-002
 -4.4500274e-002
 -4.8114960e-002
 -5.8365674e-002
 -6.1840014e-002
 -5.2876111e-002
 -4.7091815e-002
 -2.7690244e-002
 -3.1390935e-002
 -3.3322670e-002
 -3.2396484e-002
 -2.9257464e-002
 -5.6133530e-002
 -5.5718137e-002
 -5.3799795e-002
 -3.8875419e-002
 -4.1229897e-002
 -4.1914882e-002
 -2.7474050e-002
 -3.0646155e-002
 -2.0596597e-002
 -2.9617355e-002
 -4.2348447e-002
 -3.1892864e-002
 -6.7267340e-002
 -5.1378364e-002
 -5.5282216e-002
 -4.7696535e-002
 -5.9706130e-002
 -4.8318259e-002
 -5.4910212e-002
 -5.3488864e-002
 -4.1170469e-002
 -6.5405909e-002
 -5.7518252e-002
 -5.6107815e-002
 -7.5870846e-002
 -6.3315018e-002
 -5.5884487e-002
 -4.7560189e-002
 -3.9490196e-002
 -3.1034803e-002
 -2.2225536e-002
 -1.3412759e-002
 -6.2373970e-003
 -2.1313582e-003
 -5.2188308e-004
 -8.3135186e-005
 -2.6511808e-006
 -3.8652663e-002
 -4.0478192e-002
 -4.5348351e-002
 -5.1097005e-002
 -5.8388247e-002
 -6.1107776e-002
 -6.0370751e-002
 -5.6338718e-002
 -5.2199825e-002
 -5.1571462e-002
 -4.8733292e-002
 -4.2525073e-002
 -3.8175655e-002
 -5.0670977e-002
 -5.2135594e-002
 -5.6907139e-002
 -5.5888847e-002
 -3.4187903e-002
 -4.0851072e-002
 -3.9840631e-002
 -2.9513497e-002
 -3.7197277e-002
 -4.0754938e-002
 -5.5385892e-002
 -5.3635072e-002
 -5.4654511e-002
 -4.9298383e-002
 -5.7821724e-002
 -4.5952615e-002
 -2.5895836e-002
 -3.6593496e-002
 -3.0850794e-002
 -4.1744151e-002
 -4.8860640e-002
 -3.5287706e-002
 -6.9586068e-002
 -5.2873544e-002
 -5.6252256e-002
 -5.2036734e-002
 -5.6413907e-002
 -4.5674583e-002
 -5.3069082e-002
 -4.7795460e-002
 -3.2507526e-002
 -5.8670852e-002
 -5.4338878e-002
 -6.3141203e-002
 -6.9083443e-002
 -5.9685555e-002
 -5.1136600e-002
 -4.4621214e-002
 -3.7577449e-002
 -2.9834738e-002
 -2.1632766e-002
 -1.3102507e-002
 -6.0562987e-003
 -2.0474822e-003
 -4.9469874e-004
 -7.6898440e-005
 -1.6163001e-006
 -3.9252506e-002
 -4.0258375e-002
 -4.3859217e-002
 -4.8886808e-002
 -5.4884783e-002
 -5.5959136e-002
 -5.3213925e-002
 -4.8222598e-002
 -4.6191702e-002
 -5.5692319e-002
 -4.3829151e-002
 -3.5481470e-002
 -3.8813760e-002
 -4.7028915e-002
 -4.7585785e-002
 -4.9357472e-002
 -3.5785181e-002
 -4.6776309e-002
 -3.7739906e-002
 -4.9086217e-002
 -5.0201322e-002
 -6.0293101e-002
 -4.8594259e-002
 -4.8413714e-002
 -4.7646367e-002
 -5.1175704e-002
 -6.1347054e-002
 -5.4016880e-002
 -4.4090367e-002
 -3.6148232e-002
 -4.8520180e-002
 -4.5897069e-002
 -4.5361640e-002
 -5.8730611e-002
 -3.6234698e-002
 -6.3784248e-002
 -6.0652886e-002
 -4.7906355e-002
 -5.2270142e-002
 -4.8900666e-002
 -4.2541748e-002
 -5.9910136e-002
 -5.0891295e-002
 -3.8753710e-002
 -5.4903580e-002
 -5.7364315e-002
 -5.9969632e-002
 -5.9097810e-002
 -5.3192804e-002
 -4.5973937e-002
 -4.0732734e-002
 -3.4795559e-002
 -2.8210129e-002
 -2.0888351e-002
 -1.2798132e-002
 -5.9399696e-003
 -2.0101335e-003
 -4.8548391e-004
 -7.5191954e-005
 -1.3795367e-006
 -4.0095189e-002
 -3.9982659e-002
 -4.1976172e-002
 -4.5394368e-002
 -5.0230757e-002
 -5.0088094e-002
 -4.7029587e-002
 -4.2105540e-002
 -4.3613802e-002
 -4.2470628e-002
 -4.0468372e-002
 -3.6093262e-002
 -4.1038313e-002
 -5.1216646e-002
 -4.7742265e-002
 -3.4404725e-002
 -5.0507747e-002
 -5.1309329e-002
 -4.2322279e-002
 -4.5900692e-002
 -6.6080005e-002
 -5.4719175e-002
 -5.2918934e-002
 -5.2092678e-002
 -4.9706467e-002
 -4.4558071e-002
 -5.6254128e-002
 -6.4585284e-002
 -4.4557677e-002
 -5.4831304e-002
 -5.2131040e-002
 -5.8310172e-002
 -5.6216510e-002
 -5.1066186e-002
 -4.9498712e-002
 -5.5762424e-002
 -5.9620859e-002
 -5.6383779e-002
 -5.4252236e-002
 -5.0845768e-002
 -4.3930891e-002
 -5.0619692e-002
 -4.5627327e-002
 -4.2987656e-002
 -5.5156057e-002
 -5.5575612e-002
 -4.9062991e-002
 -5.3891959e-002
 -5.0356102e-002
 -4.2635513e-002
 -3.7733471e-002
 -3.2381101e-002
 -2.6867908e-002
 -2.0346580e-002
 -1.2619605e-002
 -5.8911247e-003
 -1.9999603e-003
 -4.8407860e-004
 -7.5107813e-005
 -1.3904271e-006
 -4.0456443e-002
 -3.8944627e-002
 -3.9243672e-002
 -4.0617381e-002
 -4.3164085e-002
 -4.0824954e-002
 -3.6803150e-002
 -3.6178263e-002
 -4.4352048e-002
 -4.0107592e-002
 -3.1506010e-002
 -3.6072941e-002
 -4.8778704e-002
 -5.4339832e-002
 -3.2807755e-002
 -4.5881925e-002
 -6.5728205e-002
 -5.8426409e-002
 -4.1031325e-002
 -5.3632623e-002
 -5.4872551e-002
 -4.6682144e-002
 -4.8433492e-002
 -5.3091533e-002
 -4.8109474e-002
 -4.4000678e-002
 -6.2548254e-002
 -5.9596359e-002
 -6.3464295e-002
 -7.0581089e-002
 -5.9616456e-002
 -7.0250526e-002
 -6.0865292e-002
 -5.3420536e-002
 -6.1281749e-002
 -5.9061478e-002
 -6.2233604e-002
 -6.3939274e-002
 -5.1427511e-002
 -4.5643190e-002
 -4.6827611e-002
 -4.4032488e-002
 -3.5753114e-002
 -4.6630247e-002
 -4.7002825e-002
 -4.7404795e-002
 -4.7311035e-002
 -5.3301057e-002
 -5.2991678e-002
 -3.7429322e-002
 -3.4145311e-002
 -2.9940027e-002
 -2.5487760e-002
 -1.9688170e-002
 -1.2336061e-002
 -5.7848214e-003
 -1.9669853e-003
 -4.7583717e-004
 -7.3472525e-005
 -1.1377260e-006
 -3.9956341e-002
 -3.6813921e-002
 -3.4539892e-002
 -3.3236106e-002
 -3.4129407e-002
 -3.1740062e-002
 -3.0688140e-002
 -3.5374868e-002
 -3.6129423e-002
 -3.1344563e-002
 -3.4329054e-002
 -3.7616452e-002
 -4.6677637e-002
 -3.3917383e-002
 -4.5187566e-002
 -5.9537211e-002
 -5.4804618e-002
 -6.1102972e-002
 -4.9093262e-002
 -5.9402250e-002
 -5.8206867e-002
 -5.2183944e-002
 -5.0827800e-002
 -4.2867787e-002
 -4.0190319e-002
 -5.9114160e-002
 -6.6766140e-002
 -6.1347807e-002
 -8.1067793e-002
 -7.6773556e-002
 -7.0752724e-002
 -8.0425951e-002
 -6.9236958e-002
 -6.8564884e-002
 -7.5884791e-002
 -7.0142079e-002
 -6.6021671e-002
 -5.0241946e-002
 -4.7913436e-002
 -3.6732829e-002
 -4.3453908e-002
 -3.6248661e-002
 -3.6114532e-002
 -4.7196783e-002
 -3.4319126e-002
 -4.3207186e-002
 -5.3359003e-002
 -5.4093095e-002
 -4.7834514e-002
 -3.1890832e-002
 -2.9425038e-002
 -2.6679569e-002
 -2.3174748e-002
 -1.8260710e-002
 -1.1792423e-002
 -5.6985878e-003
 -1.9843086e-003
 -4.8901825e-004
 -7.7189800e-005
 -1.7988953e-006
 -3.7783895e-002
 -3.2340710e-002
 -2.6706173e-002
 -2.3308453e-002
 -2.4703989e-002
 -2.4648332e-002
 -2.7681934e-002
 -3.1828341e-002
 -2.8117076e-002
 -2.8623882e-002
 -4.0982681e-002
 -3.4570276e-002
 -3.5981792e-002
 -4.7028249e-002
 -4.3730878e-002
 -4.9826593e-002
 -5.6512892e-002
 -5.6282116e-002
 -4.8254156e-002
 -7.1782363e-002
 -6.3690408e-002
 -6.6425463e-002
 -4.1749524e-002
 -4.2135991e-002
 -5.9550136e-002
 -7.7639600e-002
 -7.1896816e-002
 -7.1675861e-002
 -7.5681318e-002
 -7.5029536e-002
 -7.8269722e-002
 -8.6380295e-002
 -7.2482312e-002
 -7.7535757e-002
 -8.8884372e-002
 -6.6063163e-002
 -6.2521930e-002
 -4.3970208e-002
 -4.6750295e-002
 -4.8588454e-002
 -4.3920334e-002
 -3.6949006e-002
 -3.9783968e-002
 -4.1845774e-002
 -3.0068319e-002
 -4.0043641e-002
 -5.9304722e-002
 -5.5844959e-002
 -4.1713689e-002
 -2.0382765e-002
 -1.9831497e-002
 -1.9990047e-002
 -1.9049796e-002
 -1.5998202e-002
 -1.0894479e-002
 -5.4860536e-003
 -1.9659356e-003
 -4.9423122e-004
 -7.9487878e-005
 -2.2590784e-006
 -3.1867253e-002
 -2.3743475e-002
 -1.6120577e-002
 -1.3449204e-002
 -1.6885064e-002
 -1.5804088e-002
 -2.3645108e-002
 -2.6964997e-002
 -2.4867634e-002
 -3.1967831e-002
 -3.2912698e-002
 -4.3291271e-002
 -5.2825780e-002
 -4.0257443e-002
 -4.3261414e-002
 -4.9709336e-002
 -4.8994955e-002
 -5.0949073e-002
 -5.3233593e-002
 -6.7433420e-002
 -6.0149446e-002
 -5.6203473e-002
 -5.2217562e-002
 -6.6285056e-002
 -7.6021575e-002
 -8.3637324e-002
 -7.4139406e-002
 -8.3421400e-002
 -7.9576255e-002
 -6.9075660e-002
 -8.2691548e-002
 -8.2724438e-002
 -6.7230297e-002
 -7.6143547e-002
 -7.6123134e-002
 -5.9537613e-002
 -6.4913272e-002
 -5.3398995e-002
 -5.1021133e-002
 -5.3543793e-002
 -5.2708832e-002
 -4.6357418e-002
 -4.9870918e-002
 -4.2883518e-002
 -3.0649198e-002
 -3.6207906e-002
 -5.3707250e-002
 -5.3481882e-002
 -4.4201168e-002
 -6.1530293e-003
 -7.1289524e-003
 -9.3907946e-003
 -1.2432719e-002
 -1.3100316e-002
 -1.0064155e-002
 -5.3816345e-003
 -1.9915580e-003
 -5.1100137e-004
 -8.4026701e-005
 -3.0500910e-006
 -1.9464029e-002
 -1.2194132e-002
 -7.3361263e-003
 -6.6790493e-003
 -8.9962613e-003
 -9.4680919e-003
 -1.2709619e-002
 -1.5542048e-002
 -2.2967678e-002
 -2.3559810e-002
 -4.1826227e-002
 -5.3474126e-002
 -4.7935937e-002
 -4.4209461e-002
 -3.8970064e-002
 -4.6398719e-002
 -5.4627739e-002
 -4.5598775e-002
 -4.1775128e-002
 -4.8450437e-002
 -4.1778490e-002
 -4.7005308e-002
 -7.2220425e-002
 -8.7453289e-002
 -9.2331132e-002
 -9.4428348e-002
 -7.8891734e-002
 -8.5102080e-002
 -7.6950697e-002
 -6.1119388e-002
 -7.3130078e-002
 -6.8379222e-002
 -5.5310754e-002
 -6.1337429e-002
 -6.2542708e-002
 -5.4125112e-002
 -5.8164696e-002
 -5.8423820e-002
 -5.8266858e-002
 -5.4909063e-002
 -6.1785675e-002
 -4.6237568e-002
 -6.4003323e-002
 -4.6733351e-002
 -3.1063365e-002
 -3.8300703e-002
 -3.9165251e-002
 -4.0640134e-002
 -3.1416944e-002
  2.7503888e-004
  1.9322920e-003
  1.1631561e-003
 -3.3682505e-003
 -8.1295136e-003
 -8.7935224e-003
 -5.5546082e-003
 -2.2482828e-003
 -6.1154453e-004
 -1.0794792e-004
 -6.9904581e-006
 -4.0889408e-003
 -3.6325478e-003
 -1.6981003e-003
  9.2615461e-004
  3.4428978e-003
 -1.7946859e-003
 -8.4242320e-003
 -1.5765264e-002
 -1.3374236e-002
 -3.3951453e-002
 -3.9935383e-002
 -3.4370647e-002
 -3.8886950e-002
 -4.3277973e-002
 -3.9667528e-002
 -5.0833820e-002
 -3.5975457e-002
 -2.7363717e-002
 -2.3683804e-002
 -2.0049317e-002
 -4.2867898e-002
 -5.2748713e-002
 -6.9443814e-002
 -8.1946319e-002
 -9.1356291e-002
 -9.1944794e-002
 -8.1802960e-002
 -7.4382452e-002
 -6.3502803e-002
 -5.1019950e-002
 -4.8192685e-002
 -3.3514963e-002
 -3.4800914e-002
 -3.5703772e-002
 -4.7217641e-002
 -4.4503731e-002
 -5.6762957e-002
 -4.5301783e-002
 -5.4337377e-002
 -4.5388945e-002
 -5.9439259e-002
 -6.0055020e-002
 -6.2629974e-002
 -4.0244750e-002
 -3.2430544e-002
 -2.9701812e-002
 -3.7109333e-002
 -2.5983572e-002
 -1.1392768e-002
  7.7913478e-003
  8.0843683e-003
  8.0708916e-003
  5.6326097e-003
 -4.6501034e-004
 -5.2943685e-003
 -4.8394268e-003
 -2.3047734e-003
 -6.8923999e-004
 -1.3234627e-004
 -1.1597257e-005
  1.0474034e-003
 -1.9908778e-004
  1.5042146e-003
  4.3888519e-003
  1.1446774e-002
  3.4257298e-003
 -1.0069449e-002
 -1.3318451e-002
 -2.9502847e-002
 -2.4660446e-002
 -1.7096754e-002
 -3.0273110e-002
 -5.2012321e-002
 -4.0759775e-002
 -4.3502461e-002
 -4.7161794e-002
 -1.1005280e-002
 -4.1542724e-003
  8.2752344e-004
 -1.7692246e-002
 -4.9597356e-002
 -5.1149554e-002
 -5.4953499e-002
 -5.6036272e-002
 -7.6456556e-002
 -7.0372559e-002
 -7.1346775e-002
 -6.5822214e-002
 -4.6606130e-002
 -3.4852847e-002
 -3.1466714e-002
 -8.4472633e-003
 -1.2374209e-002
 -2.0408812e-002
 -3.9195139e-002
 -3.8469269e-002
 -5.0522110e-002
 -2.7021154e-002
 -5.0201145e-002
 -4.1225228e-002
 -4.5788592e-002
 -6.7136628e-002
 -5.6592013e-002
 -2.7238318e-002
 -1.3052426e-002
 -2.8899319e-002
 -3.9060583e-002
 -2.4371082e-002
 -3.6033446e-003
  1.4647294e-002
  8.8989745e-003
  7.2505451e-003
  5.8416220e-003
  3.0611357e-003
 -1.1337842e-003
 -2.5768702e-003
 -1.5937012e-003
 -5.5048970e-004
 -1.1612134e-004
 -1.0866668e-005
  6.5973421e-006
  5.8431421e-004
  1.0844802e-003
  1.6666651e-003
  6.8219518e-004
 -1.1982628e-003
 -5.3198368e-003
 -9.0869549e-003
 -1.3261182e-002
 -1.6409640e-002
 -1.9820279e-002
 -2.3801874e-002
 -2.7222634e-002
 -2.7291828e-002
 -2.6132396e-002
 -2.3979009e-002
 -1.9026948e-002
 -1.6404978e-002
 -1.6725686e-002
 -2.1380925e-002
 -2.8384646e-002
 -3.3482634e-002
 -3.8056796e-002
 -4.1583365e-002
 -4.5393551e-002
 -4.5973783e-002
 -4.4251638e-002
 -4.0529422e-002
 -3.5076759e-002
 -2.9496874e-002
 -2.4927999e-002
 -2.0579947e-002
 -1.9560007e-002
 -2.0931223e-002
 -2.4392072e-002
 -2.6833443e-002
 -2.9636591e-002
 -2.9787158e-002
 -3.2356137e-002
 -3.3019612e-002
 -3.4248675e-002
 -3.5013139e-002
 -3.2052784e-002
 -2.6138467e-002
 -2.0814105e-002
 -1.8184425e-002
 -1.5894332e-002
 -1.1165358e-002
 -4.7648747e-003
 -4.1471939e-005
  2.3487506e-003
  2.8231966e-003
  2.1290797e-003
 -4.8026572e-004
 -2.2642885e-003
 -1.7958385e-003
 -7.4827948e-004
 -1.8564830e-004
 -1.9881792e-005
  6.2391711e-006
 -1.4920831e-003
 -6.5351636e-004
 -3.1557721e-004
 -4.8302702e-004
 -1.3195953e-003
 -2.7004041e-003
 -4.5612055e-003
 -6.6905934e-003
 -9.1362276e-003
 -1.1492642e-002
 -1.3491619e-002
 -1.5090466e-002
 -1.5962770e-002
 -1.5850042e-002
 -1.4976469e-002
 -1.3658837e-002
 -1.2294949e-002
 -1.1455928e-002
 -1.1807799e-002
 -1.3421073e-002
 -1.5823318e-002
 -1.8396425e-002
 -2.0755136e-002
 -2.2725428e-002
 -2.3894444e-002
 -2.4135612e-002
 -2.3407441e-002
 -2.1846000e-002
 -1.9648392e-002
 -1.7269842e-002
 -1.5182425e-002
 -1.3765612e-002
 -1.3235932e-002
 -1.3582703e-002
 -1.4430589e-002
 -1.5367742e-002
 -1.6271223e-002
 -1.7208486e-002
 -1.7863458e-002
 -1.8194409e-002
 -1.8296855e-002
 -1.8152118e-002
 -1.7431876e-002
 -1.5945751e-002
 -1.4126579e-002
 -1.2157074e-002
 -9.9221262e-003
 -7.5198918e-003
 -5.1102295e-003
 -3.1113314e-003
 -1.8289980e-003
 -1.2321527e-003
 -1.3266949e-003
 -1.5607644e-003
 -1.1610597e-003
 -5.1972554e-004
 -1.3606347e-004
 -8.8158298e-006
  1.2815922e-005
  9.3643832e-006
 -5.2672454e-004
 -4.4871775e-004
 -4.4442603e-004
 -6.2062756e-004
 -9.5617291e-004
 -1.5004533e-003
 -2.1539090e-003
 -2.8748517e-003
 -3.5963488e-003
 -4.2106109e-003
 -4.6927600e-003
 -5.0845318e-003
 -5.3127683e-003
 -5.2913364e-003
 -5.0228102e-003
 -4.5543662e-003
 -4.0620770e-003
 -3.7915143e-003
 -3.8747894e-003
 -4.3080458e-003
 -4.9972092e-003
 -5.7745468e-003
 -6.4813005e-003
 -7.0364482e-003
 -7.3630313e-003
 -7.4387317e-003
 -7.2736483e-003
 -6.8544342e-003
 -6.2211355e-003
 -5.5294362e-003
 -4.9284431e-003
 -4.5406998e-003
 -4.4294614e-003
 -4.5515911e-003
 -4.7813647e-003
 -5.0325987e-003
 -5.2295316e-003
 -5.3968430e-003
 -5.5481260e-003
 -5.6610626e-003
 -5.6949293e-003
 -5.6464580e-003
 -5.4743660e-003
 -5.1898824e-003
 -4.8267149e-003
 -4.3734130e-003
 -3.7987304e-003
 -3.1263241e-003
 -2.4325428e-003
 -1.7750019e-003
 -1.2640624e-003
 -9.1944205e-004
 -7.0612024e-004
 -4.6627887e-004
 -2.1227803e-004
 -5.5587959e-005
  2.2778772e-006
  1.2159024e-005
  9.0591069e-006
  5.3554965e-006
 -6.6182853e-005
 -8.8037838e-005
 -1.2004400e-004
 -1.7370044e-004
 -2.5478213e-004
 -3.6757875e-004
 -4.9919118e-004
 -6.3053488e-004
 -7.4201381e-004
 -8.2730956e-004
 -8.9448751e-004
 -9.5141526e-004
 -9.9132657e-004
 -9.9485455e-004
 -9.4890925e-004
 -8.5878849e-004
 -7.5843280e-004
 -6.9865267e-004
 -7.0560381e-004
 -7.8123331e-004
 -9.0461912e-004
 -1.0412611e-003
 -1.1638175e-003
 -1.2568957e-003
 -1.3171143e-003
 -1.3375476e-003
 -1.3134811e-003
 -1.2420782e-003
 -1.1328512e-003
 -1.0108835e-003
 -9.0487684e-004
 -8.3762687e-004
 -8.2184554e-004
 -8.4782957e-004
 -8.9352682e-004
 -9.3647590e-004
 -9.6307358e-004
 -9.7487701e-004
 -9.9241183e-004
 -1.0154126e-003
 -1.0310009e-003
 -1.0246736e-003
 -9.9355209e-004
 -9.5093495e-004
 -9.0550531e-004
 -8.5434473e-004
 -7.8391053e-004
 -6.8193241e-004
 -5.5391388e-004
 -4.1748834e-004
 -2.9584510e-004
 -1.9956981e-004
 -1.2060638e-004
 -5.3542959e-005
 -1.2478599e-005
  2.8939115e-006
  6.2908616e-006
  4.4894317e-006
  2.8439563e-006
  2.1134155e-006
