 -4.2709320e+000
 -3.3146468e-020
  7.0517570e-020
  4.1193225e-019
 -7.2868160e-019
 -1.9375408e-018
  1.2990803e-018
 -2.3620751e-018
  9.4683648e-019
 -2.5773380e-018
  1.9902362e-018
 -2.1237393e-018
 -3.1737770e-019
 -4.3983974e-018
  2.5911289e-018
  4.4146907e-018
  1.4041591e-018
 -7.2412591e-018
  1.7216952e-018
  2.3124376e-018
  1.4335087e-018
 -1.7241888e-018
 -6.5881115e-019
  2.2000228e-018
  6.7338592e-019
 -1.3674667e-018
 -1.7520296e-018
 -5.1118078e-019
 -5.9155704e-019
  1.4149990e-018
  3.3029255e-018
  1.1264543e-018
  3.1146083e-018
 -3.5488056e-018
  1.6938376e-018
 -2.1183677e-019
 -3.2555598e-019
 -1.9186694e-018
  1.3603424e-018
 -2.8444044e-018
 -2.9396806e-018
  3.3377355e-018
  2.0693810e-018
  1.2529854e-018
 -4.5294465e-018
 -2.4136841e-018
  9.0401774e-019
 -4.4594706e-019
 -2.2187654e-018
 -1.3893899e-018
  3.9560515e-019
 -5.1468444e-019
 -2.0540093e-020
  1.1411020e-018
  3.9969792e-019
  1.3927147e-018
  9.4767176e-019
 -4.0135682e-019
 -8.3382546e-020
  2.5946195e-020
  4.2312984e-021
  1.9213312e-019
  2.0798305e-018
 -4.9380568e-018
 -2.0837361e-017
  1.9467346e-017
  1.1935365e-017
  3.3513284e-017
 -5.8756214e-017
  5.6386805e-017
  2.7356507e-017
  4.6420234e-019
 -5.3581522e-017
  4.3401992e-017
  1.3503864e-016
  3.3850137e-016
  1.2871921e-016
  4.9273934e-017
 -3.0286730e-017
  2.1284629e-016
  1.1547718e-016
  4.1747915e-017
 -1.2438561e-017
  8.4326703e-017
  2.9871858e-017
 -3.7924051e-017
 -3.3833320e-017
  2.5768423e-017
  1.4053934e-017
 -1.4712221e-017
 -8.4654859e-017
 -1.3058767e-016
 -5.7428561e-017
  6.8476086e-017
  1.4828867e-016
  5.5515756e-017
  1.8336902e-017
  4.1200303e-017
 -2.0622936e-017
 -5.6799461e-017
 -2.0947178e-017
  1.2492319e-016
  2.5909256e-016
  8.1855416e-017
 -2.3817117e-017
  7.1725494e-018
  3.3824766e-017
  5.2001793e-017
 -3.5892382e-017
 -1.0686045e-017
  3.8337331e-017
  3.2361225e-017
 -7.2613144e-018
 -3.1842371e-017
 -4.2363794e-017
 -1.3994477e-017
  1.5439647e-017
  7.3014483e-018
 -2.0096348e-018
 -3.7309952e-019
  8.7465240e-020
  7.1765869e-018
 -1.7797919e-017
 -1.1010529e-016
  1.1581226e-016
  5.7670229e-016
  2.3965937e-015
  1.9446170e-016
 -2.5116905e-017
  6.0505728e-016
 -1.5176040e-015
  1.5144486e-015
 -1.5103428e-016
  9.0299132e-016
  3.8392160e-015
 -7.5624831e-015
  5.9427037e-015
  7.3652935e-016
  6.5882078e-016
 -5.0496383e-015
  3.4195023e-015
  6.7435431e-016
 -6.4835945e-016
 -1.3076122e-015
  8.4515288e-016
 -1.3629889e-016
  1.1952626e-015
  1.1934774e-015
  6.4023403e-016
 -1.1895141e-015
 -4.8104294e-015
 -1.4419969e-015
 -2.0453503e-015
  1.9534107e-015
 -4.6457981e-016
 -1.6429216e-016
  7.7894737e-016
  7.3041783e-016
  6.7013960e-016
 -1.1212318e-015
  3.0616831e-016
  3.7980598e-015
 -5.5865204e-015
  4.4555561e-015
  9.8288029e-016
  4.8810214e-016
  6.3351910e-016
  3.7366751e-016
  4.3759863e-016
  6.4583391e-016
  7.7682597e-016
  7.9445931e-016
 -1.4179529e-016
 -1.2241539e-015
 -1.3825040e-015
 -7.8053499e-016
 -1.6157266e-016
  8.1940646e-017
  2.8969939e-017
 -6.1275525e-018
 -9.9497207e-019
 -2.1101888e-017
 -2.8446114e-016
  2.9472339e-016
  3.5586960e-015
  2.2520860e-014
 -2.9206614e-014
  5.2126497e-014
  1.3876939e-014
 -2.0624115e-014
  1.8853316e-014
 -1.2498438e-014
  1.1598138e-014
  1.2123262e-014
 -4.3597514e-015
 -1.6062968e-010
 -3.2948626e-014
  2.6055368e-014
  6.2673331e-014
 -9.4092460e-011
 -4.2640407e-014
  3.8679886e-015
 -2.3317114e-014
 -6.8366670e-014
 -1.3799111e-014
  1.5061758e-014
 -1.4904757e-014
 -3.8073334e-014
  8.8146316e-015
 -3.0022275e-014
  5.0242106e-014
  5.0816444e-014
  5.0951090e-015
 -1.5531022e-014
 -1.1317378e-013
  1.6494763e-014
 -1.0504019e-014
  1.6929454e-014
  6.7439691e-015
  6.7559277e-014
  1.1309640e-014
 -4.8550213e-014
 -1.2063020e-010
 -2.1279486e-014
  3.1533012e-014
  1.8778950e-015
 -4.9997816e-014
 -1.3895716e-014
  5.8520097e-015
  4.2721678e-014
 -2.4871909e-014
  5.6232561e-015
 -3.7769521e-015
  1.9156013e-014
  4.5324907e-014
 -1.1190575e-014
 -4.0953109e-015
 -6.3245165e-016
  2.0854101e-016
  5.9929151e-017
 -1.0447842e-017
 -3.1483768e-016
  1.7943886e-016
  6.4082493e-015
  5.7382838e-014
 -1.4349001e-013
 -8.5855316e-010
 -1.6978225e-009
  3.3185044e-012
  1.0322331e-013
 -4.8845681e-010
 -2.8641368e-009
 -2.6455727e-011
  1.8378848e-013
 -8.3575142e-010
 -6.7456645e-002
 -8.0130151e-010
  4.9893803e-013
  6.3425866e-010
 -3.9511762e-002
 -4.7068812e-010
 -1.6635716e-013
  1.9255464e-009
 -9.3990070e-010
 -3.0461207e-013
 -1.5017608e-013
  4.1036849e-010
 -7.1813724e-010
 -3.1171072e-013
  2.7690344e-013
  7.5619200e-010
  1.1843664e-009
  3.5626642e-013
 -5.4744920e-013
 -4.1921025e-010
  1.7953300e-009
  1.6010011e-013
  4.2508441e-012
 -4.6332234e-010
  5.1904491e-010
  2.3701060e-013
 -5.6171242e-010
 -5.0662594e-002
 -1.3524712e-009
  4.5545343e-014
  1.2465140e-011
 -6.9320531e-010
 -3.3204554e-010
  1.7517764e-013
  1.6945629e-010
 -1.5084152e-009
 -1.6065545e-013
  1.9853842e-013
  2.1008023e-010
  2.9129125e-010
  2.5554804e-013
 -2.5583347e-014
 -6.7712045e-015
 -8.4240165e-016
  1.9923918e-016
  5.1555241e-017
 -3.0450988e-016
 -3.7895435e-016
  6.2122345e-015
  6.3271270e-014
 -1.0670045e-013
 -8.5852586e-010
 -1.4526840e-009
 -2.4886511e-010
  6.4777288e-012
 -4.8866506e-010
 -1.7914552e-009
 -1.0487639e-009
 -5.2840124e-011
 -4.7261722e-010
 -3.6924034e-002
 -1.2787054e-009
  3.7122864e-012
  9.0823426e-010
 -1.6489743e-002
 -6.9002666e-010
 -2.5287278e-011
  1.9502775e-009
 -8.7930599e-010
 -1.6405691e-010
 -2.1775226e-010
  5.3607157e-010
 -5.5555470e-010
 -2.1825025e-010
 -3.9426056e-010
  1.1469343e-009
  1.3159925e-009
 -2.7364146e-010
 -7.2324085e-010
  1.4290644e-010
  1.7955471e-009
  8.5936219e-012
 -1.1684961e-009
  6.0466749e-010
  5.1930748e-010
  7.0064145e-011
 -1.9013313e-003
 -2.8269988e-002
 -1.0868544e-009
  2.5192265e-011
 -4.1053963e-010
 -2.9533100e-010
 -3.3140564e-010
  3.3922480e-010
 -3.0807291e-010
 -1.3694071e-009
  1.6374165e-011
  4.0388483e-010
  2.6179315e-010
 -1.8018511e-010
 -9.2975596e-014
 -4.3107344e-015
  2.2551273e-016
  6.2892722e-016
  5.3860494e-017
 -2.5288415e-017
 -2.9637456e-016
 -3.5729347e-016
  6.1351997e-015
  6.7664817e-014
 -1.0413610e-013
 -8.5867126e-010
 -1.0085037e-009
 -5.5303320e-010
 -1.4445958e-010
 -4.7952499e-010
 -1.0357709e-009
 -1.0394045e-009
 -7.3473837e-010
 -1.1292799e-010
 -5.8153118e-010
 -1.0698309e-009
 -3.0160206e-010
  9.2326077e-010
 -8.4744019e-011
 -1.0560872e-009
  2.1911204e-010
  1.3718832e-009
 -5.2814025e-010
 -4.3445660e-002
 -3.8519997e-002
  7.4917579e-010
 -5.5974566e-011
 -2.3343043e-002
 -8.9016039e-010
  1.4379968e-009
  1.2881666e-009
 -5.9537987e-002
 -6.6880237e-002
  2.3153340e-010
  1.9054768e-009
 -1.0690341e-009
 -4.1650806e-002
  9.4657587e-010
  6.7980378e-010
 -2.9632528e-010
 -2.3614068e-005
 -5.1282969e-010
 -7.1297360e-010
 -9.1230489e-013
 -1.0971220e-009
  4.2743417e-010
  1.2948844e-010
 -7.1842291e-011
 -1.5247955e-009
 -1.5684607e-010
  5.2115739e-010
  2.4837618e-010
 -3.6079554e-010
 -1.7009051e-013
  9.0973525e-015
  4.0709526e-015
  1.0048963e-015
 -5.9988081e-017
 -4.5651365e-017
  1.5470710e-018
 -3.1842555e-016
 -2.7673468e-016
  6.7093444e-015
  6.4947170e-014
 -1.0381694e-013
 -8.5871405e-010
 -7.8804716e-010
 -5.5945455e-010
 -2.7547076e-010
 -5.7455538e-010
 -6.9810635e-010
 -7.9343503e-010
 -6.4937607e-010
 -7.2064030e-010
 -1.8589130e-010
 -9.1181556e-010
 -7.6202629e-010
  6.6259291e-010
 -7.0892415e-010
 -1.2319153e-010
  2.2404733e-010
  1.1026910e-009
 -4.4060929e-010
 -5.9438933e-002
 -3.8917499e-002
  7.1663649e-010
 -3.6207531e-011
 -5.2300543e-002
  7.4454948e-011
  4.4895606e-010
  1.1941557e-009
 -6.4856669e-002
 -3.4765133e-002
  2.3617136e-010
  1.3427252e-009
 -1.2411211e-009
  9.9710571e-010
  3.0036011e-010
  4.7557171e-011
 -7.8356794e-010
  3.2709180e-010
 -8.0662424e-010
 -7.7285935e-010
 -1.9086993e-008
  8.0857277e-010
 -1.0509188e-010
 -4.0109236e-010
 -9.9658150e-010
 -2.2542450e-010
 -2.3033354e-011
  2.9139888e-010
 -5.3735515e-010
 -2.1710028e-013
  2.7990978e-014
  8.9501284e-015
  1.1826737e-015
 -2.5842041e-016
 -6.3355580e-017
  6.6838044e-018
  1.6644260e-018
 -3.2017886e-016
 -2.3166525e-016
  6.8682580e-015
  6.1906560e-014
 -1.0884951e-013
 -8.5874872e-010
 -7.0216882e-010
 -3.8885174e-010
 -3.4007614e-010
 -7.1025976e-010
 -5.8904665e-010
 -7.3656765e-010
 -8.4907111e-010
 -2.3005887e-002
 -2.2880104e-002
 -3.4336167e-002
 -2.1696165e-003
  2.5000343e-010
 -1.1726766e-009
  1.0852828e-009
 -3.2615629e-010
  7.4653648e-010
 -4.9721314e-010
 -7.9881206e-010
 -3.3335763e-010
  6.1533494e-010
  1.6224915e-010
 -1.0999284e-009
  1.0708919e-009
 -2.0631561e-010
  1.1109201e-009
 -6.9234956e-010
 -5.8015146e-010
  5.7097686e-010
  4.7064411e-010
 -7.2547217e-010
  1.8865217e-009
 -9.7677232e-011
 -7.5250165e-010
  6.1812487e-011
  7.3911272e-011
 -8.9231373e-010
 -2.6468175e-002
 -8.9583985e-010
  1.3013181e-009
 -2.3700790e-002
 -3.8650816e-002
 -1.0918176e-009
  7.0769172e-010
 -3.9138748e-010
 -6.3986999e-010
 -4.1840767e-012
  4.8146614e-014
  1.1943448e-014
  6.9830711e-016
 -4.8686867e-016
 -5.8434965e-017
  1.3390661e-017
  1.7794718e-018
 -2.8447700e-019
 -3.1440262e-016
 -2.0366110e-016
  6.7497190e-015
  6.0905928e-014
 -1.0912804e-013
 -8.5876319e-010
 -5.9343211e-010
 -3.3297990e-010
 -4.2121334e-010
 -6.1180685e-010
 -1.1095254e-009
 -3.1183332e-002
 -5.5881814e-002
 -6.5004685e-002
 -5.6645547e-002
 -6.3714990e-002
 -2.8537157e-002
 -4.2536658e-010
 -2.4255953e-002
  8.9183148e-010
 -6.3170990e-010
  6.0547035e-010
 -2.2031410e-002
 -3.3923166e-010
  5.9090124e-011
 -8.7483435e-011
 -2.7693134e-010
  3.7797045e-010
  7.9138825e-010
 -1.0575790e-009
  4.3370742e-010
  4.0417846e-010
 -6.3390874e-010
 -5.0516056e-012
  1.4848759e-010
  1.2852964e-009
  5.1800712e-010
 -5.8649553e-010
 -2.5757345e-002
  5.2602003e-010
 -1.4079617e-010
 -7.5682147e-010
 -3.9815012e-002
 -3.5532130e-010
  5.4257504e-010
 -6.1283325e-002
 -4.1123766e-002
 -8.1253074e-010
  5.4726069e-010
 -3.3937181e-002
 -4.8240887e-010
 -7.0588811e-014
  3.6088145e-014
  4.6397738e-015
 -2.7462088e-016
 -2.1365126e-016
  1.7447332e-018
  6.0242510e-018
 -1.0556353e-019
 -1.2453795e-019
 -3.0811670e-016
 -2.8840309e-016
  6.5291385e-015
  6.1101979e-014
 -1.1011344e-013
 -8.5875231e-010
 -5.0481137e-010
 -2.8848918e-010
 -4.8591123e-010
  6.8476489e-005
 -3.5062893e-002
 -5.7660758e-002
 -6.7279624e-002
 -7.1690402e-002
 -3.7170724e-002
 -3.7557318e-002
 -5.6419265e-003
  9.5467148e-011
 -7.2908150e-010
 -3.4049516e-010
  4.1529246e-010
  2.6465272e-010
 -7.5284738e-010
 -1.6888066e-010
  2.0291966e-010
 -2.0483899e-005
 -2.1014102e-010
  1.6070073e-009
 -4.0631932e-010
 -4.8939399e-002
 -3.8238000e-010
  8.4497843e-010
 -2.3915585e-002
 -4.9309744e-010
  1.6400577e-010
  2.1860474e-009
 -1.7829612e-010
 -4.0120538e-002
 -4.4065746e-002
  4.8812221e-010
 -9.5115229e-011
 -3.7611702e-002
 -6.4081225e-002
  6.1186901e-010
 -3.6767089e-011
 -1.2445497e-009
 -7.8777102e-010
  7.9008576e-011
 -1.0036584e-010
 -3.0407963e-002
 -3.6218428e-010
 -6.5149628e-014
  2.5478790e-014
  3.7968856e-015
 -7.3418866e-017
 -1.7024991e-016
 -2.5586504e-018
  4.5347336e-018
  2.0907491e-021
 -8.4489731e-020
 -5.2452043e-016
 -4.5689830e-016
  8.7321705e-015
  8.4434114e-014
 -4.3982122e-014
 -9.6382178e-010
 -5.7935942e-010
 -6.2434187e-010
 -1.4268692e-002
 -4.5902650e-002
 -5.9559024e-002
 -5.7732307e-002
 -4.9556612e-002
 -3.6675399e-002
 -4.4460824e-010
 -8.4030748e-010
 -2.2684838e-010
 -2.2000467e-010
 -3.4923057e-010
 -3.4851658e-002
  7.6763620e-010
 -1.6354183e-008
 -1.1259939e-002
  3.3056828e-010
 -1.8784245e-010
 -3.2473041e-002
 -3.5275081e-006
  1.6943768e-009
 -2.0505857e-002
 -5.7931763e-002
  3.2618419e-006
  8.8534282e-010
 -3.5792242e-002
 -2.9758921e-010
  2.0912687e-010
  2.0399626e-009
 -2.6587708e-010
 -3.0283703e-002
 -8.7748336e-010
  1.9102151e-009
 -9.0542340e-010
 -3.4206351e-002
 -6.8555137e-010
  4.2504735e-010
 -2.5598556e-010
 -6.2034647e-010
 -5.8018344e-010
  2.2278929e-010
 -4.5002017e-010
 -3.0151004e-002
 -3.5912665e-010
 -7.1116182e-014
  2.4892933e-014
  4.0742955e-015
 -3.2886115e-017
 -1.8055761e-016
 -4.2660085e-018
  4.8259820e-018
  5.2180886e-020
 -9.1863934e-020
 -4.1394687e-016
  4.6188158e-015
  4.0513560e-014
 -6.6490106e-014
 -5.2782192e-010
 -4.4313575e-002
 -5.0227382e-002
 -5.5222478e-002
 -6.3168402e-002
 -6.8328437e-002
 -5.7269167e-002
 -3.1693886e-002
 -6.4844971e-003
 -2.3776962e-007
  3.3392946e-010
 -7.2567507e-010
 -2.0502550e-010
 -5.0493388e-011
 -3.4783874e-010
 -3.2046746e-002
  2.4563302e-010
 -5.3506039e-010
 -2.7303104e-002
 -5.9276543e-011
 -3.6139046e-012
 -4.7436420e-002
 -1.5494574e-002
  1.3372893e-009
 -2.9249095e-006
 -4.9710003e-002
 -1.7438341e-010
  3.0176348e-010
 -2.5831128e-002
  5.7287698e-011
  8.1859499e-010
  1.2412615e-009
 -2.9320689e-010
 -4.6901153e-010
  9.2836114e-010
  2.8235683e-010
 -7.7004213e-010
 -6.2793514e-010
  4.3420698e-010
 -3.5405158e-010
  5.9113602e-011
 -9.6897577e-010
 -1.1980443e-009
  2.3700539e-010
  1.3092830e-011
 -2.7262905e-002
 -3.2471893e-010
 -6.7449117e-014
  2.1832995e-014
  3.7565660e-015
 -1.8250938e-018
 -1.6787797e-016
 -4.2850336e-018
  4.5181915e-018
  4.6805023e-020
 -8.6587670e-020
 -8.0010585e-016
  5.9142245e-015
  4.7365949e-014
 -6.8458910e-014
 -5.3383871e-010
 -4.4814365e-002
 -4.5803664e-002
 -4.4956753e-002
 -4.3351535e-002
 -3.9947785e-002
 -2.1152318e-002
 -1.5619983e-008
 -2.1091007e-010
 -5.1768969e-010
 -1.9452572e-011
 -1.5622861e-010
 -5.0643009e-010
  5.1216598e-010
 -5.5792471e-010
 -9.6470637e-003
 -4.0407347e-010
  1.8158944e-011
 -3.2004414e-002
 -2.2852395e-002
  9.9714596e-010
 -9.6834157e-010
 -3.4437468e-010
  5.4496395e-010
 -4.9977750e-010
 -1.6412727e-002
  1.0493694e-010
  1.9685798e-012
 -2.3444556e-007
  7.1583447e-010
  8.4781246e-010
  2.8650086e-010
  4.2516598e-010
  1.1950644e-009
 -1.2336862e-010
 -8.5868608e-010
 -2.7239957e-010
  4.9709830e-011
  3.2144126e-010
 -1.4250774e-010
 -1.1507615e-009
 -4.6543181e-002
 -5.3648965e-002
  1.3775934e-010
  1.6695155e-010
 -2.4167322e-002
 -2.8784049e-010
 -6.3275941e-014
  1.8482946e-014
  3.4242440e-015
  4.3765379e-017
 -1.5373889e-016
 -4.8929328e-018
  4.1514796e-018
  5.8534403e-020
 -7.9722682e-020
 -1.6903947e-016
  4.0402197e-015
  1.6666290e-014
 -5.9035552e-014
 -2.3737932e-010
 -1.9929623e-002
  5.4610524e-005
 -1.5178105e-004
 -6.2977486e-010
 -5.1593828e-010
 -3.5407705e-010
 -4.7650071e-010
 -2.7927641e-010
 -1.6395214e-010
 -4.1279946e-010
  9.3718217e-011
 -1.3526387e-010
  3.5350844e-010
 -9.4648554e-010
 -2.5404947e-002
 -6.6009607e-010
  5.9717464e-010
 -7.8134214e-010
 -1.4311607e-002
  4.6128510e-010
  2.3403800e-012
 -6.8081438e-010
  2.7091040e-010
 -4.4715416e-010
 -1.7070995e-002
  6.7265825e-011
 -6.9478576e-010
 -3.7493490e-011
  1.0740546e-009
  7.2815188e-010
  1.2613601e-010
  1.2471676e-009
  3.7188899e-010
 -4.1227276e-010
 -9.2293512e-010
  1.1606669e-010
 -1.2064852e-010
  6.6490392e-010
  6.7788401e-013
 -1.5702474e-009
 -9.8319674e-010
 -5.1562436e-010
  3.5535601e-010
  1.0311898e-010
 -2.1043605e-002
 -2.5062614e-010
 -5.9399348e-014
  1.4821114e-014
  3.0534671e-015
  1.1473680e-016
 -1.3688426e-016
 -6.5719089e-018
  3.7228125e-018
  9.8795615e-020
 -7.1992190e-020
 -3.8958237e-017
  1.3243599e-015
  6.6342413e-015
 -2.6586148e-014
 -1.0484171e-010
 -8.8032291e-003
 -4.3297690e-010
 -2.9750471e-010
 -4.1174297e-010
 -3.3443257e-010
 -3.0205444e-010
 -3.9092680e-010
 -3.1020315e-010
 -1.6739289e-010
 -3.6334071e-010
 -1.5466302e-010
  6.3633149e-010
  3.2477776e-012
 -6.1983448e-010
 -1.2920900e-009
 -7.8811439e-010
  8.5334903e-010
 -2.2744470e-010
 -1.1287385e-009
  2.2891982e-010
  2.5934495e-011
 -5.7270640e-010
  6.0603180e-010
 -1.0404086e-009
 -7.4819533e-010
 -8.5500748e-011
 -7.8129567e-010
  5.8137207e-011
  1.6537957e-009
  7.3535929e-010
  8.4154745e-010
  5.4908637e-010
 -5.5762267e-010
  1.7179027e-010
 -1.2440905e-009
 -1.2074380e-010
  1.0237854e-009
  5.6447423e-011
 -6.7273089e-010
 -1.5727550e-009
 -5.5029285e-010
  2.1501781e-010
  1.6602012e-010
  3.9968070e-012
 -1.2611585e-002
 -1.5017955e-010
 -3.5372161e-014
  7.5697194e-015
  1.5454359e-015
  1.4468774e-016
 -7.3053242e-017
 -6.3246741e-018
  2.0768963e-018
  1.0975615e-019
 -4.0497713e-020
 -2.6435660e-017
  1.3169619e-016
 -1.0109604e-016
  3.4086498e-015
  8.0577242e-015
 -1.3001309e-009
 -3.0730161e-010
 -3.2244028e-010
 -3.8545470e-010
 -2.7249618e-010
 -3.3879651e-010
 -2.5383342e-010
 -2.8770619e-010
 -3.5297389e-010
 -9.0891624e-011
 -1.3724427e-010
  6.4439231e-010
 -1.2144606e-010
 -4.7307820e-010
 -1.3126443e-009
 -1.0288994e-009
  3.3444124e-010
  7.1039655e-010
 -2.2350775e-002
 -3.8598743e-010
 -6.2522523e-011
 -3.0239198e-010
 -2.7443861e-011
 -1.7180480e-002
 -9.6419895e-010
 -5.0698501e-010
 -1.0157288e-009
  1.0329920e-009
  1.4812456e-009
  1.6041772e-009
  3.0061902e-010
 -2.4216187e-010
  1.1415163e-010
 -3.3284052e-002
 -4.3675390e-002
  2.8432463e-011
  7.5099198e-010
 -2.7069904e-010
 -7.9160457e-010
 -1.4607472e-009
 -4.0681572e-010
  1.9821243e-010
  3.0400650e-010
  7.1342478e-011
 -9.3905768e-010
 -8.9780838e-014
  5.8774295e-014
  8.1662082e-015
 -2.9039169e-017
 -4.2759341e-016
 -1.8522593e-017
  1.2766473e-017
  3.2433910e-019
 -2.4337535e-019
 -4.5068036e-021
 -4.8563611e-017
 -6.5836907e-016
  3.5732858e-015
  6.8283386e-014
 -1.4455982e-013
 -8.5878643e-010
 -2.8608425e-010
 -3.6040535e-010
 -3.3502362e-010
 -2.4119379e-010
 -3.2016295e-010
 -1.9015051e-010
 -2.0892621e-010
 -5.5845475e-010
 -1.7667715e-010
  8.5716331e-010
 -6.8072301e-013
 -6.1155360e-010
 -1.7773196e-010
 -1.1729660e-009
 -8.9299370e-010
  1.3691186e-010
  8.9600636e-010
 -9.4380076e-010
 -7.0080154e-010
  4.4921567e-010
 -3.6237801e-010
 -4.6635524e-010
 -7.0312455e-010
 -1.9085272e-002
 -1.3407407e-009
 -4.3681192e-010
  1.3318599e-009
  2.3958610e-009
  6.5513589e-011
  1.7811580e-010
  8.8921166e-010
 -6.0519494e-010
 -8.8420804e-010
 -8.3636221e-010
  6.9036119e-010
  3.6459462e-010
 -5.2588918e-010
 -8.2860428e-010
 -1.1882203e-009
  9.5783099e-011
 -1.6466917e-010
  5.9166644e-010
 -2.0960514e-010
 -8.5215165e-010
 -1.0342663e-013
  5.6689411e-014
  7.9147761e-015
 -3.7991297e-016
 -3.7248503e-016
  9.1566175e-019
  9.9110937e-018
 -2.0100461e-019
 -1.6937515e-019
  7.0906276e-021
 -1.9040266e-018
  5.4420855e-016
 -9.1165562e-016
  3.2690829e-015
 -2.0795765e-014
 -2.1974851e-006
 -2.6819293e-010
 -3.8629345e-010
 -3.0736164e-010
 -2.5077171e-010
 -2.7350866e-010
 -2.7163754e-011
 -3.5118522e-010
 -5.9446905e-010
  1.1266489e-010
  1.0377939e-009
 -5.8623011e-010
 -4.9288892e-010
 -3.1796364e-010
 -1.2891177e-002
 -8.6411624e-010
  6.0787075e-011
  1.0476551e-009
 -7.7493126e-010
 -6.1330846e-010
  3.6879924e-010
 -2.6188501e-002
 -1.1042724e-009
 -2.8262994e-002
 -4.0684637e-002
 -3.1710776e-002
 -8.4592280e-007
  2.3191970e-009
  1.4375780e-009
 -4.0073575e-011
  1.3230514e-009
 -6.5933710e-010
 -2.5361472e-010
 -5.6565243e-010
 -9.2800528e-010
  8.5735389e-010
 -2.0128960e-010
 -2.3966756e-010
 -7.1926465e-010
 -1.1810159e-009
  7.7795297e-010
 -7.9624347e-010
  7.4323679e-010
 -3.5648735e-010
 -7.8372210e-010
 -1.3037671e-013
  5.2800935e-014
  8.1985715e-015
 -2.4287342e-016
 -3.6693440e-016
 -4.1221371e-018
  1.0015660e-017
 -1.2350347e-019
 -1.8470507e-019
  7.9096761e-021
  3.0413183e-016
  2.3997073e-015
  5.5215251e-015
 -4.9504839e-014
 -1.4739053e-010
 -1.1291479e-002
 -3.7827500e-010
 -3.9456119e-010
 -2.9672924e-010
 -2.2943469e-010
 -2.2882182e-010
  9.7299003e-011
 -5.6936700e-010
 -7.3912332e-010
  8.0515698e-010
  7.6244464e-010
 -8.8285560e-010
 -1.3964658e-010
 -5.3553204e-010
 -1.1478468e-009
 -6.3224425e-010
  1.4880392e-010
  5.9373088e-010
  3.4928510e-010
 -2.7874756e-010
 -5.8465933e-010
 -1.1831200e-009
 -3.4421262e-002
 -7.3962217e-010
 -5.3368731e-010
 -1.7085463e-002
 -4.8544621e-010
  1.8287497e-009
  1.6532519e-009
 -2.0297655e-010
  6.4341695e-010
  4.3774812e-010
 -8.5700841e-010
 -7.4551716e-010
 -7.8218023e-010
  8.7192430e-010
 -7.4808083e-010
 -3.0444750e-010
 -3.2966169e-010
 -2.6852256e-003
  7.9586365e-010
 -8.1532158e-010
  6.9837587e-010
 -4.1870234e-010
 -7.1003572e-010
 -1.5602942e-013
  4.4600726e-014
  8.1924704e-015
  2.4175726e-017
 -3.3867513e-016
 -2.0136582e-017
  8.7839231e-018
  8.9060501e-019
 -2.0534173e-019
 -2.7092619e-020
  6.4734834e-016
  1.1594684e-015
  1.5512364e-015
  1.1512228e-012
  9.8589287e-005
 -1.2786630e-002
  1.6190623e-004
 -4.8707425e-004
 -6.3122386e-009
 -3.0856451e-010
 -6.3830487e-011
  2.0527999e-011
 -6.8814929e-010
 -3.8233891e-010
  9.9187540e-010
  2.5690923e-011
 -8.6734528e-010
  2.8176974e-010
 -7.6157012e-010
 -8.6827338e-010
 -4.9574559e-010
 -1.4374329e-010
  6.8924758e-010
  7.3308775e-010
 -6.0067011e-010
 -1.3508018e-009
 -3.4348023e-002
 -5.4828662e-002
 -4.8131521e-010
 -1.1162350e-009
 -3.0643796e-002
  5.4381458e-010
  1.2034547e-009
  1.1882265e-009
 -4.4585905e-010
  9.1336728e-010
  2.6326398e-011
 -4.0808010e-002
 -2.8075533e-002
 -7.1021820e-010
 -1.6375473e-010
  5.4520102e-011
 -3.9215744e-010
 -2.6355864e-010
 -9.0401063e-010
  6.0207522e-010
 -4.4544656e-010
  3.5672653e-010
 -3.7940475e-010
 -6.9086717e-010
 -1.7348789e-013
  3.7344735e-014
  7.1039020e-015
  2.1402059e-016
 -2.2903197e-016
 -4.8871063e-018
 -9.5592476e-019
 -9.2929960e-020
  3.7075076e-019
 -2.4329518e-020
  3.9821246e-015
  2.1182654e-014
 -6.8682803e-014
 -3.1471592e-010
 -2.6423517e-002
 -6.1151889e-002
 -6.0791437e-002
 -5.1438177e-002
 -3.2952835e-002
 -1.3087043e-002
 -2.6110028e-010
 -1.2825135e-010
 -1.3922145e-003
  3.6290904e-010
  5.5651708e-010
 -2.6919575e-010
 -6.4993785e-010
  2.4249665e-010
 -8.4150375e-010
 -3.3042351e-010
 -1.1174018e-009
  1.7122256e-010
  9.2497203e-010
  5.9720376e-010
 -9.8868380e-010
 -3.1554797e-002
 -3.7296007e-002
 -4.1807692e-002
 -1.1455159e-007
 -1.8465334e-002
 -4.3654449e-010
  1.3565479e-009
  4.1232763e-010
  7.5370029e-010
  2.3839934e-010
 -4.0636780e-010
  5.1813854e-010
 -3.3969128e-002
 -1.7444606e-002
  3.6850881e-011
 -1.0925828e-009
  4.4221825e-010
 -2.1867486e-010
 -3.7974216e-010
 -1.3514568e-010
 -6.3445837e-011
 -3.8832899e-010
  3.0813851e-010
 -4.1942337e-010
 -6.0203559e-010
 -1.9445235e-013
  5.3619765e-014
  3.8712816e-015
 -1.7483519e-015
 -3.1993907e-017
  4.4675206e-017
 -1.0284603e-018
 -2.0042357e-019
  2.1785958e-023
 -1.8610362e-020
  4.7611467e-015
  5.0568903e-014
 -4.4841703e-014
 -5.7912677e-010
 -4.8620292e-002
 -8.8597661e-002
 -9.9901784e-002
 -9.6887031e-002
 -8.2686630e-002
 -6.5451531e-002
 -4.2124185e-002
 -4.0962643e-002
 -3.7873332e-002
  2.2243613e-010
 -3.3076377e-010
  2.5000223e-006
 -3.5023681e-004
 -5.5117185e-009
  1.6649580e-004
 -3.3654452e-005
 -1.7552243e-003
  6.8288139e-010
 -9.7290674e-011
  7.2703944e-010
  1.6468017e-012
 -8.6088227e-010
 -4.8201991e-010
 -1.5446629e-009
 -7.7147388e-010
 -4.8659176e-010
  7.8813351e-010
  2.4801539e-010
  5.3473071e-010
  2.9977300e-010
  6.6689461e-010
 -8.3419320e-010
  4.2812747e-010
 -7.3284760e-010
 -3.0027228e-010
  5.2453044e-011
 -1.0877921e-009
  2.9919301e-010
 -1.2964127e-011
 -8.1185399e-010
  6.3341175e-010
 -7.7953389e-010
 -6.3133747e-011
  1.1086486e-010
 -2.5018725e-010
 -6.0223140e-010
 -2.5452454e-013
  5.6833913e-014
  2.1220532e-014
 -1.7918157e-015
 -1.2283463e-015
  9.9435797e-017
  3.3004675e-017
 -2.7849008e-018
 -4.6206355e-019
  3.6835577e-020
  3.7257035e-015
  6.2184773e-014
  1.8843753e-014
 -6.9358981e-010
 -5.8244662e-002
 -1.0382257e-001
 -1.2163253e-001
 -1.2317841e-001
 -1.1673590e-001
 -1.0560767e-001
 -9.3060723e-002
 -9.3619883e-002
 -6.2896869e-002
 -3.9723035e-002
 -5.3833171e-002
 -6.2660917e-002
 -6.5397265e-002
 -5.7316306e-002
 -3.9490764e-002
 -3.3662863e-002
 -1.5437590e-010
 -2.1814575e-010
 -3.1469920e-010
  1.0388611e-009
 -1.5886722e-010
 -2.2423631e-002
 -2.9307101e-002
 -1.1332370e-009
 -4.9036556e-010
 -5.5189317e-010
  1.2464941e-010
  6.2599491e-010
  1.1190658e-009
 -4.4763757e-010
  5.7451742e-010
 -6.5004939e-010
 -5.2878461e-010
  6.9954555e-011
 -2.8258835e-010
 -4.6514686e-011
 -2.1503495e-003
  2.9337257e-007
 -6.2267439e-012
 -7.2940134e-003
  5.9527452e-010
 -1.4020197e-002
  2.7155648e-012
 -2.1372094e-008
  1.1284009e-005
 -8.3096518e-006
 -9.3546215e-014
  7.6851944e-015
 -4.6820002e-016
 -4.9879438e-016
  5.4376989e-017
  1.1187200e-017
 -2.7521777e-018
  1.9259097e-019
  8.6288219e-020
 -2.1354261e-020
  2.6536217e-015
  6.7877600e-014
  7.5445095e-014
 -7.7480276e-010
 -6.5084900e-002
 -1.0761150e-001
 -1.2988849e-001
 -1.3315622e-001
 -1.3292392e-001
 -1.2879635e-001
 -1.3012827e-001
 -1.2370309e-001
 -9.9922619e-002
 -1.0494947e-001
 -1.1060775e-001
 -1.1988617e-001
 -1.0628133e-001
 -9.0287398e-002
 -4.6994791e-002
 -7.8036022e-010
 -6.1999452e-010
 -4.2180008e-010
  2.3293179e-010
  1.2866742e-010
 -7.1494865e-010
 -3.3320578e-002
 -1.6830858e-002
 -2.7777240e-010
 -8.3998449e-010
 -4.4531649e-010
 -2.8102029e-010
  1.0966300e-009
  8.2588375e-010
 -7.5446346e-010
  5.6661187e-011
  2.0381247e-004
 -7.6393591e-005
 -5.9851485e-005
 -1.8919608e-003
 -9.6334729e-003
 -2.7444513e-002
 -2.6404239e-002
 -2.3990189e-002
 -1.5890706e-002
 -1.8167049e-003
 -2.3442773e-002
 -3.9177108e-006
 -1.1735826e-002
 -3.3950245e-004
 -5.1065462e-003
 -6.0843331e-011
 -2.2063994e-014
  2.4361860e-015
  2.7434268e-015
  2.7429496e-016
 -1.6393648e-016
 -7.8893761e-018
  4.7274195e-018
  1.0382783e-019
 -9.6274726e-020
  2.3130547e-015
  6.8000114e-014
  8.6453770e-014
 -7.8805979e-010
 -6.6203332e-002
 -1.0893857e-001
 -1.3019859e-001
 -1.3391155e-001
 -1.3477708e-001
 -1.4089930e-001
 -1.5389730e-001
 -1.3532885e-001
 -1.3383319e-001
 -1.4121359e-001
 -1.4890385e-001
 -1.4947551e-001
 -1.3031085e-001
 -1.1584692e-001
 -9.1006121e-002
 -8.6254947e-002
 -6.5801367e-002
 -4.8554814e-002
 -4.2962359e-002
 -7.2790058e-002
 -7.3341184e-002
 -6.6555601e-002
 -5.0726823e-002
 -4.5111668e-002
 -3.1814589e-002
 -6.5993749e-010
 -3.8031415e-010
  5.4908502e-010
  4.8675307e-011
 -2.3720975e-004
  3.4935234e-005
 -6.4473835e-002
 -6.2658255e-002
 -7.2301494e-002
 -6.3959514e-002
 -8.3794242e-002
 -8.0718549e-002
 -8.8474593e-002
 -7.5981825e-002
 -4.8035548e-002
 -6.5234599e-002
 -5.2573173e-002
 -4.7956920e-002
 -6.5613221e-002
 -4.8392471e-002
 -3.3311608e-002
 -3.9680826e-010
 -8.4912610e-014
  3.3118527e-014
  5.4266809e-015
 -3.1112247e-016
 -2.4221353e-016
  2.7285203e-018
  6.5504108e-018
 -9.0091250e-020
 -1.2767590e-019
  2.5864640e-015
  6.7398655e-014
  7.0870291e-014
 -7.6703204e-010
 -6.4430287e-002
 -1.0407562e-001
 -1.2170469e-001
 -1.2597001e-001
 -1.2963463e-001
 -1.4054239e-001
 -1.4443385e-001
 -1.4534337e-001
 -1.4601463e-001
 -1.6165363e-001
 -1.5724745e-001
 -1.5381017e-001
 -1.4622237e-001
 -1.2496803e-001
 -1.3200783e-001
 -1.3341329e-001
 -1.2076725e-001
 -1.2349670e-001
 -1.2164955e-001
 -1.2992256e-001
 -1.1779185e-001
 -1.0942927e-001
 -1.0196204e-001
 -1.0387982e-001
 -8.4132767e-002
 -5.4839752e-002
 -5.9409704e-002
 -4.9957845e-002
 -6.9853624e-002
 -8.4251485e-002
 -8.0035719e-002
 -1.2583858e-001
 -1.1511986e-001
 -1.2089142e-001
 -1.1561617e-001
 -1.2567044e-001
 -1.1401011e-001
 -1.1995369e-001
 -1.0913233e-001
 -7.8989853e-002
 -9.7830006e-002
 -8.4091416e-002
 -9.0664913e-002
 -9.0960185e-002
 -6.9658439e-002
 -4.3411501e-002
 -5.1712324e-010
 -6.1045350e-014
  4.6619821e-014
  5.3345110e-015
 -5.8283604e-016
 -2.4661728e-016
  8.1730667e-018
  6.7303688e-018
 -1.9356202e-019
 -1.3118234e-019
  3.7999213e-015
  6.2746267e-014
  1.2403734e-014
 -6.8727064e-010
 -5.7711909e-002
 -8.7423687e-002
 -9.7698789e-002
 -9.9104954e-002
 -1.0872632e-001
 -1.2964939e-001
 -1.2801953e-001
 -1.3234952e-001
 -1.3829492e-001
 -1.4867286e-001
 -1.4150933e-001
 -1.3661493e-001
 -1.1998449e-001
 -1.3582630e-001
 -1.3743730e-001
 -1.6336538e-001
 -1.6976315e-001
 -1.7541431e-001
 -1.5735828e-001
 -1.4669135e-001
 -1.3360522e-001
 -1.2517595e-001
 -1.3116925e-001
 -1.2222187e-001
 -1.1426466e-001
 -1.0928457e-001
 -1.2846389e-001
 -1.3278066e-001
 -1.4039182e-001
 -1.5192714e-001
 -1.2682753e-001
 -1.5598632e-001
 -1.5261064e-001
 -1.3667237e-001
 -1.4052663e-001
 -1.3968942e-001
 -1.3322443e-001
 -1.4519015e-001
 -1.3219517e-001
 -1.1283330e-001
 -1.2013395e-001
 -1.1100397e-001
 -1.0938173e-001
 -1.0115100e-001
 -7.8228741e-002
 -4.8228421e-002
 -5.7446920e-010
 -4.0172390e-014
  5.2611951e-014
  5.1525901e-015
 -7.0762681e-016
 -2.4699138e-016
  1.0721362e-017
  6.8032257e-018
 -2.4158083e-019
 -1.3289651e-019
  4.9881168e-015
  3.9957385e-014
 -7.4171674e-014
 -4.8304154e-010
 -4.0551897e-002
 -5.7112532e-002
 -5.6824163e-002
 -5.5715741e-002
 -6.7398986e-002
 -7.5509944e-002
 -8.8492770e-002
 -9.5231738e-002
 -1.0307039e-001
 -1.1627361e-001
 -1.1006367e-001
 -9.4435224e-002
 -1.1244370e-001
 -1.2692081e-001
 -1.2933827e-001
 -1.4099251e-001
 -1.6853190e-001
 -1.5605856e-001
 -1.5055371e-001
 -1.4371466e-001
 -1.3261837e-001
 -1.1786267e-001
 -1.2884973e-001
 -1.4242976e-001
 -1.2521647e-001
 -1.4754969e-001
 -1.5492882e-001
 -1.6937886e-001
 -1.7574826e-001
 -1.6200236e-001
 -1.5404156e-001
 -1.5605902e-001
 -1.5820450e-001
 -1.5351384e-001
 -1.4786856e-001
 -1.4342001e-001
 -1.3893235e-001
 -1.4265597e-001
 -1.2946186e-001
 -1.2918521e-001
 -1.3403309e-001
 -1.2235452e-001
 -1.1221295e-001
 -1.0931307e-001
 -8.5687712e-002
 -5.1326769e-002
 -6.1134712e-010
 -2.6394346e-014
  5.6644638e-014
  5.1409804e-015
 -7.9601582e-016
 -2.5213989e-016
  1.2440785e-017
  6.9969921e-018
 -2.7042293e-019
 -1.3742541e-019
  1.5075260e-015
  2.0820579e-015
 -5.6534392e-015
 -4.7638714e-011
 -3.9991506e-003
 -1.5623108e-004
  3.7403591e-008
 -8.9349668e-005
  1.5969784e-005
 -2.9996488e-004
 -5.1014319e-003
 -2.6403901e-002
 -4.8039320e-002
 -6.2511745e-002
 -4.3590765e-002
 -6.6497184e-002
 -9.2250061e-002
 -8.7850582e-002
 -7.2058537e-002
 -8.8050421e-002
 -9.9851253e-002
 -9.5347903e-002
 -1.0145646e-001
 -1.1063013e-001
 -1.0709276e-001
 -1.0565251e-001
 -1.2880912e-001
 -1.2969719e-001
 -1.3718737e-001
 -1.5227986e-001
 -1.4706166e-001
 -1.6234055e-001
 -1.5522596e-001
 -1.3998494e-001
 -1.4384850e-001
 -1.4016722e-001
 -1.4345191e-001
 -1.4696234e-001
 -1.3155328e-001
 -1.1932710e-001
 -1.2464009e-001
 -1.2326260e-001
 -1.1047136e-001
 -1.2310818e-001
 -1.2260264e-001
 -1.1419448e-001
 -1.1363453e-001
 -1.1328718e-001
 -9.3292218e-002
 -4.8420983e-002
 -5.7676636e-010
 -4.3701067e-014
  5.2171103e-014
  5.3979663e-015
 -6.5536817e-016
 -2.5574921e-016
  8.6665758e-018
  7.0233058e-018
 -1.8997762e-019
 -1.3804498e-019
  7.1360541e-019
  7.7222998e-015
  4.0019679e-014
 -1.7768241e-013
 -5.8454707e-010
 -3.8965435e-010
  4.0269285e-011
 -1.9106010e-010
 -3.2516247e-010
 -5.4570820e-011
 -3.1049930e-011
 -7.1964505e-011
 -4.4789290e-010
  5.0063705e-011
 -1.8877951e-004
 -1.7078308e-002
 -2.2654646e-004
 -4.0541903e-004
 -2.7664302e-005
 -4.6553940e-004
 -6.9963818e-003
 -1.7639018e-002
 -3.4044435e-002
 -4.8496396e-002
 -6.5148639e-002
 -9.7171228e-002
 -1.1052565e-001
 -1.0719667e-001
 -1.2499686e-001
 -1.1641583e-001
 -1.0594692e-001
 -1.1255714e-001
 -1.0156261e-001
 -9.6589810e-002
 -1.0580540e-001
 -1.0415672e-001
 -1.0065755e-001
 -8.9306353e-002
 -8.3747469e-002
 -6.7714067e-002
 -7.7788911e-002
 -7.2741257e-002
 -7.7052341e-002
 -9.1445937e-002
 -7.9157268e-002
 -8.9502367e-002
 -1.0540205e-001
 -1.0264576e-001
 -8.0716052e-002
 -3.7993685e-002
 -4.5254583e-010
 -7.5161919e-014
  3.3752434e-014
  4.4681267e-015
 -1.2614932e-016
 -1.9517426e-016
 -4.9045558e-018
  5.2880511e-018
  8.8350247e-020
 -1.0089154e-019
 -1.4723590e-016
  7.3149465e-015
  3.8695299e-014
 -1.9273033e-013
 -6.3542520e-010
 -2.6885864e-010
 -2.5603941e-012
 -2.9626981e-010
 -1.8652441e-010
  2.1765336e-010
 -1.5491954e-010
  1.1080642e-010
 -1.3373620e-010
 -8.1836414e-010
 -2.0705941e-010
 -3.2765602e-010
 -5.1232358e-010
 -5.4426586e-011
  6.2931451e-010
 -5.7741961e-010
  3.3502021e-010
 -3.9372874e-010
  3.3242342e-010
 -7.3111043e-003
 -5.0931736e-002
 -7.9593397e-002
 -7.6462935e-002
 -7.2184526e-002
 -6.4889700e-002
 -4.6073987e-002
 -3.5994708e-002
 -3.7758044e-002
 -1.4974985e-002
 -2.4945227e-002
 -4.3767012e-002
 -2.3392223e-002
 -2.3809631e-002
 -2.5728489e-003
  1.9921194e-004
 -1.5348318e-003
 -3.4695935e-004
 -1.4874982e-004
 -6.2600822e-003
 -1.9618668e-002
 -1.0608060e-002
 -4.0136126e-002
 -7.7668978e-002
 -7.3911457e-002
 -4.6711459e-002
 -8.6609403e-010
 -2.4033650e-014
  7.1404104e-014
  8.7266971e-015
 -5.5103844e-016
 -5.2257191e-016
 -7.3128587e-018
  1.7046777e-017
  2.1213598e-019
 -3.5956184e-019
 -4.8107842e-021
  6.1847756e-017
  7.7454947e-015
  3.5251440e-014
 -2.1344395e-013
 -6.5508692e-010
 -9.9118394e-011
 -1.3432833e-010
 -3.5247581e-010
  2.1460741e-010
  1.3969779e-010
  2.5079399e-010
 -4.7795688e-010
 -1.0242546e-009
 -2.0639502e-010
 -1.6398433e-010
 -5.2717142e-010
 -3.8326330e-010
  1.5809450e-010
  4.0454703e-010
 -2.1726690e-010
  4.4637237e-010
  2.4917226e-010
 -2.2301452e-011
 -1.9106765e-002
 -3.3934556e-002
 -3.8622015e-002
 -1.8887616e-002
 -1.5389379e-002
 -1.1532247e-004
  3.9433805e-010
 -2.2641485e-010
 -3.5389459e-010
  5.4732969e-010
 -2.8870286e-010
 -4.7986176e-010
  4.5870489e-010
 -5.0100720e-010
 -2.9258809e-010
 -8.9420227e-013
 -3.6780381e-010
 -4.5350305e-010
 -1.3133032e-010
 -5.6315576e-010
 -2.8180958e-010
  1.4175644e-010
 -7.2431329e-010
 -3.9060485e-002
 -4.7472313e-002
 -3.7278381e-002
 -4.3438028e-010
 -1.5025029e-013
  1.0206586e-014
  5.0929502e-015
  6.1640281e-016
 -1.9815295e-016
 -1.7710714e-017
  5.4435356e-018
  1.1407826e-019
 -9.5254218e-020
  2.3358419e-021
  3.2976899e-016
  7.5800083e-015
  2.8627376e-014
 -2.1941552e-013
 -6.1965078e-010
 -1.6856647e-010
 -1.2623103e-010
  2.1701752e-010
  1.9779009e-010
  3.1170221e-010
 -5.7309442e-010
 -9.9528839e-010
 -4.6169610e-010
 -3.6815651e-010
 -5.5178027e-011
 -5.3290479e-010
 -7.4676261e-010
  3.8718009e-010
  5.7484794e-010
  2.9555373e-010
  6.5643773e-010
  4.7102057e-010
 -4.6760557e-010
 -6.6669352e-010
 -6.2785100e-010
 -8.7798265e-010
 -5.5307183e-011
 -7.1162197e-010
 -2.9707378e-010
  6.2770913e-010
 -2.0255484e-010
 -7.9041222e-011
  6.8780305e-010
 -1.3719716e-010
 -3.6622561e-010
  4.2603810e-010
 -2.4108027e-010
 -3.0451348e-010
 -1.7047190e-010
 -6.3554278e-011
 -7.1466487e-010
  1.7287464e-010
 -1.0831166e-009
 -1.4451955e-010
  3.3738039e-010
 -4.0381264e-010
 -6.0915504e-010
 -7.7866818e-010
 -6.9241777e-010
 -1.1133260e-010
 -3.1054612e-014
 -7.6332603e-015
  8.3615448e-016
  4.4632336e-016
 -5.2094199e-017
 -1.0781722e-017
  1.7734077e-018
  5.4509646e-020
 -2.8171856e-020
  1.9861465e-021
  7.9504202e-016
  5.7476822e-015
  1.1050637e-014
 -2.1899340e-013
 -4.4805505e-010
 -1.7981425e-010
  3.0505553e-010
  6.9109211e-011
  3.7049418e-010
 -8.0811206e-010
 -8.1636547e-010
 -3.0625883e-010
 -4.4320099e-010
 -4.4068246e-010
 -1.6328228e-010
 -1.1736783e-009
 -6.1088986e-011
  6.0132484e-010
  6.0729935e-010
  1.1237759e-009
  7.8632836e-011
  2.8052902e-011
 -3.7284324e-010
 -4.3640364e-010
 -8.2591560e-010
 -8.6256484e-010
 -3.0755247e-010
 -5.0934722e-010
 -1.1565145e-010
  3.2915793e-010
 -1.1842580e-010
  5.3972175e-010
  4.2849820e-010
  1.3584388e-010
 -2.9935568e-010
  3.4123984e-010
 -6.2565232e-010
  2.7440752e-010
 -4.9368326e-010
  2.8110018e-010
 -5.1317501e-010
 -4.1249698e-010
 -1.1838831e-009
 -8.1753863e-011
  1.4908725e-010
 -1.2431599e-010
 -8.7319984e-010
 -6.8795685e-010
 -4.5869199e-010
 -1.9519836e-010
 -7.2597870e-014
 -7.6059930e-015
  1.3819188e-015
  7.2068901e-016
 -5.0734530e-017
 -2.1394626e-017
  1.6862041e-018
  3.0369691e-019
 -2.6908635e-020
 -3.0792865e-021
  9.4085024e-016
 -1.0393273e-015
 -2.5707623e-014
 -2.6376646e-011
 -1.5009219e-010
  3.1150500e-010
 -2.9086578e-011
  1.5438460e-010
 -8.5534060e-010
 -6.6830622e-010
 -8.0611643e-011
 -3.3061285e-010
 -1.0724645e-009
 -1.9701655e-010
 -9.0337187e-010
 -1.8867197e-002
  5.1045271e-010
  8.3612997e-010
  1.1380288e-009
  7.7870982e-010
 -5.1744445e-010
 -8.2619608e-011
 -2.5516164e-010
 -1.6060436e-010
 -1.1629377e-009
 -6.3152760e-010
 -5.3398642e-010
 -6.1125276e-010
  2.1113317e-011
  3.6567551e-010
 -1.9408603e-010
  9.5430101e-010
  5.0333066e-010
  1.6632818e-010
 -3.1150892e-010
  2.2508592e-010
 -9.2031821e-010
  8.0527110e-010
 -6.5967589e-010
  1.3667860e-010
 -3.1730241e-010
 -2.5804835e-002
 -3.0868213e-002
 -6.8659322e-010
  5.6831337e-010
 -2.2685633e-010
 -9.8676167e-010
 -9.4604231e-010
 -4.3673089e-010
 -1.6139435e-010
 -7.7095234e-014
 -6.9252451e-015
  3.0533978e-016
  4.9027027e-016
  1.3217218e-017
 -1.5973729e-017
  3.9796822e-020
  2.5242755e-019
 -3.0320423e-021
 -2.6227330e-021
  1.3391535e-016
  6.6370109e-016
 -8.5660880e-016
 -1.0244695e-014
 -5.4094900e-015
  5.6379839e-014
  3.1937423e-014
  6.4668422e-014
  1.3506638e-014
 -2.3546316e-014
  2.3087289e-014
  2.1872158e-014
  2.6928119e-014
  5.9169712e-014
 -4.8825518e-014
 -4.4929594e-011
  1.8332514e-014
 -7.6678565e-015
 -6.7124476e-014
  2.8338822e-014
 -5.4757986e-014
 -6.5471944e-015
 -9.3743157e-015
  4.5445244e-015
 -2.2672595e-014
 -8.9959543e-014
 -2.8659683e-014
 -3.7893431e-014
  1.2179613e-014
  3.9284513e-014
 -4.7735930e-014
 -3.7773528e-014
  4.4948500e-015
  7.0296092e-015
 -1.7602334e-014
  6.6423903e-014
 -5.0686301e-014
  3.2803282e-014
 -6.3175833e-014
  3.4214787e-014
 -3.5480126e-014
 -6.1468504e-011
 -7.3523412e-011
 -8.2493998e-014
  5.1201147e-014
  2.7693145e-015
  4.7444469e-016
 -2.7302756e-014
 -3.9067624e-014
 -1.3832208e-014
 -2.1482628e-015
  1.4101753e-016
  3.8635420e-016
  2.1678502e-017
 -1.9947654e-017
 -2.1330513e-019
  4.3549656e-019
 -1.3511857e-021
 -5.7394387e-021
 -6.8863194e-023
 -1.6967671e-017
  6.1303878e-017
  2.0786171e-016
 -1.6082952e-016
 -1.2354300e-015
 -8.7497093e-016
 -8.3958893e-016
  9.4745777e-016
  1.5977864e-015
  7.2699114e-016
 -3.3448635e-016
  5.3652528e-018
  1.6702841e-015
  9.6213774e-016
  2.7905616e-015
 -1.9493508e-015
 -1.1657700e-015
 -2.1228179e-015
 -5.0022112e-015
 -1.2232401e-015
  1.2062104e-015
  1.1380570e-015
 -1.7854852e-016
 -4.4832641e-016
  3.7046090e-015
  8.5151871e-016
  5.8531812e-016
  4.5441357e-016
  1.5510028e-016
 -1.2515546e-015
 -9.9669152e-016
 -3.6951118e-015
 -2.0880438e-015
 -1.4319496e-015
 -8.3419106e-016
  2.4171522e-018
  1.5699067e-015
 -1.6867347e-015
 -1.6951926e-016
  1.6607997e-016
  1.7587346e-015
 -1.7082445e-015
 -2.1000855e-015
  2.0439764e-015
 -8.3341793e-016
 -2.2741174e-016
  2.3504721e-015
  2.0695646e-015
  5.1246843e-016
 -3.0529746e-019
  5.5613822e-017
  1.0537233e-016
  7.9681573e-018
 -9.7761116e-018
 -1.3773529e-019
  3.0666198e-019
 -1.0542670e-021
 -5.2324729e-021
 -6.7061735e-023
  8.2240446e-023
 -1.0865097e-018
 -3.3628785e-018
  1.0954531e-017
  2.9655388e-017
 -9.4179030e-019
 -4.1888499e-017
 -3.4294617e-017
 -1.8417890e-017
  1.7310203e-017
  2.2015686e-017
 -1.5131200e-017
 -5.7059540e-017
 -4.1688442e-018
 -7.9810954e-018
  9.0183267e-017
  1.1304508e-016
 -7.5253962e-019
  2.7303962e-017
 -3.3011544e-017
 -4.8541151e-018
  5.3600909e-017
  3.6632394e-017
 -9.0995725e-018
 -1.9820201e-017
  6.2132716e-017
  6.1859455e-017
  5.8677125e-017
  6.5665559e-017
 -9.8312439e-018
  3.6367221e-017
  3.5294774e-017
  4.6765819e-018
 -1.4513927e-017
  3.4646542e-018
 -8.0362005e-018
 -2.7298431e-018
  3.0232656e-017
 -3.2367031e-017
  1.5230331e-017
  1.9809019e-017
  3.3921913e-017
  1.9434473e-016
  2.5124398e-016
  1.0139970e-016
 -3.0192696e-017
 -6.2203600e-017
  3.2085968e-017
  4.2474134e-017
  2.3393197e-017
  6.6069476e-018
  1.0894784e-017
  1.1198596e-018
 -2.4658867e-018
 -3.3230345e-020
  1.2045384e-019
 -9.5306432e-022
 -2.7511568e-021
 -2.8909756e-023
  5.2570402e-023
  2.6101027e-024
  7.0251587e-020
 -2.4277605e-019
 -5.2588375e-019
  8.9828441e-019
  1.7696145e-018
  1.6202385e-018
  1.8782917e-018
 -2.5555498e-018
 -2.5210642e-019
  8.2989598e-019
 -1.0693534e-018
 -9.1507903e-020
 -7.2170327e-020
 -4.1039044e-018
  1.1455220e-018
  1.1243129e-019
  2.4369110e-018
  2.2151136e-018
  4.5875519e-018
 -3.6462137e-019
  3.3919409e-019
 -1.0228632e-018
  4.3399382e-019
 -1.5221344e-018
 -2.7789369e-018
 -2.0627828e-018
 -1.5545573e-018
 -2.8971972e-019
 -2.4120158e-018
 -9.7686475e-019
  3.1641063e-018
  2.1405158e-018
  1.3734586e-018
  1.4366270e-018
  1.1914390e-018
 -2.4413284e-018
  5.2410529e-019
 -1.5493975e-018
  2.0949654e-018
 -2.7955783e-018
  2.0328057e-021
  3.8964724e-018
  3.2163926e-018
  2.8066011e-018
 -2.8760641e-018
 -1.0805791e-018
 -1.2833648e-018
 -1.4641044e-018
 -5.1280615e-019
  8.4057188e-020
  4.3078266e-020
 -3.3031130e-019
 -2.3773155e-021
  2.8985690e-020
 -5.0451630e-022
 -9.3337014e-022
 -4.4525601e-024
  2.2751849e-023
  1.1609978e-024
 -7.1912444e-025
