 -2.2265377e+000
 -6.5027459e-002
 -6.5117174e-002
 -6.5298728e-002
 -6.5578516e-002
 -6.5960108e-002
 -6.6443721e-002
 -6.7018763e-002
 -6.7672061e-002
 -6.8378948e-002
 -6.9106330e-002
 -6.9813940e-002
 -7.0461551e-002
 -7.1006020e-002
 -7.1407634e-002
 -7.1641235e-002
 -7.1692381e-002
 -7.1573110e-002
 -7.1304065e-002
 -7.0926752e-002
 -7.0474171e-002
 -6.9983280e-002
 -6.9478278e-002
 -6.8976924e-002
 -6.8480940e-002
 -6.7990174e-002
 -6.7495898e-002
 -6.6996654e-002
 -6.6490695e-002
 -6.5989683e-002
 -6.5506354e-002
 -6.5039566e-002
 -6.4589602e-002
 -6.4134933e-002
 -6.3655650e-002
 -6.3123806e-002
 -6.2520086e-002
 -6.1817135e-002
 -6.0998175e-002
 -6.0035025e-002
 -5.8907673e-002
 -5.7581941e-002
 -5.6030936e-002
 -5.4232192e-002
 -5.2180563e-002
 -4.9885091e-002
 -4.7362680e-002
 -4.4637420e-002
 -4.1731541e-002
 -3.8669142e-002
 -3.5477239e-002
 -3.2184831e-002
 -2.8814406e-002
 -2.5391506e-002
 -2.1930338e-002
 -1.8442966e-002
 -1.4948760e-002
 -1.1490009e-002
 -8.1297375e-003
 -4.9646713e-003
 -2.1228677e-003
 -6.4489469e-002
 -6.4571641e-002
 -6.4743164e-002
 -6.5016246e-002
 -6.5401990e-002
 -6.5916467e-002
 -6.6568598e-002
 -6.7352785e-002
 -6.8231500e-002
 -6.9154462e-002
 -7.0058404e-002
 -7.0877910e-002
 -7.1552612e-002
 -7.2028251e-002
 -7.2265498e-002
 -7.2251650e-002
 -7.2019525e-002
 -7.1622926e-002
 -7.1118797e-002
 -7.0546776e-002
 -6.9951075e-002
 -6.9362850e-002
 -6.8801004e-002
 -6.8255375e-002
 -6.7720387e-002
 -6.7186703e-002
 -6.6657734e-002
 -6.6133454e-002
 -6.5624875e-002
 -6.5148394e-002
 -6.4708005e-002
 -6.4296435e-002
 -6.3886727e-002
 -6.3458609e-002
 -6.2990541e-002
 -6.2477059e-002
 -6.1897553e-002
 -6.1224946e-002
 -6.0417975e-002
 -5.9441412e-002
 -5.8238249e-002
 -5.6755686e-002
 -5.4960746e-002
 -5.2860515e-002
 -5.0486168e-002
 -4.7879236e-002
 -4.5074861e-002
 -4.2094127e-002
 -3.8958269e-002
 -3.5687215e-002
 -3.2309133e-002
 -2.8858080e-002
 -2.5363513e-002
 -2.1847015e-002
 -1.8327787e-002
 -1.4822027e-002
 -1.1365042e-002
 -8.0178864e-003
 -4.8788947e-003
 -2.0720972e-003
 -6.3481101e-002
 -6.3529495e-002
 -6.3634141e-002
 -6.3821411e-002
 -6.4130260e-002
 -6.4623522e-002
 -6.5375425e-002
 -6.6449333e-002
 -6.7769260e-002
 -6.9207294e-002
 -7.0625134e-002
 -7.1919910e-002
 -7.2998811e-002
 -7.3742485e-002
 -7.4019741e-002
 -7.3764450e-002
 -7.3137040e-002
 -7.2330920e-002
 -7.1487635e-002
 -7.0583029e-002
 -6.9696118e-002
 -6.8922191e-002
 -6.8314435e-002
 -6.7741962e-002
 -6.7169637e-002
 -6.6589328e-002
 -6.6001225e-002
 -6.5386938e-002
 -6.4790700e-002
 -6.4275927e-002
 -6.3898389e-002
 -6.3630146e-002
 -6.3382202e-002
 -6.3081629e-002
 -6.2707906e-002
 -6.2373016e-002
 -6.2057945e-002
 -6.1702420e-002
 -6.1241606e-002
 -6.0656488e-002
 -5.9810885e-002
 -5.8540659e-002
 -5.6711739e-002
 -5.4400103e-002
 -5.1755021e-002
 -4.8909336e-002
 -4.5936145e-002
 -4.2819066e-002
 -3.9548539e-002
 -3.6116785e-002
 -3.2528329e-002
 -2.8850981e-002
 -2.5159475e-002
 -2.1514281e-002
 -1.7951007e-002
 -1.4457075e-002
 -1.1045287e-002
 -7.7588277e-003
 -4.6882556e-003
 -1.9610798e-003
 -6.2124262e-002
 -6.2079809e-002
 -6.1996406e-002
 -6.1895348e-002
 -6.1828245e-002
 -6.1923160e-002
 -6.2459307e-002
 -6.4203167e-002
 -6.6596831e-002
 -6.9212918e-002
 -7.1659499e-002
 -7.3910160e-002
 -7.5997088e-002
 -7.7668163e-002
 -7.8336889e-002
 -7.7027909e-002
 -7.4998017e-002
 -7.3038987e-002
 -7.1940478e-002
 -7.0274854e-002
 -6.8589267e-002
 -6.7377674e-002
 -6.7379784e-002
 -6.7007591e-002
 -6.6461397e-002
 -6.5852657e-002
 -6.5278537e-002
 -6.4292958e-002
 -6.3210331e-002
 -6.2324329e-002
 -6.2115504e-002
 -6.2429240e-002
 -6.2753452e-002
 -6.2713581e-002
 -6.1896855e-002
 -6.1832946e-002
 -6.2068059e-002
 -6.2299431e-002
 -6.2237268e-002
 -6.2669644e-002
 -6.3009410e-002
 -6.2617073e-002
 -6.0395458e-002
 -5.7163261e-002
 -5.3604094e-002
 -5.0152083e-002
 -4.7107895e-002
 -4.3943430e-002
 -4.0622113e-002
 -3.7064038e-002
 -3.2977737e-002
 -2.8709517e-002
 -2.4494565e-002
 -2.0549137e-002
 -1.7060714e-002
 -1.3741147e-002
 -1.0504023e-002
 -7.3678830e-003
 -4.4238813e-003
 -1.8126096e-003
 -6.0902367e-002
 -6.0727844e-002
 -6.0350223e-002
 -5.9699297e-002
 -5.8647448e-002
 -5.6970385e-002
 -5.3476578e-002
 -5.8671056e-002
 -6.4261703e-002
 -6.9990532e-002
 -7.3571998e-002
 -7.6599909e-002
 -8.0987140e-002
 -8.6519155e-002
 -9.2460607e-002
 -8.3816754e-002
 -7.6416310e-002
 -6.9324855e-002
 -7.5086185e-002
 -6.9916983e-002
 -6.4942781e-002
 -5.9580239e-002
 -6.8140306e-002
 -6.6982774e-002
 -6.5930895e-002
 -6.4809322e-002
 -6.6460361e-002
 -6.3483128e-002
 -6.0369714e-002
 -5.6655246e-002
 -5.7349292e-002
 -6.0838431e-002
 -6.3629240e-002
 -6.5950346e-002
 -5.7088402e-002
 -5.9543267e-002
 -6.1796897e-002
 -6.4035348e-002
 -6.0378808e-002
 -6.4756389e-002
 -6.9495514e-002
 -7.5486260e-002
 -6.8800106e-002
 -6.1254516e-002
 -5.4602018e-002
 -4.9018777e-002
 -4.8524492e-002
 -4.5514591e-002
 -4.2582864e-002
 -4.0398030e-002
 -3.4109983e-002
 -2.8116102e-002
 -2.2283428e-002
 -1.7117955e-002
 -1.5235238e-002
 -1.2736658e-002
 -9.9305000e-003
 -7.0341087e-003
 -4.2295375e-003
 -1.7075138e-003
 -6.0422180e-002
 -6.0253787e-002
 -5.9896517e-002
 -5.9318091e-002
 -5.8470555e-002
 -5.7316365e-002
 -5.5100024e-002
 -5.4621306e-002
 -6.1186344e-002
 -6.9089140e-002
 -7.4971085e-002
 -7.4922202e-002
 -8.0119343e-002
 -8.7051375e-002
 -9.3870055e-002
 -8.4807862e-002
 -7.6104741e-002
 -6.8223037e-002
 -7.4116517e-002
 -6.8376370e-002
 -6.3032792e-002
 -5.7604924e-002
 -6.7379603e-002
 -6.6113105e-002
 -6.5462925e-002
 -6.3416362e-002
 -6.5519086e-002
 -6.3075183e-002
 -6.0267245e-002
 -5.4576540e-002
 -5.6284779e-002
 -6.2434712e-002
 -6.6551121e-002
 -6.2833294e-002
 -5.4402550e-002
 -5.7908791e-002
 -6.1463632e-002
 -6.1872326e-002
 -5.8977720e-002
 -6.4647776e-002
 -7.1496655e-002
 -7.6409316e-002
 -6.9195945e-002
 -6.0611835e-002
 -5.4080800e-002
 -5.1539432e-002
 -4.9975757e-002
 -4.6332461e-002
 -4.3998877e-002
 -4.0877466e-002
 -3.3496105e-002
 -2.6496791e-002
 -2.0981713e-002
 -1.9476102e-002
 -1.6496071e-002
 -1.3458191e-002
 -1.0374946e-002
 -7.3216130e-003
 -4.4127584e-003
 -1.8073789e-003
 -6.0749765e-002
 -6.0655419e-002
 -6.0459887e-002
 -6.0160555e-002
 -5.9758959e-002
 -5.9281961e-002
 -5.8049622e-002
 -5.5943786e-002
 -5.8633742e-002
 -6.6032641e-002
 -7.3146578e-002
 -7.4046872e-002
 -7.5750481e-002
 -8.1901625e-002
 -8.8601108e-002
 -8.3627312e-002
 -7.2719089e-002
 -6.5151532e-002
 -6.9082530e-002
 -6.8299393e-002
 -6.0101283e-002
 -5.6586594e-002
 -6.4307348e-002
 -6.9584525e-002
 -6.6986630e-002
 -5.9703700e-002
 -6.1118970e-002
 -6.5320823e-002
 -6.1456296e-002
 -5.4221195e-002
 -5.5654394e-002
 -6.9152321e-002
 -7.1604310e-002
 -5.7912303e-002
 -5.0820833e-002
 -5.6338183e-002
 -6.2121971e-002
 -5.7264434e-002
 -5.5589982e-002
 -6.2685384e-002
 -7.2833875e-002
 -7.0721630e-002
 -6.4197642e-002
 -5.7663282e-002
 -5.7107762e-002
 -5.0531811e-002
 -4.9354087e-002
 -4.7379788e-002
 -4.6382192e-002
 -3.8447018e-002
 -3.1049831e-002
 -2.5775799e-002
 -2.5013807e-002
 -2.1535112e-002
 -1.8077580e-002
 -1.4641112e-002
 -1.1249081e-002
 -7.9520179e-003
 -4.8388268e-003
 -2.0455888e-003
 -6.1505551e-002
 -6.1483468e-002
 -6.1445347e-002
 -6.1389714e-002
 -6.1330943e-002
 -6.1299741e-002
 -6.0590614e-002
 -5.9181921e-002
 -5.8613498e-002
 -6.2854358e-002
 -6.8047998e-002
 -7.1439679e-002
 -7.2843295e-002
 -7.5627965e-002
 -8.0610561e-002
 -7.8530677e-002
 -7.0854125e-002
 -6.2499752e-002
 -6.6959459e-002
 -6.4566225e-002
 -5.7549906e-002
 -5.3726417e-002
 -6.1765974e-002
 -7.0082814e-002
 -6.4554206e-002
 -5.7442004e-002
 -5.8213777e-002
 -6.6958834e-002
 -5.7852397e-002
 -5.7884955e-002
 -5.8393375e-002
 -7.3635440e-002
 -6.8151425e-002
 -5.8154228e-002
 -5.1125966e-002
 -5.6142698e-002
 -5.3349227e-002
 -5.5556280e-002
 -5.5312459e-002
 -6.2179595e-002
 -6.2418063e-002
 -6.3839932e-002
 -5.9250973e-002
 -5.7299661e-002
 -5.0943947e-002
 -5.0800704e-002
 -5.0226027e-002
 -4.9120037e-002
 -4.2705166e-002
 -3.7091267e-002
 -3.1729225e-002
 -3.1442800e-002
 -2.7393020e-002
 -2.3469847e-002
 -1.9636151e-002
 -1.5879488e-002
 -1.2212070e-002
 -8.6727772e-003
 -5.3353011e-003
 -2.3195204e-003
 -6.2301161e-002
 -6.2336134e-002
 -6.2406883e-002
 -6.2522645e-002
 -6.2702720e-002
 -6.2974927e-002
 -6.2644669e-002
 -6.1101975e-002
 -5.9972796e-002
 -6.1824851e-002
 -6.4305725e-002
 -6.7034033e-002
 -6.7542005e-002
 -7.0432193e-002
 -7.1859894e-002
 -7.0247878e-002
 -6.5420136e-002
 -5.9744391e-002
 -6.1754595e-002
 -5.7663899e-002
 -5.8733807e-002
 -5.4503594e-002
 -6.1571911e-002
 -6.5234414e-002
 -6.3041529e-002
 -5.7085862e-002
 -5.7347433e-002
 -6.2990091e-002
 -5.8345786e-002
 -6.2776494e-002
 -6.2876026e-002
 -7.1404310e-002
 -6.5387716e-002
 -5.6777754e-002
 -5.2240167e-002
 -5.2948372e-002
 -4.8064844e-002
 -5.2126969e-002
 -5.6740999e-002
 -5.5138913e-002
 -5.4170989e-002
 -5.6606332e-002
 -5.7154752e-002
 -5.2895200e-002
 -4.4729710e-002
 -5.0023638e-002
 -5.1875674e-002
 -4.6734021e-002
 -3.7728735e-002
 -3.7577903e-002
 -3.7626275e-002
 -3.3348372e-002
 -2.9109930e-002
 -2.4962190e-002
 -2.0901512e-002
 -1.6928513e-002
 -1.3053684e-002
 -9.3167876e-003
 -5.7850076e-003
 -2.5670561e-003
 -6.2951850e-002
 -6.3016420e-002
 -6.3148762e-002
 -6.3354187e-002
 -6.3650905e-002
 -6.4067486e-002
 -6.3893272e-002
 -6.2419829e-002
 -6.1706173e-002
 -6.1251801e-002
 -6.2242733e-002
 -6.3370426e-002
 -6.2387927e-002
 -6.4017195e-002
 -6.4608727e-002
 -6.2380120e-002
 -5.7793642e-002
 -5.5085138e-002
 -5.7076199e-002
 -5.2425688e-002
 -5.7357016e-002
 -5.4323698e-002
 -6.1488822e-002
 -6.0395331e-002
 -6.1179747e-002
 -5.8318952e-002
 -5.7051198e-002
 -5.7265510e-002
 -6.0876827e-002
 -6.8030778e-002
 -6.5357606e-002
 -6.4847327e-002
 -6.1363270e-002
 -5.5829877e-002
 -5.1497357e-002
 -4.3708415e-002
 -4.5972232e-002
 -5.2513370e-002
 -5.5312450e-002
 -4.5185413e-002
 -4.6880353e-002
 -5.1309533e-002
 -5.4090740e-002
 -4.6057282e-002
 -4.1825778e-002
 -5.1685339e-002
 -4.9376887e-002
 -4.2608167e-002
 -3.6581072e-002
 -4.3052235e-002
 -3.9338035e-002
 -3.4830272e-002
 -3.0414248e-002
 -2.6096446e-002
 -2.1873111e-002
 -1.7743620e-002
 -1.3719653e-002
 -9.8350664e-003
 -6.1490745e-003
 -2.7678084e-003
 -6.3347031e-002
 -6.3426334e-002
 -6.3587218e-002
 -6.3834547e-002
 -6.4180233e-002
 -6.4650235e-002
 -6.4528816e-002
 -6.3195075e-002
 -6.2668942e-002
 -6.1796173e-002
 -6.0309149e-002
 -6.0548842e-002
 -5.9240076e-002
 -5.8193811e-002
 -5.7980430e-002
 -5.6422732e-002
 -5.0710108e-002
 -4.8521675e-002
 -5.1934436e-002
 -5.2530653e-002
 -5.0976714e-002
 -5.3261967e-002
 -5.7471172e-002
 -5.6978979e-002
 -5.8493791e-002
 -6.2178125e-002
 -5.5277084e-002
 -5.1091772e-002
 -6.2088032e-002
 -7.1161078e-002
 -6.2569070e-002
 -5.5793444e-002
 -5.8726382e-002
 -5.6414447e-002
 -4.6540206e-002
 -3.5846277e-002
 -4.3761759e-002
 -5.2559880e-002
 -5.0626176e-002
 -3.8199062e-002
 -4.1871467e-002
 -4.9627754e-002
 -5.0887490e-002
 -3.8868308e-002
 -4.3113993e-002
 -4.8533838e-002
 -4.5574273e-002
 -4.0642258e-002
 -4.0330224e-002
 -4.5669463e-002
 -4.0783656e-002
 -3.6019793e-002
 -3.1403577e-002
 -2.6925920e-002
 -2.2571439e-002
 -1.8328884e-002
 -1.4202204e-002
 -1.0215116e-002
 -6.4189256e-003
 -2.9165841e-003
 -6.3429473e-002
 -6.3518341e-002
 -6.3695427e-002
 -6.3966011e-002
 -6.4339593e-002
 -6.4841587e-002
 -6.4763922e-002
 -6.3587555e-002
 -6.2858456e-002
 -6.2094648e-002
 -5.9135011e-002
 -5.7493415e-002
 -5.6826043e-002
 -5.4043945e-002
 -5.0869441e-002
 -5.0779264e-002
 -4.4861656e-002
 -4.3202271e-002
 -4.4856258e-002
 -5.0400854e-002
 -4.5971643e-002
 -5.2353490e-002
 -5.6276477e-002
 -5.1631666e-002
 -5.5338428e-002
 -6.1410717e-002
 -5.5871595e-002
 -4.8354611e-002
 -6.1446145e-002
 -6.9929950e-002
 -5.7616704e-002
 -4.7687135e-002
 -5.5815869e-002
 -5.1972131e-002
 -4.1951258e-002
 -3.4824856e-002
 -4.1452580e-002
 -4.9571789e-002
 -4.2571161e-002
 -3.3508019e-002
 -4.1455321e-002
 -4.8821404e-002
 -4.4664252e-002
 -3.8556495e-002
 -4.0775351e-002
 -4.3744057e-002
 -4.3011524e-002
 -4.0952470e-002
 -4.4084342e-002
 -4.7381760e-002
 -4.1862586e-002
 -3.6764698e-002
 -3.1962503e-002
 -2.7372981e-002
 -2.2945464e-002
 -1.8647031e-002
 -1.4469643e-002
 -1.0430061e-002
 -6.5752848e-003
 -3.0018355e-003
 -6.3217040e-002
 -6.3311673e-002
 -6.3498765e-002
 -6.3780426e-002
 -6.4164902e-002
 -6.4676345e-002
 -6.4605107e-002
 -6.3580229e-002
 -6.2561831e-002
 -6.1805074e-002
 -5.8600694e-002
 -5.5245049e-002
 -5.4179353e-002
 -5.1144128e-002
 -4.5934852e-002
 -4.5016214e-002
 -4.0673567e-002
 -3.8480865e-002
 -4.0915204e-002
 -4.6445567e-002
 -4.3535278e-002
 -4.8874565e-002
 -5.3336371e-002
 -4.8601512e-002
 -5.0386040e-002
 -5.7971792e-002
 -5.5342302e-002
 -4.6983012e-002
 -5.7245179e-002
 -6.3879420e-002
 -5.1530578e-002
 -4.5026173e-002
 -5.1649603e-002
 -4.4368033e-002
 -3.8849488e-002
 -3.5800252e-002
 -4.0667545e-002
 -4.1272035e-002
 -3.6114619e-002
 -3.7481201e-002
 -4.1059049e-002
 -4.3121151e-002
 -3.8939986e-002
 -3.6999660e-002
 -3.8719377e-002
 -4.5186426e-002
 -4.6982646e-002
 -4.2529491e-002
 -4.3005199e-002
 -4.6125090e-002
 -4.1176579e-002
 -3.6396779e-002
 -3.1776124e-002
 -2.7296885e-002
 -2.2934423e-002
 -1.8670121e-002
 -1.4510478e-002
 -1.0472957e-002
 -6.6109077e-003
 -3.0239971e-003
 -6.2798432e-002
 -6.2894666e-002
 -6.3085504e-002
 -6.3370180e-002
 -6.3755127e-002
 -6.4265245e-002
 -6.4191425e-002
 -6.3224775e-002
 -6.1942929e-002
 -6.1153005e-002
 -5.8158375e-002
 -5.3991154e-002
 -5.1574550e-002
 -4.8374183e-002
 -4.4082129e-002
 -4.0876751e-002
 -3.8118054e-002
 -3.3853609e-002
 -3.9695713e-002
 -4.4672886e-002
 -4.2318277e-002
 -4.2664189e-002
 -4.8717872e-002
 -4.8472444e-002
 -4.2054938e-002
 -5.0398099e-002
 -5.1496599e-002
 -4.7186724e-002
 -5.2635807e-002
 -5.4721719e-002
 -4.7921453e-002
 -4.4139013e-002
 -4.4436351e-002
 -4.0002702e-002
 -3.7452485e-002
 -3.6571496e-002
 -3.4659767e-002
 -3.2715607e-002
 -3.7846820e-002
 -4.2309652e-002
 -3.8559280e-002
 -3.6915620e-002
 -3.4456037e-002
 -3.5454301e-002
 -4.0939007e-002
 -4.8585872e-002
 -5.0099345e-002
 -4.0994148e-002
 -4.1497011e-002
 -4.4438828e-002
 -4.0066562e-002
 -3.5653801e-002
 -3.1274484e-002
 -2.6953644e-002
 -2.2697038e-002
 -1.8505472e-002
 -1.4392044e-002
 -1.0388955e-002
 -6.5575383e-003
 -2.9962896e-003
 -6.2156753e-002
 -6.2253512e-002
 -6.2442534e-002
 -6.2724824e-002
 -6.3103031e-002
 -6.3599167e-002
 -6.3507210e-002
 -6.2529813e-002
 -6.1259880e-002
 -6.0129103e-002
 -5.7185902e-002
 -5.3170390e-002
 -4.9908675e-002
 -4.5660835e-002
 -4.3123659e-002
 -3.8589931e-002
 -3.5936432e-002
 -3.3153523e-002
 -3.9180174e-002
 -4.3442084e-002
 -3.9916348e-002
 -3.6268971e-002
 -4.2446510e-002
 -4.5004215e-002
 -3.9097081e-002
 -4.2045148e-002
 -4.6240705e-002
 -4.3681717e-002
 -4.6604164e-002
 -4.9660378e-002
 -4.3151079e-002
 -4.1668608e-002
 -3.6221062e-002
 -3.3551032e-002
 -3.4967689e-002
 -3.5840786e-002
 -3.1400645e-002
 -3.4618496e-002
 -3.8846379e-002
 -4.1721353e-002
 -3.5318497e-002
 -3.3104086e-002
 -3.0936909e-002
 -3.5680280e-002
 -4.4992538e-002
 -4.9526330e-002
 -4.7624085e-002
 -4.1782958e-002
 -4.2458150e-002
 -4.4138685e-002
 -3.9649535e-002
 -3.5232703e-002
 -3.0895902e-002
 -2.6631271e-002
 -2.2425985e-002
 -1.8280421e-002
 -1.4208539e-002
 -1.0244738e-002
 -6.4562646e-003
 -2.9433409e-003
 -6.1308204e-002
 -6.1402997e-002
 -6.1590215e-002
 -6.1865770e-002
 -6.2231467e-002
 -6.2705873e-002
 -6.2577750e-002
 -6.1572222e-002
 -6.0380223e-002
 -5.8920667e-002
 -5.6090626e-002
 -5.2526190e-002
 -4.8881169e-002
 -4.4666621e-002
 -4.1720843e-002
 -3.7470229e-002
 -3.2732283e-002
 -3.4492646e-002
 -3.8986767e-002
 -4.1779938e-002
 -3.8362489e-002
 -3.2615230e-002
 -3.6354634e-002
 -3.9815160e-002
 -3.5679238e-002
 -3.5528598e-002
 -3.7695206e-002
 -3.7165321e-002
 -4.3939616e-002
 -4.3329542e-002
 -3.9106641e-002
 -3.7944166e-002
 -3.2705645e-002
 -2.6461122e-002
 -3.0171648e-002
 -3.2213373e-002
 -3.4097215e-002
 -3.7821923e-002
 -3.7664253e-002
 -4.1448024e-002
 -3.3829288e-002
 -2.8074312e-002
 -3.2379188e-002
 -4.0089452e-002
 -4.7325573e-002
 -4.8467311e-002
 -4.4202050e-002
 -4.1472985e-002
 -4.3380257e-002
 -4.3949627e-002
 -3.9358344e-002
 -3.4908702e-002
 -3.0573422e-002
 -2.6327357e-002
 -2.2148534e-002
 -1.8032961e-002
 -1.3995862e-002
 -1.0074029e-002
 -6.3341687e-003
 -2.8776059e-003
 -6.0334048e-002
 -6.0426475e-002
 -6.0608388e-002
 -6.0875890e-002
 -6.1229850e-002
 -6.1685939e-002
 -6.1532677e-002
 -6.0554821e-002
 -5.9349055e-002
 -5.7543077e-002
 -5.4868121e-002
 -5.1559855e-002
 -4.7749367e-002
 -4.4503825e-002
 -4.0073979e-002
 -3.6636407e-002
 -3.2621754e-002
 -3.6090952e-002
 -3.9283732e-002
 -4.1714563e-002
 -3.7727089e-002
 -3.0774862e-002
 -2.7666179e-002
 -3.4444316e-002
 -3.0567624e-002
 -2.9747578e-002
 -2.9682567e-002
 -3.2310765e-002
 -3.9486835e-002
 -3.9295227e-002
 -3.6481368e-002
 -3.5098126e-002
 -2.5927084e-002
 -2.1429570e-002
 -2.4658631e-002
 -3.1448811e-002
 -3.5155393e-002
 -3.5165595e-002
 -4.1416031e-002
 -4.1817837e-002
 -3.2087441e-002
 -2.9637298e-002
 -3.5572430e-002
 -4.3487281e-002
 -4.8555958e-002
 -4.7395597e-002
 -4.3019884e-002
 -4.0221371e-002
 -4.3177354e-002
 -4.3259544e-002
 -3.8836261e-002
 -3.4474326e-002
 -3.0190980e-002
 -2.5981378e-002
 -2.1835478e-002
 -1.7754542e-002
 -1.3758276e-002
 -9.8843536e-003
 -6.1989196e-003
 -2.8041666e-003
 -5.9200497e-002
 -5.9288473e-002
 -5.9463317e-002
 -5.9721485e-002
 -6.0063867e-002
 -6.0506629e-002
 -6.0336556e-002
 -5.9390722e-002
 -5.8093675e-002
 -5.5976064e-002
 -5.3540674e-002
 -5.0304226e-002
 -4.7006466e-002
 -4.4582663e-002
 -3.9209111e-002
 -3.4171571e-002
 -3.5188753e-002
 -3.9027287e-002
 -3.8820982e-002
 -4.0628360e-002
 -3.6782247e-002
 -2.8972563e-002
 -2.4373829e-002
 -2.8090264e-002
 -2.6707230e-002
 -2.2114465e-002
 -2.4316196e-002
 -2.6791874e-002
 -3.2977216e-002
 -3.7756986e-002
 -3.4995991e-002
 -2.8899008e-002
 -1.9513176e-002
 -1.7508551e-002
 -2.5827726e-002
 -2.8720132e-002
 -3.1363491e-002
 -3.8838285e-002
 -4.3072509e-002
 -4.0381991e-002
 -3.3814921e-002
 -3.3541869e-002
 -3.9462727e-002
 -4.5708218e-002
 -4.7621154e-002
 -4.3744124e-002
 -4.2650592e-002
 -3.9083375e-002
 -4.3672355e-002
 -4.2936216e-002
 -3.8454623e-002
 -3.4077566e-002
 -2.9799202e-002
 -2.5607388e-002
 -2.1489250e-002
 -1.7445807e-002
 -1.3495316e-002
 -9.6747067e-003
 -6.0491452e-003
 -2.7216153e-003
 -5.7835530e-002
 -5.7920191e-002
 -5.8089525e-002
 -5.8339686e-002
 -5.8672561e-002
 -5.9102258e-002
 -5.8913066e-002
 -5.7988685e-002
 -5.6638256e-002
 -5.4282072e-002
 -5.1812852e-002
 -4.8661683e-002
 -4.7035056e-002
 -4.4155030e-002
 -3.8301129e-002
 -3.4279608e-002
 -3.8609384e-002
 -3.9928951e-002
 -3.8437815e-002
 -3.9934858e-002
 -3.5248379e-002
 -2.6722215e-002
 -1.9478087e-002
 -2.1394351e-002
 -2.0584965e-002
 -1.7966209e-002
 -2.3736133e-002
 -2.4601298e-002
 -3.0535143e-002
 -3.3909532e-002
 -3.0920703e-002
 -2.4995005e-002
 -1.4522810e-002
 -1.6491170e-002
 -2.2294081e-002
 -2.2839921e-002
 -3.4653563e-002
 -4.0580979e-002
 -4.3002767e-002
 -4.2057874e-002
 -3.6298704e-002
 -3.8509224e-002
 -4.1319702e-002
 -4.5233794e-002
 -4.6102343e-002
 -3.9687639e-002
 -4.3308673e-002
 -3.9082514e-002
 -4.3945124e-002
 -4.2473518e-002
 -3.7960234e-002
 -3.3580055e-002
 -2.9318531e-002
 -2.5155815e-002
 -2.1077197e-002
 -1.7083247e-002
 -1.3187719e-002
 -9.4288519e-003
 -5.8723882e-003
 -2.6219050e-003
 -5.6201479e-002
 -5.6286361e-002
 -5.6453976e-002
 -5.6699914e-002
 -5.7023073e-002
 -5.7430178e-002
 -5.7206278e-002
 -5.6290245e-002
 -5.4903318e-002
 -5.2440771e-002
 -5.0053843e-002
 -4.7232579e-002
 -4.7106336e-002
 -4.3967738e-002
 -3.6533901e-002
 -3.5840025e-002
 -4.1448794e-002
 -3.9632408e-002
 -3.9645731e-002
 -3.8844669e-002
 -3.3145694e-002
 -2.3869618e-002
 -1.5804504e-002
 -1.3122898e-002
 -1.4707004e-002
 -1.8466843e-002
 -2.3564799e-002
 -2.9740878e-002
 -2.6423683e-002
 -2.6988856e-002
 -2.8579089e-002
 -2.1959201e-002
 -1.2271424e-002
 -1.2004740e-002
 -2.0007144e-002
 -2.2862194e-002
 -3.0813934e-002
 -4.2577790e-002
 -4.5215910e-002
 -4.3882799e-002
 -3.9237638e-002
 -4.3494835e-002
 -4.3438724e-002
 -4.3342058e-002
 -4.4383622e-002
 -3.7609808e-002
 -4.2424048e-002
 -3.9157517e-002
 -4.3658154e-002
 -4.1615534e-002
 -3.7176380e-002
 -3.2858338e-002
 -2.8659230e-002
 -2.4561296e-002
 -2.0550113e-002
 -1.6625269e-002
 -1.2801420e-002
 -9.1192026e-003
 -5.6470807e-003
 -2.4940082e-003
 -5.4237672e-002
 -5.4325379e-002
 -5.4496182e-002
 -5.4741583e-002
 -5.5056211e-002
 -5.5427286e-002
 -5.5158821e-002
 -5.4260561e-002
 -5.2751913e-002
 -5.0434583e-002
 -4.7796293e-002
 -4.6265746e-002
 -4.6203143e-002
 -4.2264441e-002
 -3.6815300e-002
 -3.9605842e-002
 -4.2723337e-002
 -3.9001684e-002
 -3.8914206e-002
 -3.5666988e-002
 -2.9333375e-002
 -2.0737415e-002
 -1.2590630e-002
 -9.5337442e-003
 -1.4239136e-002
 -1.9902743e-002
 -2.7334865e-002
 -3.1732990e-002
 -2.3272454e-002
 -2.3731802e-002
 -2.5106447e-002
 -1.4719852e-002
 -1.0261920e-002
 -1.1776664e-002
 -2.0177838e-002
 -2.2350489e-002
 -3.0346590e-002
 -4.4297136e-002
 -4.7337391e-002
 -4.4798301e-002
 -4.3640477e-002
 -4.2987481e-002
 -4.2788824e-002
 -4.1929434e-002
 -4.2174994e-002
 -3.6923587e-002
 -4.0622911e-002
 -3.9809335e-002
 -4.2930850e-002
 -4.0589636e-002
 -3.6157043e-002
 -3.1903106e-002
 -2.7791377e-002
 -2.3789468e-002
 -1.9874579e-002
 -1.6041051e-002
 -1.2308617e-002
 -8.7216186e-003
 -5.3552213e-003
 -2.3273176e-003
 -5.1878627e-002
 -5.1970387e-002
 -5.2147827e-002
 -5.2397190e-002
 -5.2710259e-002
 -5.3061486e-002
 -5.2782448e-002
 -5.1942352e-002
 -5.0405423e-002
 -4.8365138e-002
 -4.5723393e-002
 -4.5378508e-002
 -4.5407345e-002
 -3.9478748e-002
 -3.8654476e-002
 -4.2109329e-002
 -4.3376711e-002
 -3.9295939e-002
 -3.7610741e-002
 -3.1113423e-002
 -2.5980682e-002
 -1.5497495e-002
 -8.3821144e-003
 -8.9219454e-003
 -1.6576434e-002
 -2.5347104e-002
 -2.9408300e-002
 -3.0954871e-002
 -2.5352527e-002
 -2.3872551e-002
 -1.5537398e-002
 -8.7629397e-003
 -1.0438331e-002
 -1.3303729e-002
 -2.0099875e-002
 -2.7544505e-002
 -3.1813981e-002
 -4.4423248e-002
 -4.6463927e-002
 -4.3896200e-002
 -4.6424865e-002
 -4.1620829e-002
 -4.0901488e-002
 -4.0177637e-002
 -3.8492977e-002
 -3.8359891e-002
 -4.0084319e-002
 -3.9793880e-002
 -4.1624333e-002
 -3.8801119e-002
 -3.4640079e-002
 -3.0596936e-002
 -2.6660473e-002
 -2.2810325e-002
 -1.9028976e-002
 -1.5315527e-002
 -1.1696502e-002
 -8.2254038e-003
 -4.9894310e-003
 -2.1154879e-003
 -4.9057869e-002
 -4.9152364e-002
 -4.9333687e-002
 -4.9585929e-002
 -4.9900684e-002
 -5.0225572e-002
 -4.9944471e-002
 -4.9132610e-002
 -4.7545590e-002
 -4.5560675e-002
 -4.3479239e-002
 -4.4101239e-002
 -4.2635467e-002
 -3.7382637e-002
 -4.1259250e-002
 -4.3313166e-002
 -4.4287105e-002
 -3.9206723e-002
 -3.4585126e-002
 -2.7797478e-002
 -2.0019451e-002
 -1.0463603e-002
 -9.9178698e-003
 -1.1444850e-002
 -2.0672926e-002
 -3.0095758e-002
 -3.1604035e-002
 -3.1547852e-002
 -2.5548622e-002
 -1.8805722e-002
 -9.8714621e-003
 -8.6401670e-003
 -9.9887349e-003
 -1.4906618e-002
 -2.0976084e-002
 -3.1394432e-002
 -3.5755217e-002
 -4.3032021e-002
 -4.4035101e-002
 -4.3655776e-002
 -4.6174248e-002
 -4.0839197e-002
 -3.9683125e-002
 -3.9721014e-002
 -3.5283028e-002
 -3.9306375e-002
 -3.8479640e-002
 -3.9368192e-002
 -3.9427428e-002
 -3.6845330e-002
 -3.2919201e-002
 -2.9087050e-002
 -2.5337611e-002
 -2.1654154e-002
 -1.8023080e-002
 -1.4448473e-002
 -1.0961986e-002
 -7.6273652e-003
 -4.5461996e-003
 -1.8542238e-003
 -4.5711777e-002
 -4.5804479e-002
 -4.5981665e-002
 -4.6227512e-002
 -4.6533189e-002
 -4.6837931e-002
 -4.6548725e-002
 -4.5693441e-002
 -4.4244861e-002
 -4.2440488e-002
 -4.1565826e-002
 -4.2335372e-002
 -3.8485308e-002
 -3.7018458e-002
 -4.1325402e-002
 -4.3833834e-002
 -4.3162116e-002
 -3.8129594e-002
 -3.0247828e-002
 -2.2948113e-002
 -1.2899499e-002
 -1.1851602e-002
 -1.4204794e-002
 -1.6102327e-002
 -2.5327020e-002
 -3.4595031e-002
 -3.4774558e-002
 -2.8559173e-002
 -2.3012302e-002
 -1.8568363e-002
 -1.1571163e-002
 -7.2999736e-003
 -7.8727722e-003
 -1.7250417e-002
 -2.3650088e-002
 -3.4509723e-002
 -3.9658313e-002
 -4.0278464e-002
 -4.1586117e-002
 -4.1543325e-002
 -4.3425677e-002
 -4.0096900e-002
 -3.8152546e-002
 -3.8445233e-002
 -3.3579738e-002
 -3.8536439e-002
 -3.6833169e-002
 -3.9380529e-002
 -3.7663550e-002
 -3.4702467e-002
 -3.1066432e-002
 -2.7451744e-002
 -2.3883438e-002
 -2.0362766e-002
 -1.6884121e-002
 -1.3455266e-002
 -1.0112132e-002
 -6.9276747e-003
 -4.0198814e-003
 -1.5334167e-003
 -4.1826723e-002
 -4.1914559e-002
 -4.2082790e-002
 -4.2318722e-002
 -4.2617016e-002
 -4.2848405e-002
 -4.2549099e-002
 -4.1593164e-002
 -4.0279034e-002
 -3.8896933e-002
 -3.9243458e-002
 -3.8382924e-002
 -3.4840968e-002
 -3.6478273e-002
 -4.0592877e-002
 -4.3484961e-002
 -4.0553040e-002
 -3.4597562e-002
 -2.4708595e-002
 -1.5890344e-002
 -1.4470421e-002
 -1.5662227e-002
 -1.7636724e-002
 -2.3180966e-002
 -3.0945271e-002
 -3.7021007e-002
 -3.1671242e-002
 -2.5024832e-002
 -2.3324056e-002
 -1.9357566e-002
 -1.3816614e-002
 -8.4880955e-003
 -1.1536739e-002
 -2.0781943e-002
 -2.6716907e-002
 -3.6091043e-002
 -3.9452594e-002
 -3.7777886e-002
 -3.9015773e-002
 -3.8949761e-002
 -3.9444337e-002
 -3.7982810e-002
 -3.6626756e-002
 -3.4983638e-002
 -3.4302270e-002
 -3.6750457e-002
 -3.5085406e-002
 -3.8867229e-002
 -3.6284021e-002
 -3.3106107e-002
 -2.9446011e-002
 -2.5885768e-002
 -2.2413252e-002
 -1.9011014e-002
 -1.5661067e-002
 -1.2363551e-002
 -9.1526655e-003
 -6.1132674e-003
 -3.3888996e-003
 -1.1219668e-003
 -3.7358872e-002
 -3.7443122e-002
 -3.7603541e-002
 -3.7826027e-002
 -3.8102620e-002
 -3.8300180e-002
 -3.7995690e-002
 -3.7014924e-002
 -3.5634134e-002
 -3.5396979e-002
 -3.6563479e-002
 -3.3323543e-002
 -3.2160302e-002
 -3.4898503e-002
 -3.9095496e-002
 -4.0457168e-002
 -3.5632505e-002
 -2.7971567e-002
 -1.9417349e-002
 -1.7268652e-002
 -1.7425204e-002
 -1.9074808e-002
 -2.2069117e-002
 -3.0260837e-002
 -3.3616578e-002
 -3.2847042e-002
 -2.8483994e-002
 -2.6961686e-002
 -2.4636040e-002
 -1.9665237e-002
 -1.6935200e-002
 -1.4618204e-002
 -1.8451975e-002
 -2.4143217e-002
 -2.7289605e-002
 -3.8024657e-002
 -3.8106559e-002
 -3.7275495e-002
 -3.4180681e-002
 -3.6300583e-002
 -3.5596112e-002
 -3.6340373e-002
 -3.4107222e-002
 -3.0399407e-002
 -3.3932027e-002
 -3.3361816e-002
 -3.3967087e-002
 -3.7652428e-002
 -3.4707756e-002
 -3.1271132e-002
 -2.7634602e-002
 -2.4152258e-002
 -2.0788632e-002
 -1.7510581e-002
 -1.4286664e-002
 -1.1107727e-002
 -8.0091901e-003
 -5.1108369e-003
 -2.6002921e-003
 -5.2383440e-004
 -3.2260812e-002
 -3.2346720e-002
 -3.2508219e-002
 -3.2728357e-002
 -3.2997550e-002
 -3.3170011e-002
 -3.2900165e-002
 -3.2085381e-002
 -3.1080154e-002
 -3.1668471e-002
 -3.1271262e-002
 -2.9230344e-002
 -2.9160699e-002
 -3.3436942e-002
 -3.5612794e-002
 -3.5124252e-002
 -2.9817129e-002
 -2.1806801e-002
 -2.0141079e-002
 -2.0507772e-002
 -2.0677128e-002
 -2.3907162e-002
 -2.6990115e-002
 -3.1411926e-002
 -3.1098506e-002
 -2.9492665e-002
 -2.8438606e-002
 -2.9146542e-002
 -2.5869927e-002
 -2.1056632e-002
 -2.1462623e-002
 -2.1342012e-002
 -2.5034638e-002
 -2.7684558e-002
 -2.8334801e-002
 -3.7716211e-002
 -3.6628386e-002
 -3.4806722e-002
 -3.1399251e-002
 -3.2031454e-002
 -3.1293890e-002
 -3.3263501e-002
 -3.1258917e-002
 -2.7382705e-002
 -3.2034294e-002
 -3.1573243e-002
 -3.3495522e-002
 -3.5230936e-002
 -3.2332629e-002
 -2.8654539e-002
 -2.5281898e-002
 -2.2012617e-002
 -1.8838574e-002
 -1.5730810e-002
 -1.2651175e-002
 -9.5872443e-003
 -6.6048881e-003
 -3.9014696e-003
 -1.6645497e-003
 -1.0171070e-008
 -2.6641075e-002
 -2.6726643e-002
 -2.6883952e-002
 -2.7091034e-002
 -2.7329608e-002
 -2.7388259e-002
 -2.7004595e-002
 -2.6146369e-002
 -2.6234996e-002
 -2.8091293e-002
 -2.6253208e-002
 -2.4774283e-002
 -2.6530095e-002
 -3.0288426e-002
 -3.0445385e-002
 -2.7589782e-002
 -2.2493892e-002
 -2.2301535e-002
 -2.1208148e-002
 -2.4255716e-002
 -2.6565444e-002
 -2.9412002e-002
 -2.8719615e-002
 -2.8863108e-002
 -2.7723333e-002
 -2.6869984e-002
 -2.9342891e-002
 -2.9372143e-002
 -2.7290982e-002
 -2.4967860e-002
 -2.6828461e-002
 -2.7855283e-002
 -2.9590156e-002
 -3.1117506e-002
 -2.8984958e-002
 -3.5826359e-002
 -3.5777482e-002
 -3.1203630e-002
 -2.8803311e-002
 -2.7351536e-002
 -2.6974051e-002
 -3.0189164e-002
 -2.8321754e-002
 -2.6039789e-002
 -2.9647267e-002
 -3.0459655e-002
 -3.1692063e-002
 -3.2224744e-002
 -2.9411188e-002
 -2.5893459e-002
 -2.2694858e-002
 -1.9612050e-002
 -1.6626460e-002
 -1.3691682e-002
 -1.0756938e-002
 -7.8296333e-003
 -5.0484817e-003
 -2.6411469e-003
 -6.9706706e-004
 -4.1888831e-009
 -2.0647590e-002
 -2.0728265e-002
 -2.0874811e-002
 -2.1067139e-002
 -2.1289647e-002
 -2.1340533e-002
 -2.0988979e-002
 -2.0370800e-002
 -2.1449242e-002
 -2.1827150e-002
 -2.1078680e-002
 -2.1066384e-002
 -2.3647481e-002
 -2.6408379e-002
 -2.4045018e-002
 -2.0683260e-002
 -2.2948054e-002
 -2.3962324e-002
 -2.3129390e-002
 -2.5538045e-002
 -3.0747607e-002
 -2.8999882e-002
 -2.7632641e-002
 -2.6999396e-002
 -2.5896922e-002
 -2.5086062e-002
 -2.9551119e-002
 -3.2293358e-002
 -2.9219725e-002
 -3.0569592e-002
 -3.0440685e-002
 -3.2315637e-002
 -3.3441829e-002
 -3.1290898e-002
 -3.1039582e-002
 -3.3061471e-002
 -3.3131441e-002
 -3.0379973e-002
 -2.6898890e-002
 -2.4389752e-002
 -2.3725736e-002
 -2.5241953e-002
 -2.3711019e-002
 -2.4132804e-002
 -2.7053221e-002
 -2.8447721e-002
 -2.9067396e-002
 -2.9584031e-002
 -2.6700820e-002
 -2.2988340e-002
 -1.9888049e-002
 -1.6956447e-002
 -1.4135932e-002
 -1.1353006e-002
 -8.5576554e-003
 -5.8083896e-003
 -3.3244218e-003
 -1.3197298e-003
 -6.9504017e-009
 -9.8206003e-011
 -1.4359739e-002
 -1.4424518e-002
 -1.4540363e-002
 -1.4685190e-002
 -1.4837827e-002
 -1.4782558e-002
 -1.4278965e-002
 -1.4471238e-002
 -1.6496979e-002
 -1.6218196e-002
 -1.5391863e-002
 -1.7389292e-002
 -2.0391457e-002
 -2.1120681e-002
 -1.7580313e-002
 -2.0858397e-002
 -2.5269271e-002
 -2.4947767e-002
 -2.3112100e-002
 -2.6801551e-002
 -2.9104268e-002
 -2.6377769e-002
 -2.4748175e-002
 -2.4893257e-002
 -2.4421509e-002
 -2.6266775e-002
 -3.2472116e-002
 -3.3160096e-002
 -3.3773767e-002
 -3.4666466e-002
 -3.2994744e-002
 -3.4929580e-002
 -3.3926716e-002
 -3.1309376e-002
 -3.1976167e-002
 -3.1349123e-002
 -3.0611101e-002
 -2.9406829e-002
 -2.5181136e-002
 -2.1736644e-002
 -2.1472903e-002
 -2.1054921e-002
 -1.8935753e-002
 -2.1390134e-002
 -2.2951003e-002
 -2.5127865e-002
 -2.7335758e-002
 -2.7490598e-002
 -2.4392444e-002
 -1.9343987e-002
 -1.6568941e-002
 -1.3879905e-002
 -1.1237314e-002
 -8.5870731e-003
 -5.9541635e-003
 -3.5275027e-003
 -1.5259334e-003
 -1.0398677e-008
  9.9937715e-011
 -6.9570249e-013
 -8.0835557e-003
 -8.1266436e-003
 -8.1996747e-003
 -8.2797093e-003
 -8.3476933e-003
 -8.1591743e-003
 -7.7376260e-003
 -9.0244597e-003
 -1.0073595e-002
 -9.8939988e-003
 -1.1281840e-002
 -1.3522925e-002
 -1.5840145e-002
 -1.5322467e-002
 -1.8200528e-002
 -2.2633785e-002
 -2.3453008e-002
 -2.3715242e-002
 -2.2890267e-002
 -2.5933114e-002
 -2.6525239e-002
 -2.4215394e-002
 -2.2178317e-002
 -2.1961609e-002
 -2.4760127e-002
 -3.1363085e-002
 -3.4912522e-002
 -3.4819917e-002
 -3.7620964e-002
 -3.5915388e-002
 -3.4135131e-002
 -3.5339449e-002
 -3.2613420e-002
 -3.1640896e-002
 -3.2383192e-002
 -3.0213164e-002
 -2.8681480e-002
 -2.5775158e-002
 -2.3420277e-002
 -1.9901663e-002
 -1.9816690e-002
 -1.7612116e-002
 -1.6110323e-002
 -1.8010846e-002
 -1.7563459e-002
 -2.1407717e-002
 -2.5832576e-002
 -2.5220570e-002
 -2.1101468e-002
 -1.5671152e-002
 -1.3041472e-002
 -1.0491292e-002
 -7.9623026e-003
 -5.4757620e-003
 -3.2044070e-003
 -1.3479245e-003
 -9.5519002e-009
  2.1927965e-011
 -3.9329189e-012
  1.8873716e-013
 -2.4490860e-003
 -2.5013177e-003
 -2.5705376e-003
 -2.6122746e-003
 -2.5939846e-003
 -2.2150302e-003
 -2.1826845e-003
 -3.5522116e-003
 -3.8998968e-003
 -4.8770880e-003
 -8.0646142e-003
 -1.0003906e-002
 -1.2975558e-002
 -1.6320677e-002
 -1.7908359e-002
 -2.0553483e-002
 -2.1760035e-002
 -2.0722176e-002
 -1.9910912e-002
 -2.3832648e-002
 -2.2449819e-002
 -2.1858928e-002
 -1.8893895e-002
 -2.2430032e-002
 -3.0223322e-002
 -3.6774971e-002
 -3.7123738e-002
 -3.7402014e-002
 -3.7414956e-002
 -3.4808775e-002
 -3.3323053e-002
 -3.3508522e-002
 -2.9237666e-002
 -2.9801253e-002
 -3.1655488e-002
 -2.7242912e-002
 -2.6056683e-002
 -2.2921254e-002
 -2.1633158e-002
 -2.0715712e-002
 -1.9101358e-002
 -1.6593128e-002
 -1.4693304e-002
 -1.4384544e-002
 -1.2768175e-002
 -1.7147921e-002
 -2.3616254e-002
 -2.2713075e-002
 -1.7321625e-002
 -1.1312175e-002
 -8.9178057e-003
 -6.5701903e-003
 -4.3364158e-003
 -2.3808532e-003
 -8.3490385e-004
 -6.5988435e-009
 -3.3186249e-012
 -1.0246177e-012
  1.4922974e-013
 -6.2719287e-014
 -2.9401297e-009
 -3.0028485e-009
 -3.0859377e-009
 -3.1296965e-009
 -3.4094618e-009
  1.2296898e-008
  1.2430255e-009
 -5.8708485e-009
 -4.8943804e-009
 -2.3569847e-003
 -5.7058273e-003
 -1.1099843e-002
 -1.5282729e-002
 -1.4974541e-002
 -1.6708963e-002
 -1.8730674e-002
 -1.8183724e-002
 -1.6267783e-002
 -1.5946233e-002
 -1.8004413e-002
 -1.6389025e-002
 -1.6756447e-002
 -1.9804408e-002
 -2.7823504e-002
 -3.5244372e-002
 -3.9739199e-002
 -3.8775401e-002
 -3.9135311e-002
 -3.6502500e-002
 -3.1625018e-002
 -3.0596708e-002
 -2.8848987e-002
 -2.4130552e-002
 -2.5724349e-002
 -2.7224767e-002
 -2.3778622e-002
 -2.4109336e-002
 -2.1729487e-002
 -1.9949130e-002
 -2.0512993e-002
 -1.9596442e-002
 -1.6851044e-002
 -1.5482985e-002
 -1.2243922e-002
 -9.2601551e-003
 -1.2555937e-002
 -1.9381891e-002
 -1.9656892e-002
 -1.4069372e-002
 -6.2631495e-003
 -4.3219192e-003
 -2.5637382e-003
 -1.0943066e-003
 -8.9756156e-009
 -8.7624843e-010
  8.6531251e-014
 -1.8657628e-013
  4.0021651e-014
 -3.6258268e-014
  8.4610186e-014
  1.3354068e-013
 -7.8983537e-014
  4.0566409e-011
  6.1028604e-009
  8.4275718e-004
  1.9927016e-003
  2.0360525e-003
  1.6958101e-003
  1.2553885e-009
 -2.7923160e-003
 -9.0230445e-003
 -1.3524095e-002
 -1.4416090e-002
 -1.4539847e-002
 -1.4808576e-002
 -1.5883923e-002
 -1.4899290e-002
 -1.0244886e-002
 -8.4575098e-003
 -8.9101736e-003
 -9.3452935e-003
 -1.3753855e-002
 -2.3782773e-002
 -3.2593005e-002
 -3.9074938e-002
 -4.2297612e-002
 -3.9695411e-002
 -3.8531629e-002
 -3.3689608e-002
 -2.7220454e-002
 -2.5162618e-002
 -2.1897696e-002
 -1.7747909e-002
 -1.9832234e-002
 -2.2141706e-002
 -2.0645140e-002
 -2.1252273e-002
 -2.0110656e-002
 -1.8835408e-002
 -1.8937034e-002
 -1.9957009e-002
 -1.6732546e-002
 -1.7262909e-002
 -1.1783306e-002
 -7.3933137e-003
 -9.3648702e-003
 -1.3705743e-002
 -1.4937487e-002
 -9.6983115e-003
 -2.1712412e-003
 -8.5809548e-004
 -7.0027539e-009
 -1.1665341e-009
  2.4251288e-011
  2.0928078e-013
 -5.3607779e-016
  1.6428805e-014
 -2.3332750e-014
  1.4661537e-013
 -1.5694216e-013
 -3.7433361e-012
  4.5582039e-011
  7.5792443e-009
  1.4171934e-003
  3.9107214e-003
  4.8625615e-003
  4.3387382e-003
  2.0287917e-003
 -8.9554165e-009
 -6.6554464e-003
 -1.0018741e-002
 -1.1020013e-002
 -1.2904707e-002
 -1.3404565e-002
 -1.2706175e-002
 -1.3285117e-002
 -7.5412649e-003
 -2.0291811e-003
 -2.7703215e-009
 -6.8933866e-009
 -7.0455524e-003
 -1.4709567e-002
 -2.4936816e-002
 -3.3039744e-002
 -3.9619333e-002
 -4.1874357e-002
 -3.9083860e-002
 -3.5597557e-002
 -2.9261649e-002
 -2.2413584e-002
 -1.7557720e-002
 -1.2486424e-002
 -1.1042448e-002
 -1.3129715e-002
 -1.6806284e-002
 -1.7220121e-002
 -1.9191741e-002
 -1.6613283e-002
 -1.7169715e-002
 -1.5727199e-002
 -1.8088574e-002
 -1.8478417e-002
 -1.7715331e-002
 -1.0779037e-002
 -6.7587921e-003
 -7.0266611e-003
 -1.0490097e-002
 -1.0134361e-002
 -5.6371638e-003
 -3.1272376e-010
 -1.0301775e-009
  2.9479022e-011
 -2.2811719e-013
  9.3526889e-014
 -3.9610699e-014
  9.3064305e-014
 -1.3260577e-013
  2.0158353e-013
 -2.4890610e-013
  1.2292525e-013
 -6.4589452e-012
  1.2949951e-011
  1.2509302e-008
  2.1186802e-003
  5.5153967e-003
  5.6052451e-003
  2.5894163e-003
  5.7011190e-009
 -4.2672694e-003
 -5.5438007e-003
 -5.5254430e-003
 -8.3028823e-003
 -1.2052329e-002
 -9.9860710e-003
 -9.9303590e-003
 -8.8185109e-003
 -4.2752140e-009
  3.7686171e-003
  4.6564033e-003
  7.4138521e-009
 -8.7228264e-003
 -1.4943349e-002
 -2.2438929e-002
 -2.8048675e-002
 -3.4472680e-002
 -3.5328158e-002
 -3.3710146e-002
 -3.0186127e-002
 -2.3046980e-002
 -1.6276302e-002
 -1.1096816e-002
 -5.2225271e-003
 -5.3384714e-003
 -8.2977589e-003
 -1.2555334e-002
 -1.3510401e-002
 -1.5836941e-002
 -1.1887160e-002
 -1.4381922e-002
 -1.2687305e-002
 -1.3387049e-002
 -1.7277885e-002
 -1.5849576e-002
 -8.2988666e-003
 -3.0973618e-003
 -5.1062463e-003
 -8.1301211e-003
 -6.6594744e-003
 -1.9040586e-003
  1.4038256e-003
  8.4263780e-009
  1.6494489e-014
  5.0240786e-014
 -5.6095608e-014
  9.3678234e-014
 -1.2426606e-013
  1.2845329e-013
 -1.4336254e-013
  9.8432762e-014
 -5.4938488e-014
  1.2483419e-013
  5.6037757e-013
  2.3687811e-012
  3.5969705e-009
  1.7580720e-004
  9.6439408e-007
  3.1147314e-009
  2.4630418e-013
 -5.1230527e-009
 -9.3726144e-009
 -4.5321582e-004
 -1.6173818e-003
 -2.3705478e-003
 -2.3130636e-003
 -1.9252868e-003
 -1.1940159e-003
 -6.5561449e-009
  4.6586310e-009
 -6.1440421e-009
 -1.9734798e-003
 -5.3443619e-003
 -9.2038089e-003
 -1.3089156e-002
 -1.6358287e-002
 -1.8746881e-002
 -1.9675855e-002
 -1.9258495e-002
 -1.7694780e-002
 -1.5206807e-002
 -1.2445158e-002
 -9.9205607e-003
 -7.9250737e-003
 -7.0704253e-003
 -7.1514166e-003
 -7.6869857e-003
 -8.0676286e-003
 -8.2808847e-003
 -7.9885046e-003
 -7.9305351e-003
 -7.6448766e-003
 -7.4253649e-003
 -7.1366037e-003
 -6.0360386e-003
 -4.1504364e-003
 -2.4618010e-003
 -1.6440842e-003
 -1.2495112e-003
 -4.8683461e-004
 -5.2079966e-009
  1.6851339e-009
  1.0579320e-013
 -9.5033958e-014
  6.9364437e-014
 -3.8593699e-014
 -4.2946229e-015
  4.9884362e-016
 -7.6010637e-015
  1.6080645e-014
 -7.7460772e-015
 -5.1351522e-015
  3.3924265e-014
  1.6644804e-013
 -1.0634085e-013
  1.0843229e-013
  2.1100644e-010
  1.1995501e-012
 -5.6468990e-014
  4.4190311e-014
 -1.8989258e-013
  1.6009066e-013
 -5.4422370e-010
 -1.9415990e-009
 -2.8458753e-009
 -2.7767434e-009
 -2.3113193e-009
 -1.4334151e-009
  2.7859688e-011
 -1.6666815e-012
 -2.3811467e-009
 -4.0541487e-004
 -2.1579296e-003
 -4.1693279e-003
 -6.2920506e-003
 -8.1491212e-003
 -9.4613055e-003
 -1.0101678e-002
 -1.0090006e-002
 -9.5163645e-003
 -8.5165367e-003
 -7.2886794e-003
 -6.0376069e-003
 -4.9410165e-003
 -4.1419112e-003
 -3.6690738e-003
 -3.4126237e-003
 -3.2363795e-003
 -3.0699914e-003
 -2.8787188e-003
 -2.6597859e-003
 -2.3559517e-003
 -1.9389586e-003
 -1.4008176e-003
 -7.4151189e-004
 -9.6104955e-009
 -2.8456059e-009
 -1.9740468e-009
 -1.4999438e-009
 -5.8433694e-010
 -2.3860898e-013
  1.4617907e-013
 -1.4513911e-013
  1.4374987e-013
 -2.3378409e-013
  1.8980016e-013
 -1.4581782e-013
  1.1221362e-013
 -9.9706416e-014
  7.1084806e-014
 -3.4743680e-014
  8.1280014e-015
  3.4940929e-014
 -4.6549245e-014
  3.8731726e-014
 -8.9031843e-015
  4.5268963e-014
 -8.5787426e-014
  1.1933015e-013
 -1.4977076e-013
  1.5134585e-013
 -1.4469478e-013
  1.3694833e-013
 -1.3447700e-013
  1.2651612e-013
 -1.1165595e-013
  8.3504701e-014
 -5.5181723e-014
  5.1956748e-014
 -6.0227841e-014
 -4.3359627e-013
 -4.8391722e-010
 -2.4719725e-009
  2.7768485e-005
 -1.1257018e-003
 -2.0492537e-003
 -2.7743722e-003
 -3.2041185e-003
 -3.3313245e-003
 -3.1843307e-003
 -2.7928352e-003
 -2.2107715e-003
 -1.4842714e-003
 -6.1881499e-004
 -7.6383007e-009
 -4.2254710e-009
 -4.1357053e-009
 -3.8836400e-009
 -3.6376515e-009
 -4.3081178e-009
 -3.1297574e-009
 -3.1694707e-009
 -2.3109204e-009
 -1.6817296e-009
 -8.9050533e-010
  2.2025082e-011
 -1.9969136e-014
 -2.9221233e-013
  7.2257867e-014
 -2.1955212e-014
  9.2751229e-014
 -1.9244467e-013
  1.6854216e-013
 -2.3668462e-013
  2.0647396e-013
 -1.9438237e-013
  1.6361636e-013
 -1.6076295e-013
  1.3790982e-013
 -9.3049643e-014
  4.6853135e-014
 -2.3823556e-014
 -4.9370432e-015
  4.7397416e-015
 -1.5752131e-014
  3.4795140e-014
 -5.7263920e-014
  8.2759872e-014
 -1.0055538e-013
  1.1459500e-013
 -1.0764251e-013
  1.1123971e-013
 -1.1270182e-013
  1.1659385e-013
 -1.0078251e-013
  6.6496071e-014
 -4.3973223e-014
  4.8841584e-014
 -5.3243496e-014
  2.5057923e-014
 -1.2162789e-014
 -4.8405410e-014
  6.7734095e-013
  3.3178685e-011
 -1.3517016e-009
 -2.4597159e-009
 -3.3221233e-009
 -4.0400141e-009
 -3.9899141e-009
 -3.8330211e-009
 -3.1308492e-009
 -2.6645574e-009
 -1.7820491e-009
 -7.4283975e-010
 -1.0084617e-011
 -2.4198472e-012
  4.3734030e-013
  1.2517187e-013
 -3.9286323e-014
  9.4871261e-012
 -1.4987502e-013
  3.3655953e-012
 -2.3852042e-014
 -2.0834427e-014
  1.4648147e-015
 -2.0269341e-015
 -1.0683843e-013
 -1.6322723e-015
  7.3348199e-014
  1.1181623e-014
 -1.1150141e-013
  1.2313246e-013
 -1.5735101e-013
  1.5234372e-013
 -1.4628156e-013
  1.3483495e-013
 -1.3577808e-013
  1.3659722e-013
 -1.0018144e-013
  6.3815024e-014
 -4.8644751e-014
  3.1021363e-014
