 -4.6865263e-001
 -3.6250467e-014
 -3.6286242e-014
 -3.7016919e-014
 -3.5016696e-014
 -3.9210202e-014
  4.4072325e-014
 -1.8955477e-014
  3.1613941e-014
 -3.2045940e-014
  2.2730141e-014
  1.8796614e-014
  3.7849103e-014
  2.7059780e-014
 -3.0668287e-014
 -2.8936158e-014
 -2.2477726e-014
  4.0640130e-014
  2.3659416e-014
 -7.4162458e-015
 -1.9851488e-014
  3.5370196e-015
  4.1885780e-014
 -1.6509508e-014
 -3.9355022e-014
 -2.1871140e-014
  2.6682199e-014
 -3.2485525e-014
 -3.8037705e-014
 -3.2692273e-014
  2.2094167e-014
  3.8602430e-014
 -2.8980992e-014
 -3.6945379e-014
 -2.7165550e-014
  4.1850229e-014
  2.0643781e-014
  2.0645717e-014
  1.0348845e-013
  1.6957291e-014
  3.4930326e-014
 -1.6430439e-014
 -4.2857324e-014
  3.3863566e-014
  3.8195888e-014
  2.4447447e-014
  3.9244938e-014
  1.8639456e-014
 -4.1301549e-014
 -3.0468505e-014
  1.9078529e-014
  2.0834041e-014
 -4.4088412e-014
  3.0040965e-014
  2.0260794e-014
 -4.3736324e-014
  3.1023151e-014
  2.1141764e-014
 -3.1357558e-014
  2.2713521e-014
 -1.9698757e-014
 -3.6331278e-014
 -3.9593586e-014
  3.7215995e-014
 -2.8629333e-014
 -1.7348397e-014
 -4.0527305e-014
 -4.9342389e-015
  4.0516851e-014
  9.9267052e-015
  2.8027132e-014
 -4.5194584e-014
  7.2860497e-014
 -1.1162982e-013
 -1.3470376e-015
 -3.9304311e-014
 -1.5981292e-014
  3.9365490e-014
  1.0191800e-014
 -2.1140597e-015
  4.7612935e-014
 -1.4303958e-014
  2.2077171e-014
  3.9497575e-015
  2.3818924e-014
  4.1975408e-014
 -3.4296284e-014
  1.0603109e-013
  8.1272053e-014
 -4.7271636e-014
  3.9822137e-014
 -3.2219725e-015
  1.1004940e-013
 -3.7780990e-014
 -2.7788627e-014
 -3.8789714e-014
 -3.7243568e-014
 -3.4258119e-014
  3.6940948e-014
  3.8066010e-014
 -2.8284777e-014
  5.6867973e-014
  2.7259773e-014
 -4.5670761e-014
 -3.5115782e-014
  6.7019890e-015
 -4.6852225e-014
  1.1452925e-013
  3.7455112e-014
 -4.2934907e-014
  3.1132586e-014
  3.8164326e-014
  1.2129727e-014
  1.1072741e-013
 -6.4352097e-014
 -2.9261501e-014
 -4.2171024e-014
  3.5484879e-014
 -3.0600337e-014
  2.2630451e-014
 -1.9702919e-014
 -3.7363414e-014
 -3.0061079e-014
 -4.1767984e-014
  6.6446308e-014
 -1.4073577e-011
 -1.4408664e-010
 -9.5554624e-011
 -2.7517541e-011
 -6.2347656e-011
 -1.9203536e-010
 -1.8678278e-010
 -8.7337287e-011
 -8.8931381e-011
 -2.2696362e-010
 -2.5959628e-010
 -1.1918671e-010
 -4.3946426e-011
 -1.2464784e-010
 -1.7960033e-010
 -8.0113335e-011
 -2.4113121e-011
 -1.1150749e-010
 -1.8331832e-010
 -8.4908495e-011
 -6.1831375e-011
 -1.5183351e-010
 -1.7869511e-010
 -7.8566497e-011
 -5.3487399e-011
 -1.3425321e-010
 -1.4358377e-010
 -6.2756223e-011
 -8.5064176e-011
 -1.7667304e-010
 -1.1678877e-010
 -2.2974218e-011
 -6.6852548e-011
 -1.6842600e-010
 -1.2313204e-010
 -3.3648816e-011
 -8.5965180e-011
 -2.0934755e-010
 -1.8148800e-010
 -4.6451513e-011
 -2.7653904e-014
 -9.9424510e-011
 -1.1476697e-010
  1.2849130e-013
  6.7216779e-014
 -6.2779674e-011
 -5.0227919e-014
  2.6732851e-014
  3.6800951e-014
 -8.9130879e-015
 -1.4972123e-013
  2.9865712e-014
  3.7841962e-014
 -3.0167369e-014
  2.3806440e-014
 -1.9625559e-014
  3.4818200e-014
 -4.1498138e-014
 -2.2957480e-014
 -2.1724412e-010
 -6.6824395e-004
 -6.8731759e-003
 -4.5380876e-003
 -1.3119155e-003
 -2.9712031e-003
 -9.1471252e-003
 -8.8915224e-003
 -4.1603755e-003
 -4.2281179e-003
 -1.0876439e-002
 -1.2358544e-002
 -5.6775900e-003
 -2.0947598e-003
 -5.9331236e-003
 -8.5508160e-003
 -3.8156452e-003
 -1.1489372e-003
 -5.3094717e-003
 -8.7276423e-003
 -4.0448408e-003
 -2.9469333e-003
 -7.2316642e-003
 -8.5064615e-003
 -3.7460310e-003
 -2.5487249e-003
 -6.3985665e-003
 -6.8384615e-003
 -2.9901988e-003
 -4.0516201e-003
 -8.4143463e-003
 -5.5735652e-003
 -1.0941554e-003
 -3.1822134e-003
 -8.0214379e-003
 -5.8759358e-003
 -1.6024865e-003
 -4.0929348e-003
 -9.9707142e-003
 -8.6681271e-003
 -2.2121265e-003
  1.8640657e-008
 -4.7384100e-003
 -5.4504428e-003
 -1.1625090e-009
 -7.6940962e-010
 -3.0055292e-003
 -7.7023330e-010
  3.6600799e-013
  3.2106903e-010
  6.9719498e-010
  2.3422628e-010
  2.8176166e-013
 -1.0523636e-014
 -1.8904213e-014
  2.8460379e-014
  2.7416699e-014
  3.3646020e-014
  2.1654569e-014
 -7.3546801e-010
 -7.0064946e-003
 -3.0476182e-002
 -5.2244494e-002
 -1.5338987e-009
 -2.3943042e-002
 -4.0749504e-002
 -6.5681625e-002
 -4.4960283e-002
 -4.4696371e-002
 -5.1065535e-002
 -7.9050962e-002
 -8.1637588e-002
 -5.7599030e-002
 -3.6880048e-002
 -3.6514354e-002
 -5.7990190e-002
 -4.4249149e-002
 -3.1131427e-002
 -3.1515711e-002
 -6.6621333e-002
 -4.9013424e-002
 -4.0191751e-002
 -4.2059559e-002
 -5.4809189e-002
 -4.4717618e-002
 -3.8127349e-002
 -4.0324563e-002
 -4.4514784e-002
 -4.1943487e-002
 -4.8488345e-002
 -5.8461056e-002
 -3.3314346e-002
 -3.1132854e-002
 -4.1749779e-002
 -5.9013437e-002
 -3.7412685e-002
 -3.3459951e-002
 -4.5887269e-002
 -6.7205286e-002
 -6.4460614e-002
 -3.6389422e-002
 -2.3082555e-002
 -2.1386103e-002
 -4.1092243e-002
 -2.6905434e-002
 -2.1275587e-002
 -1.4702650e-002
 -1.9215345e-002
 -2.3818067e-010
  1.5290559e-002
  3.3209801e-002
  1.1152837e-002
 -7.1126655e-009
 -1.2799282e-013
 -1.0141016e-013
 -3.4281696e-014
 -3.2182982e-014
 -3.4825398e-014
 -2.6428509e-014
 -8.6443918e-010
 -8.2340087e-003
 -3.7629165e-002
 -7.5581318e-002
 -3.7671737e-002
 -3.8873051e-003
 -2.8923379e-002
 -7.4448815e-002
 -7.5698239e-002
 -3.1268922e-002
 -4.5709462e-002
 -8.7020793e-002
 -1.0699715e-001
 -5.2397852e-002
 -3.7093556e-002
 -4.5107887e-002
 -8.0188784e-002
 -3.6805184e-002
 -3.0688973e-002
 -3.6452544e-002
 -7.6449208e-002
 -5.3773677e-002
 -4.4233100e-002
 -5.2752701e-002
 -7.1959173e-002
 -4.3595768e-002
 -4.1726056e-002
 -4.4092369e-002
 -4.7160418e-002
 -5.6493494e-002
 -6.3058665e-002
 -6.0577163e-002
 -3.2861211e-002
 -3.3137381e-002
 -4.6860793e-002
 -6.8589369e-002
 -3.7820161e-002
 -2.8474876e-002
 -4.4564292e-002
 -9.0365094e-002
 -6.7408522e-002
 -2.3054474e-002
 -1.3014075e-002
 -5.1876353e-002
 -4.9386436e-002
 -1.9039036e-002
 -1.4165188e-002
 -3.7283531e-002
 -2.3807103e-002
  8.2795948e-003
  3.4427531e-002
  9.1089540e-003
  1.3569114e-009
  7.1120772e-013
  7.9164921e-014
 -3.0183422e-014
  1.1109715e-014
 -8.1589898e-015
  2.4847576e-014
  3.6808156e-014
 -8.4596975e-010
 -8.0584643e-003
 -3.7323965e-002
 -8.0111316e-002
 -6.5357312e-002
 -1.8276094e-002
 -1.0714865e-002
 -5.9139234e-002
 -8.4214774e-002
 -4.7464016e-002
 -2.6624011e-002
 -6.9909457e-002
 -1.0474610e-001
 -6.7764636e-002
 -1.6570758e-002
 -4.1009644e-002
 -7.1400837e-002
 -6.5796349e-002
 -1.3690481e-002
 -3.3101981e-002
 -6.5274363e-002
 -6.9161587e-002
 -5.5143435e-002
 -4.7945335e-002
 -5.5297770e-002
 -6.4819863e-002
 -5.1148955e-002
 -3.3308348e-002
 -3.5821194e-002
 -8.3902550e-002
 -9.7383509e-002
 -3.3153819e-002
 -1.4744497e-002
 -3.5252327e-002
 -7.0001718e-002
 -5.0893490e-002
 -1.3201962e-002
 -2.7085816e-002
 -8.8304119e-002
 -6.8905719e-002
 -3.8098121e-002
 -1.8836563e-002
 -5.0420776e-002
 -4.3227903e-002
 -2.9201117e-002
 -1.1927299e-002
 -2.9826459e-002
 -4.5213358e-002
 -8.4854356e-003
  2.7993047e-002
  1.5709987e-003
 -2.8636298e-003
 -2.9954265e-010
 -6.9630966e-014
 -1.1100923e-013
 -9.3542344e-014
  2.4665436e-014
  2.9291914e-014
 -3.7717352e-014
  7.8194592e-014
 -8.1342799e-010
 -7.7516294e-003
 -3.5637918e-002
 -7.6297394e-002
 -6.9201141e-002
 -4.8759597e-002
 -2.5290392e-002
 -3.4267943e-002
 -5.7732174e-002
 -5.5644435e-002
 -5.7672320e-002
 -4.9440023e-002
 -8.0371839e-002
 -6.6748194e-002
 -4.6979552e-002
 -3.8451215e-002
 -7.3870968e-002
 -5.7686074e-002
 -3.8481396e-002
 -6.7235901e-003
 -4.9510617e-002
 -8.3797494e-002
 -5.6994940e-002
 -3.8502654e-002
 -4.7793774e-002
 -8.1085025e-002
 -3.2014293e-002
 -3.7842817e-002
 -4.0876283e-002
 -8.4178101e-002
 -7.4145063e-002
 -5.5323650e-002
 -4.5411687e-002
 -2.9413811e-002
 -3.0279120e-002
 -5.0567877e-002
 -3.8442145e-002
 -4.7206495e-002
 -4.0140675e-002
 -5.2490990e-002
 -3.7534601e-002
 -4.1548736e-002
 -3.4502276e-002
 -3.5609472e-002
 -2.8896282e-002
 -3.1731851e-002
 -2.1160521e-002
 -3.4359667e-002
 -3.2627335e-007
 -9.2516385e-003
 -8.4835299e-003
 -6.8237390e-004
 -7.1615283e-011
  1.7800414e-014
  1.2633582e-014
 -4.1588486e-014
  2.9418740e-014
 -1.8593388e-014
 -4.0477382e-014
  2.0266328e-014
 -7.9429497e-010
 -7.5676443e-003
 -3.4627386e-002
 -7.4027737e-002
 -7.2287018e-002
 -5.5095899e-002
 -3.8150915e-002
 -5.3627273e-002
 -4.7030945e-002
 -4.9688757e-002
 -5.5293564e-002
 -6.2890870e-002
 -5.0940786e-002
 -4.7622043e-002
 -6.1362035e-002
 -4.8873148e-002
 -5.0639460e-002
 -3.4068955e-002
 -5.5281390e-002
 -4.9183909e-002
 -4.4972248e-002
 -4.8353193e-002
 -5.9058623e-002
 -5.0431268e-002
 -4.6997347e-002
 -6.4314578e-002
 -4.9748714e-002
 -4.8250858e-002
 -5.3146598e-002
 -8.0124643e-002
 -4.4924125e-002
 -4.9282448e-002
 -4.4333004e-002
 -6.3175932e-002
 -1.6188353e-002
 -2.8964721e-002
 -5.7057535e-002
 -5.0300212e-002
 -3.2004508e-002
 -4.1486448e-002
 -6.9273128e-002
 -3.8303952e-002
 -1.4584736e-009
 -3.4227727e-002
 -5.3530841e-002
 -2.3661851e-002
 -6.7449535e-010
 -3.0074368e-002
 -3.6299804e-002
 -1.8287364e-002
 -3.9930762e-003
 -4.3359820e-010
 -2.1335140e-014
  4.4017801e-014
 -3.3172262e-014
  3.5268170e-014
  1.9477066e-014
 -1.9755325e-014
 -4.9759086e-015
  2.3611879e-015
 -7.7870687e-010
 -7.4179799e-003
 -3.3784069e-002
 -7.1872781e-002
 -7.3436412e-002
 -5.8782940e-002
 -5.4950123e-002
 -4.8281472e-002
 -4.7913592e-002
 -6.0996101e-002
 -3.7589460e-002
 -6.1519123e-002
 -4.5286534e-002
 -5.6615591e-002
 -6.0300392e-002
 -4.6925791e-002
 -3.6930785e-002
 -2.6105995e-002
 -6.6737451e-002
 -5.4443560e-002
 -6.0079171e-002
 -2.6512477e-002
 -6.1498275e-002
 -3.8757704e-002
 -6.8939047e-002
 -4.5328709e-002
 -4.8532750e-002
 -7.5405329e-002
 -4.6523042e-002
 -8.0814189e-002
 -2.9953799e-002
 -6.7311299e-002
 -5.1506918e-002
 -2.1593894e-002
 -5.7470642e-002
 -2.6312889e-002
 -8.5774171e-002
  7.2854442e-004
  1.7051246e-003
 -6.3452552e-002
 -6.4213978e-002
 -1.9321153e-002
  1.0166995e-002
 -8.2960823e-002
 -4.9576081e-002
 -1.0132201e-002
  1.2890608e-009
 -6.1064664e-002
 -4.3218450e-002
 -1.3638108e-002
 -1.5155613e-009
 -3.6773108e-014
 -9.7070407e-014
 -3.1558620e-014
 -1.9747176e-014
 -2.6354381e-014
  2.2556598e-014
 -1.9700959e-014
  2.4148654e-014
 -3.1545259e-014
 -7.6117480e-010
 -7.2518799e-003
 -3.2697766e-002
 -6.7907362e-002
 -6.7262833e-002
 -5.6311854e-002
 -6.5589962e-002
 -6.0117949e-002
 -5.7751514e-002
 -6.3474653e-002
 -4.1857565e-002
 -4.1031808e-002
 -4.9105004e-002
 -7.1725347e-002
 -4.0840996e-002
 -2.9429093e-002
 -5.1277304e-002
 -8.3213113e-002
 -4.1814472e-002
 -2.1909552e-002
 -5.0269269e-002
 -5.3160492e-002
 -6.0322673e-002
 -6.5517949e-002
 -2.0606709e-002
 -3.4165458e-002
 -6.0917007e-002
 -9.2378486e-002
 -4.2070793e-002
 -1.8392135e-002
 -6.7166754e-002
 -6.5117606e-002
 -6.3863515e-002
 -6.3256867e-009
 -2.6389929e-002
 -6.7108691e-002
 -6.1872675e-002
 -1.4030785e-002
 -3.0128393e-002
 -4.6551134e-002
 -6.1194744e-002
  2.2182793e-002
 -3.8755458e-002
 -5.6144516e-002
 -4.3153602e-002
 -3.1281180e-002
 -2.2870431e-002
 -6.6075994e-002
 -3.7736216e-002
 -9.3537970e-003
 -9.8440103e-010
 -9.8553152e-014
  1.1262888e-013
 -4.7175413e-014
  6.9141415e-015
 -2.9869712e-014
  2.2697537e-014
 -1.9700422e-014
  3.1773075e-014
 -1.2329350e-014
 -7.4919204e-010
 -7.1367859e-003
 -3.2008390e-002
 -6.6073535e-002
 -6.9001886e-002
 -6.0021463e-002
 -7.8741608e-002
 -7.1316566e-002
 -5.2462138e-002
 -4.9059609e-002
 -6.4833186e-002
 -3.8460743e-002
 -4.8025546e-002
 -4.7521343e-002
 -3.2234566e-002
 -3.1545376e-002
 -4.9921927e-002
 -5.6082175e-002
 -4.6709936e-003
 -6.7549454e-002
 -8.1535852e-002
 -2.8475955e-002
 -3.3172300e-002
 -7.5945147e-002
 -6.1293023e-002
 -1.1976791e-002
 -6.6791544e-002
 -1.2127997e-001
 -6.1546205e-002
 -7.5178540e-004
 -6.5263152e-002
 -4.3698282e-002
 -5.6569969e-003
 -3.0952383e-002
 -1.5456449e-002
 -8.8255254e-002
 -4.7437996e-002
 -6.8076533e-003
 -2.0331215e-002
 -5.5501250e-002
 -6.6530280e-002
 -3.1987507e-002
 -2.0221752e-002
 -3.5340662e-002
 -1.3377879e-002
  6.7686841e-003
 -7.5357311e-002
 -9.4673446e-002
 -3.9979617e-002
 -8.5334251e-003
 -8.9582043e-010
 -1.1227352e-013
 -1.3511087e-014
  4.1695531e-014
  2.3439776e-014
 -3.1175457e-014
  2.2694269e-014
 -1.9698678e-014
  3.7851636e-014
  2.3557009e-014
 -7.3840627e-010
 -7.0333495e-003
 -3.1291829e-002
 -6.3001666e-002
 -6.1678958e-002
 -6.4714641e-002
 -7.4572846e-002
 -6.4705545e-002
 -6.8111190e-002
 -5.9801893e-002
 -7.1534855e-002
 -5.2699516e-002
 -4.0003390e-002
 -3.9966780e-002
 -2.3579568e-002
 -4.1577300e-002
 -2.3303813e-002
 -5.1732684e-002
 -2.5096206e-002
 -5.9888157e-002
 -7.3081507e-002
 -1.3890814e-002
 -4.6621272e-002
 -1.0808737e-001
 -8.6737706e-002
  1.2136055e-002
 -2.9714645e-002
 -1.3306655e-001
 -1.0606730e-002
 -1.6318631e-002
 -8.5318478e-002
 -6.0404439e-003
 -1.7728937e-002
 -1.6952098e-002
 -8.4502362e-002
 -6.0654787e-002
 -2.4727767e-002
 -2.1881730e-002
 -4.4157195e-002
 -5.7821057e-002
 -3.8372368e-002
 -1.8938284e-002
 -1.8979928e-002
 -3.9507983e-002
 -5.1759824e-002
 -4.5405740e-002
 -6.0791550e-002
 -6.8798034e-002
 -3.1484099e-002
 -6.8474723e-003
 -7.1869607e-010
  1.8310758e-014
  4.2634965e-014
 -4.4724608e-014
  3.1772319e-014
 -3.1360226e-014
  2.2685181e-014
 -1.9698084e-014
 -3.8766734e-014
  1.4273892e-014
 -7.3247936e-010
 -6.9733070e-003
 -3.0948113e-002
 -6.2043457e-002
 -6.0924991e-002
 -6.7086110e-002
 -6.6747819e-002
 -8.4166528e-002
 -6.9278707e-002
 -5.7100447e-002
 -6.2846138e-002
 -4.9291762e-002
 -4.4598417e-002
 -4.7163502e-002
 -5.1354664e-002
 -1.4365585e-002
 -3.2058471e-002
 -5.8674425e-002
 -7.4092456e-002
 -2.9614959e-002
 -7.1487969e-002
 -6.4884688e-002
  1.0621733e-002
 -5.4036319e-002
 -3.5024549e-002
 -3.6196837e-002
 -6.3011097e-002
 -4.8744476e-002
 -2.5187797e-002
 -7.2985551e-002
 -7.8951612e-002
 -5.5608867e-002
 -7.0079415e-002
 -1.0525503e-009
  4.8943442e-009
 -1.1164985e-009
 -4.7226670e-002
 -9.8286806e-002
 -3.3003947e-002
 -1.6288462e-002
 -6.4552681e-003
 -6.9139084e-002
 -3.0128275e-002
 -7.1482978e-002
 -1.1998839e-001
  2.9521496e-003
 -1.3417528e-002
 -6.2061708e-002
 -2.9214181e-002
 -6.1555322e-003
 -6.4618774e-010
 -3.5568731e-013
  4.4192120e-014
 -1.9806838e-014
  3.2990917e-014
 -3.1552663e-014
  2.2687330e-014
 -1.9697896e-014
 -3.7448340e-014
 -5.7607473e-015
 -7.2819438e-010
 -6.9326679e-003
 -3.0780278e-002
 -6.2163134e-002
 -6.3908046e-002
 -6.9158647e-002
 -6.3933583e-002
 -6.8067129e-002
 -5.4958368e-002
 -7.0159731e-002
 -6.5299778e-002
 -5.2466993e-002
 -5.4889256e-002
 -4.7349872e-002
 -4.6375252e-002
 -3.7137277e-002
 -4.6216397e-002
 -7.2948648e-002
 -3.6534130e-002
 -8.7097395e-003
 -4.1409668e-002
 -8.3453592e-002
 -4.7394639e-002
 -3.3753254e-002
 -7.8616520e-002
 -9.5375044e-003
 -2.6785189e-002
 -6.8210725e-002
 -6.5447266e-002
 -2.7456210e-002
 -3.7355151e-002
  6.7797923e-004
 -5.5884030e-002
 -6.0477055e-002
 -9.6140515e-003
 -4.0498401e-002
 -3.6328063e-002
 -6.6727474e-002
 -3.2006921e-002
 -2.6025465e-002
 -8.0219376e-003
 -1.9918991e-002
 -7.3480371e-002
 -9.8588476e-002
 -6.7609217e-002
 -3.1825716e-002
 -2.1930810e-002
 -7.1410467e-002
 -2.9934321e-002
 -5.8972062e-003
 -6.2003033e-010
 -1.4314579e-013
 -3.7405246e-014
 -4.1178917e-014
  3.5597169e-014
 -3.1628001e-014
  2.2685238e-014
 -1.9697703e-014
  2.4983530e-014
  8.6675080e-014
 -7.2455807e-010
 -6.9053998e-003
 -3.0679840e-002
 -6.2265188e-002
 -6.4606034e-002
 -5.9875760e-002
 -6.5794900e-002
 -7.5826608e-002
 -6.8957804e-002
 -5.0972633e-002
 -5.0490666e-002
 -7.4179533e-002
 -5.9414839e-002
 -5.5943115e-002
 -3.8798654e-002
 -5.3696944e-002
 -3.7731776e-002
 -3.3576363e-002
 -5.6854215e-002
 -2.4605940e-002
 -5.9665413e-002
 -5.7896111e-002
 -2.4487446e-002
 -5.6158380e-002
 -3.9480783e-002
 -2.2208889e-002
 -7.1106934e-002
 -2.4315275e-002
 -2.9898544e-002
 -3.1869692e-002
 -6.1471511e-002
 -1.1262527e-002
 -4.0965777e-002
 -7.1883613e-002
 -2.8053476e-002
 -7.1452943e-002
 -1.1070768e-009
 -3.7746808e-002
 -4.0283469e-002
 -4.2653958e-002
 -5.0149683e-002
 -4.1773207e-002
 -7.7046633e-002
 -4.7186304e-002
 -4.3458763e-002
 -3.8459637e-002
 -3.9547398e-002
 -6.6855895e-002
 -2.7792829e-002
 -5.3009618e-003
 -5.6029009e-010
  1.8104753e-013
 -3.8041438e-014
  3.1503670e-014
  3.2658718e-014
 -3.1770069e-014
  2.2692803e-014
 -1.9697777e-014
  3.4515630e-014
 -4.4097426e-014
 -7.2189384e-010
 -6.8770094e-003
 -3.0551780e-002
 -6.2182798e-002
 -6.5699159e-002
 -5.8646145e-002
 -6.3707169e-002
 -6.4179545e-002
 -7.9910695e-002
 -5.4894380e-002
 -8.5597492e-002
 -5.0760600e-002
 -4.9430315e-002
 -7.6032992e-002
 -2.6836980e-002
 -3.3315626e-002
 -5.1456267e-002
 -7.1066349e-002
 -8.0584655e-002
 -4.2341325e-002
  2.8328369e-002
 -5.5885751e-002
 -4.2603758e-003
 -4.7951389e-002
 -5.5299465e-002
 -2.9013175e-002
 -6.7545158e-002
 -3.0772392e-002
 -3.7899115e-002
 -4.9914130e-002
 -2.3561384e-002
 -2.9702269e-002
 -7.7217028e-003
 -4.5912478e-002
 -2.8925746e-002
 -2.7070572e-002
 -4.6410974e-002
 -6.0808512e-002
 -5.6708647e-002
 -2.7990618e-002
 -7.2060538e-002
 -4.1319636e-002
 -7.7365743e-002
 -9.9755015e-002
 -4.2800481e-002
 -3.9295783e-002
 -2.1487380e-002
 -5.0000009e-002
 -2.3544640e-002
 -4.4527329e-003
 -4.6725603e-010
 -6.2769751e-015
  7.9004864e-015
  2.8946786e-014
  3.2899300e-014
 -3.1801280e-014
  2.2693409e-014
 -1.9697731e-014
  2.3249994e-014
  1.8408357e-014
 -7.1903724e-010
 -6.8526927e-003
 -3.0434101e-002
 -6.2133269e-002
 -6.7506053e-002
 -6.2256219e-002
 -5.8329740e-002
 -6.4469206e-002
 -7.6956842e-002
 -7.1171187e-002
 -6.1467581e-002
 -4.0289406e-002
 -6.4086913e-002
 -2.8968846e-002
 -5.1461354e-002
 -7.0304182e-002
 -5.0610846e-002
 -7.2009773e-002
 -4.6308755e-002
 -3.8088314e-002
 -4.1464381e-002
 -5.9469108e-002
 -4.4119168e-002
 -6.2893047e-008
 -1.5011725e-002
 -4.1883582e-003
 -2.6687218e-002
 -6.9562592e-002
 -3.5302773e-002
 -4.3272481e-002
 -2.0663841e-002
 -1.6015922e-008
 -6.4307612e-002
 -5.3865033e-002
 -1.1747611e-002
 -5.1899932e-002
 -8.1412425e-002
 -4.6820348e-002
 -1.5603365e-002
 -5.1202510e-002
 -9.7290619e-002
 -6.3000914e-002
 -6.4124122e-002
 -5.5286127e-002
 -3.3300205e-002
 -2.1908250e-002
 -5.8348067e-002
 -5.5271876e-002
 -2.3020657e-002
 -4.0418175e-003
 -4.2447516e-010
 -3.6013317e-015
 -1.2396578e-015
  3.9871979e-014
  3.2732853e-014
 -3.1847141e-014
  2.2695040e-014
 -1.9697720e-014
 -4.1358961e-014
  3.1728832e-014
 -7.2244815e-010
 -6.8804633e-003
 -3.0386196e-002
 -6.1788917e-002
 -6.8329743e-002
 -6.7653458e-002
 -6.1565417e-002
 -6.6936370e-002
 -7.3085594e-002
 -4.9261228e-002
 -5.0754797e-002
 -6.1961045e-002
 -4.6996149e-002
 -4.9272502e-002
 -8.3236922e-002
 -6.5250265e-002
 -2.0988501e-002
 -7.1784322e-002
 -3.8819249e-002
 -4.0830818e-002
 -5.6629017e-003
 -5.4947546e-002
 -5.0632317e-002
  4.6542984e-003
 -4.7936848e-002
  3.3666986e-003
 -5.2404102e-002
 -4.8428936e-002
 -5.0224738e-002
 -6.0268727e-002
  2.3508700e-002
 -3.7010839e-003
 -2.9595266e-002
 -2.7460616e-002
 -1.0477034e-001
 -7.7954475e-002
 -4.3561013e-002
 -7.6266193e-002
 -2.8951944e-002
 -4.7440959e-002
 -2.8525398e-002
 -6.4686339e-002
 -6.4275282e-002
 -1.6026235e-002
 -9.6521064e-002
 -2.4557566e-002
 -6.5096469e-002
 -5.4651810e-002
 -2.1663402e-002
 -3.5131973e-003
 -3.6871070e-010
 -1.0469307e-015
 -3.2247940e-014
 -2.8912816e-014
  3.6564975e-014
 -3.1801446e-014
  2.2688963e-014
 -1.9697541e-014
  3.5036758e-014
  1.9586623e-014
 -8.0616304e-010
 -7.6747145e-003
 -3.1461461e-002
 -6.0526041e-002
 -6.8855346e-002
 -6.6291553e-002
 -6.6678505e-002
 -5.6236228e-002
 -6.1399133e-002
 -5.0115252e-002
 -7.9418408e-002
 -7.4596381e-002
 -2.7483333e-002
 -2.5540966e-002
 -7.8108089e-002
 -5.0789125e-002
 -9.1488712e-002
 -6.0390930e-002
 -6.0638016e-002
 -3.7457237e-002
  1.4794260e-002
  9.8653621e-003
 -9.1360093e-003
 -4.7250935e-002
 -5.2398569e-002
 -7.2247834e-002
 -2.9686627e-002
 -2.1763201e-002
 -7.0387367e-002
 -4.1779885e-002
  1.6302547e-002
  1.8751137e-009
 -2.9809078e-002
 -1.7094821e-002
 -2.4883111e-002
 -7.3529506e-002
 -7.7404950e-002
 -7.6411190e-002
 -3.3146687e-002
 -1.2008709e-001
 -5.4464358e-002
 -4.9912899e-002
 -5.4210570e-002
 -1.6116110e-002
 -8.7335047e-002
 -2.6868095e-002
 -5.6510626e-002
 -5.2463724e-002
 -2.0247566e-002
 -2.9551526e-003
 -3.1006350e-010
  3.6955292e-014
 -2.3257540e-014
 -3.9944080e-014
  3.7055308e-014
 -3.1802073e-014
  2.2688831e-014
 -1.9697519e-014
 -1.9508637e-014
 -3.2757378e-014
 -1.2915862e-009
 -1.2304036e-002
 -3.8393207e-002
 -5.5184498e-002
 -6.2877102e-002
 -6.3257108e-002
 -6.2172744e-002
 -5.7093592e-002
 -4.8535773e-002
 -4.7108928e-002
 -6.0784797e-002
 -6.6220194e-002
 -5.2232421e-002
 -5.0733182e-002
 -7.5517686e-002
 -3.5323729e-002
 -5.6846905e-002
 -4.7730449e-002
 -1.7092190e-002
 -4.2333944e-002
 -3.8380577e-002
 -4.6073323e-002
 -3.0264702e-002
 -1.9152858e-002
 -3.3546464e-002
 -9.5973435e-002
 -7.2080384e-003
 -2.3313075e-002
 -5.0980523e-002
 -1.0479236e-002
 -2.4437731e-002
 -2.3361681e-002
 -2.4589702e-002
  2.3224862e-002
 -2.6648111e-002
 -9.3590440e-002
 -9.0614679e-002
 -9.1439480e-002
 -7.2071149e-002
 -2.3271867e-002
 -8.1642615e-002
 -7.6250826e-002
 -8.9150582e-002
  1.5227026e-002
 -3.9628614e-002
 -6.9902505e-002
 -6.1394377e-002
 -5.1824710e-002
 -1.9468782e-002
 -2.6770404e-003
 -2.8125547e-010
 -4.8362344e-014
  3.0407021e-014
 -1.4225720e-014
  3.5439317e-014
 -3.1824199e-014
  2.2691764e-014
 -1.9697590e-014
 -8.5208401e-016
 -3.2621097e-014
  1.4116605e-008
 -1.3854785e-002
 -4.0594960e-002
 -5.3917979e-002
 -6.1063205e-002
 -6.3694920e-002
 -6.3311658e-002
 -6.3256544e-002
 -5.9437016e-002
 -4.6414048e-002
 -9.1960454e-002
 -4.7043422e-002
 -3.8952715e-002
 -6.7347769e-002
 -6.2357529e-002
 -3.6953324e-002
 -3.6432083e-002
 -3.2745991e-002
 -6.3119780e-002
 -2.3674365e-002
 -4.8549088e-003
 -2.1167637e-002
 -4.8544893e-002
 -4.8292613e-002
 -3.3230191e-002
 -5.0386840e-002
 -2.2124518e-002
 -7.1997934e-002
 -4.5370381e-002
  2.8900496e-002
 -1.6521588e-002
 -3.6363648e-002
 -7.6986692e-002
 -7.9023896e-002
 -1.0458932e-003
 -7.1456484e-002
 -6.5881800e-002
 -4.9530169e-002
 -8.0678607e-002
 -4.0073104e-002
 -3.9748704e-002
 -2.8584764e-002
 -4.6330847e-002
 -3.9582105e-002
 -9.0701898e-002
 -4.2197539e-002
 -6.8887291e-002
 -5.0436260e-002
 -1.7985164e-002
 -1.9421709e-003
 -2.0415446e-010
 -1.0663854e-013
 -3.7252327e-014
 -2.5637429e-015
  3.4749538e-014
 -3.1838055e-014
  2.2693903e-014
 -1.9697632e-014
 -4.1516370e-014
 -2.8078481e-011
 -2.6780681e-004
 -1.6075340e-002
 -4.3209700e-002
 -5.2084931e-002
 -5.9984831e-002
 -6.3814944e-002
 -5.9613665e-002
 -5.0687953e-002
 -4.6277744e-002
 -4.8135729e-002
 -7.9527035e-002
 -3.9423953e-002
 -8.0961216e-002
 -6.4553172e-002
 -6.0652850e-002
 -3.4361958e-002
 -5.8667771e-002
 -5.0361130e-002
 -7.2168999e-002
 -2.0651631e-009
 -2.0233003e-002
 -1.0539881e-002
 -2.5302577e-002
 -5.8304792e-002
 -3.7892512e-002
 -4.2944248e-002
 -1.5296950e-002
 -7.4814208e-003
  2.2004042e-009
 -5.5598751e-002
 -6.9756814e-002
 -6.3772518e-002
 -2.3462235e-002
 -7.3874754e-002
 -2.5212607e-002
 -5.8575482e-002
 -5.3547784e-002
 -3.6121605e-002
 -8.5797213e-002
 -6.1520624e-002
 -6.7503897e-002
 -5.0633651e-002
 -1.4417794e-002
 -1.0417303e-001
 -7.2481806e-002
 -1.4424963e-002
 -3.9195165e-002
 -4.1991483e-002
 -1.6374370e-002
 -1.6066368e-003
 -1.6866245e-010
  7.9879710e-015
  2.8232046e-014
 -1.4842081e-014
  3.5077371e-014
 -3.1819819e-014
  2.2692911e-014
 -1.9697613e-014
  5.4749852e-014
 -8.6774144e-011
 -8.2209050e-004
 -1.6718674e-002
 -4.4158566e-002
 -5.2254787e-002
 -5.9536863e-002
 -6.1445099e-002
 -6.3776202e-002
 -5.3440694e-002
 -4.6237192e-002
 -7.5068828e-002
 -5.1355161e-002
 -5.5548206e-002
 -5.7250323e-002
 -5.0077871e-002
 -6.6373807e-002
 -7.0060914e-002
 -4.6434356e-002
 -5.8154519e-002
  1.1814077e-002
 -3.9407666e-002
 -3.4417631e-002
 -1.4986307e-002
 -2.8389446e-002
 -4.3719498e-002
 -5.9842328e-002
 -4.3453774e-002
 -3.8020072e-002
 -4.9214344e-002
 -3.7117882e-002
 -2.3986279e-002
 -4.9821777e-003
 -3.2215921e-002
 -1.0546915e-002
 -8.2363365e-002
 -9.4650849e-002
 -6.7500112e-002
 -4.0463674e-002
 -1.9010548e-002
 -5.4837909e-002
 -7.5378017e-002
 -6.0320126e-002
 -8.5719601e-002
 -4.2724557e-003
 -9.9743156e-002
 -4.0208765e-002
 -5.8700875e-002
 -2.3241530e-002
 -3.0368017e-002
 -1.3149578e-002
 -1.2076677e-008
  5.2982493e-013
 -4.8102580e-014
  3.1569681e-014
  1.6106765e-014
  3.2893866e-014
 -3.1836901e-014
  2.2697301e-014
 -1.9697730e-014
 -3.5497436e-014
 -2.2426431e-010
 -2.1366497e-003
 -1.8543535e-002
 -4.6163730e-002
 -5.2294456e-002
 -5.9692201e-002
 -6.0055164e-002
 -5.4362861e-002
 -5.2549351e-002
 -4.7467072e-002
 -6.7835431e-002
 -4.5227317e-002
 -4.3147993e-002
 -4.8243029e-002
 -7.7506698e-002
 -6.4944545e-002
 -7.7038439e-002
 -2.4728151e-002
  1.2417731e-002
 -4.9884196e-002
 -4.8288707e-002
 -4.2089468e-002
 -3.4042657e-002
 -2.4433624e-002
 -8.3767890e-002
 -4.3664759e-002
 -5.7268369e-003
 -6.0705432e-002
 -5.4237795e-002
 -3.5474523e-002
  5.5425479e-003
 -7.9856228e-003
 -6.1027538e-002
 -4.5467031e-002
 -6.5521072e-002
 -4.9109389e-002
 -2.8742745e-002
 -6.6945176e-002
 -4.8240532e-002
 -3.8618832e-002
 -4.2650467e-002
 -5.3645193e-002
 -6.3539880e-002
 -8.3992498e-002
 -9.4116955e-002
 -9.5380328e-003
 -7.5915819e-002
 -4.2085734e-002
 -3.3417519e-002
 -1.3233230e-002
 -2.1274405e-008
  1.4352034e-013
  6.4667669e-014
  3.4330017e-014
  2.4939829e-014
  3.2314305e-014
 -3.1840861e-014
  2.2698235e-014
 -1.9697756e-014
  5.5221506e-013
 -2.4376329e-010
 -2.3210526e-003
 -1.9159174e-002
 -4.7517764e-002
 -5.2157163e-002
 -5.9928879e-002
 -6.0605699e-002
 -4.4241949e-002
 -4.7130206e-002
 -8.2909756e-002
 -3.3317793e-002
 -3.7940758e-002
 -3.8003945e-002
 -7.1053405e-002
 -5.9850844e-002
 -2.5828656e-002
 -4.6206061e-002
 -3.0936458e-002
 -3.7939385e-002
 -3.4015057e-002
 -2.1778700e-002
 -5.3623811e-003
 -7.4986809e-002
 -5.5084799e-002
 -6.1288552e-002
 -5.3362347e-002
 -4.7061673e-002
 -5.2680980e-002
 -2.4865211e-002
 -4.1865589e-002
 -3.6491004e-002
 -5.1911130e-002
 -4.9912139e-002
 -3.6456931e-009
 -7.9495643e-002
 -3.8197955e-002
 -6.1456660e-002
 -5.2023691e-002
 -8.1060225e-002
 -4.9217004e-002
 -5.5639102e-002
 -3.5813641e-002
 -2.2168343e-002
 -8.0621999e-002
 -1.4999723e-002
 -3.2778221e-002
 -1.0442068e-001
 -6.1248169e-002
 -3.6767999e-002
 -1.3320827e-002
 -1.9073645e-009
  3.6762024e-013
 -2.6268041e-014
 -3.6186162e-014
  4.1212797e-014
  3.1495188e-014
 -3.1850580e-014
  2.2700012e-014
 -1.9697807e-014
 -3.6575909e-014
 -2.8174990e-010
 -2.6840032e-003
 -2.0098925e-002
 -4.9301947e-002
 -5.2423807e-002
 -5.9025460e-002
 -6.4955946e-002
 -5.8327952e-002
 -3.9681837e-002
 -3.6309101e-002
 -5.2753867e-002
 -3.5372217e-002
 -5.9855493e-002
 -3.9937633e-002
 -4.5756663e-002
 -8.0051054e-002
 -2.5601122e-002
 -5.4692524e-002
 -4.2962530e-002
  2.1025472e-009
 -8.7467667e-003
 -1.2292976e-002
 -4.5923866e-002
 -7.2758216e-002
 -9.3786689e-002
 -5.6429618e-002
 -7.1911613e-002
 -6.6209304e-002
 -1.6347675e-002
 -2.4699250e-002
 -2.8734910e-002
 -5.6272882e-002
 -5.8549723e-002
 -2.5448769e-002
 -7.4479975e-002
 -2.8287603e-002
 -5.9561243e-002
 -7.0195003e-002
 -7.3481606e-002
 -4.1414314e-002
 -4.5361625e-002
 -3.9602618e-002
 -1.5993789e-002
 -4.4263564e-002
 -3.4268456e-002
 -8.2842136e-002
 -7.2351093e-002
 -4.8154185e-002
 -3.2038963e-002
 -1.1730777e-002
 -1.2355137e-009
  1.7986430e-012
  3.0495322e-014
 -4.3180829e-014
  3.3530101e-014
  3.1198950e-014
 -3.1817246e-014
  2.2700571e-014
 -1.9697852e-014
 -1.7862404e-014
 -3.4808493e-010
 -3.3148766e-003
 -2.1336250e-002
 -5.0670408e-002
 -5.3448522e-002
 -5.2642973e-002
 -4.0337233e-002
 -4.0294640e-002
 -9.1105048e-002
 -5.5152087e-002
 -3.0353961e-002
 -3.9859722e-002
 -3.3198779e-002
 -2.4186933e-002
 -4.6192951e-002
 -1.1883612e-002
 -3.8514615e-002
 -1.3397508e-002
 -6.4556296e-002
 -6.4702923e-002
 -8.1636085e-002
 -4.5767872e-002
 -3.3899918e-002
 -3.1787861e-002
 -6.2294313e-002
 -7.9268228e-002
 -4.6517849e-002
 -3.9087397e-002
 -3.4972272e-002
 -6.1442880e-002
 -4.9004710e-002
 -3.8071559e-002
 -9.0159375e-002
 -1.7516369e-002
 -5.0815286e-002
 -4.5705100e-002
 -2.4148698e-002
 -5.1454939e-002
 -4.1879453e-002
 -3.0628641e-002
 -9.0711151e-002
 -6.9842211e-002
 -4.8626135e-002
 -4.2192227e-002
 -5.6500713e-002
 -7.3965260e-002
 -4.0594113e-002
 -3.4640097e-002
 -3.0181517e-002
 -1.1513922e-002
 -4.7531794e-008
  1.3837111e-014
 -3.7432889e-014
 -3.7278828e-014
  3.2295370e-014
  3.1247644e-014
 -3.1814971e-014
  2.2700443e-014
 -1.9697850e-014
  3.8826684e-014
 -3.6024042e-010
 -3.4314899e-003
 -2.1827176e-002
 -5.2145678e-002
 -5.7120822e-002
 -5.7892124e-002
 -4.4606291e-002
 -4.4250639e-002
 -3.7127873e-002
 -5.5548145e-002
 -4.4569462e-002
 -2.7180185e-002
 -4.2107277e-002
 -5.2175701e-002
 -2.2588782e-002
 -3.9455676e-002
 -2.4118564e-002
 -2.6425764e-002
 -3.4188266e-002
 -8.0137775e-002
 -6.9473316e-002
 -7.8531648e-002
 -6.5817687e-002
 -3.2829210e-002
 -2.3911174e-002
 -5.2426815e-002
 -7.7093456e-002
 -2.5295383e-002
 -5.1924682e-002
 -5.1834148e-002
 -6.8678732e-002
 -5.3547289e-002
 -3.5602213e-002
 -3.8079769e-002
 -3.6053057e-002
 -3.7435616e-002
 -6.0430270e-002
 -6.9039492e-002
 -5.6293037e-002
 -3.0653677e-002
 -4.3416730e-002
 -5.7816903e-002
 -5.6687099e-002
 -7.8522887e-002
 -6.9091452e-002
 -1.7966917e-002
 -3.6402598e-002
 -4.3282719e-002
 -3.3274939e-002
 -1.2002834e-002
  1.5162637e-008
 -7.2049213e-014
 -3.1759689e-014
 -2.9628522e-014
  3.5648237e-014
  3.1145988e-014
 -3.1821950e-014
  2.2700705e-014
 -1.9697853e-014
  3.7741277e-014
 -3.7261436e-010
 -3.5496257e-003
 -2.2309139e-002
 -5.2897015e-002
 -5.2682641e-002
 -3.8454102e-002
 -3.7956185e-002
 -7.0529315e-002
 -5.6656822e-002
 -8.3578647e-003
 -2.1993317e-002
 -6.1728461e-002
 -7.4124040e-002
 -8.4930407e-003
 -3.2691684e-002
 -7.9648006e-002
 -6.2357928e-002
 -1.5294479e-002
 -4.3475237e-002
 -3.0400752e-002
 -2.9537405e-002
 -4.5211912e-002
 -6.6079910e-002
 -7.1267140e-002
 -3.0081315e-002
 -4.4226166e-002
 -4.4676062e-002
 -6.2857547e-002
 -7.4260733e-002
 -4.7507932e-002
 -7.0976269e-002
 -3.2607960e-002
 -1.9517756e-002
 -4.4675339e-002
 -3.6847527e-002
 -7.7015354e-002
 -9.7835071e-002
 -5.0130340e-002
 -4.6134305e-002
 -4.9039199e-002
 -3.9931118e-002
 -2.6557519e-002
 -5.9666447e-002
 -6.5893669e-002
 -4.6560355e-002
 -1.0137927e-002
 -4.3798343e-002
 -7.4525488e-002
 -3.6671306e-002
 -1.1462455e-002
 -1.2122052e-009
 -2.9991883e-013
  1.8694627e-014
  7.7324650e-015
 -1.1813898e-014
  3.2988676e-014
 -3.1753775e-014
  2.2696936e-014
 -1.9697789e-014
 -6.4221414e-016
 -4.2875830e-010
 -4.0843882e-003
 -2.3519389e-002
 -5.3407447e-002
 -5.0043253e-002
 -3.8492192e-002
 -4.6976433e-002
 -4.0077221e-002
 -2.9333460e-002
 -3.6666280e-002
 -3.0378198e-002
 -4.3666984e-002
 -4.8092045e-003
 -5.3321176e-002
 -6.5828454e-002
 -3.0716193e-002
 -7.1505274e-002
 -4.9779400e-002
 -5.7301139e-002
 -4.1433818e-002
 -3.0095172e-002
 -5.8674247e-002
 -4.0298025e-002
 -1.9275168e-002
 -4.8434261e-002
 -5.0833526e-002
 -4.6669884e-002
 -9.2461295e-002
 -7.5306792e-002
 -4.8338057e-002
 -6.2516030e-002
 -4.3279770e-002
 -5.3759651e-002
 -7.9951382e-002
 -9.3457825e-002
 -9.0210074e-002
 -3.5520359e-002
 -2.3468481e-002
 -9.1689967e-003
 -3.4978363e-002
 -2.5645368e-002
 -4.8174314e-002
 -6.3562144e-002
 -2.0231003e-002
 -4.1204387e-002
 -4.9622628e-002
 -4.5251152e-002
 -5.4365498e-002
 -5.5955275e-002
 -1.6881006e-002
 -1.7797852e-009
  7.8294730e-014
 -1.7990333e-014
  1.3928613e-014
  3.8096362e-014
  3.0968388e-014
 -3.1826405e-014
  2.2700826e-014
 -1.9697852e-014
  4.6357102e-015
 -5.1491412e-010
 -4.9043240e-003
 -2.5069487e-002
 -5.1619701e-002
 -4.4537829e-002
 -4.4054249e-002
 -3.0610281e-002
 -2.1858058e-002
 -3.3797764e-002
 -5.5918885e-002
 -1.7258853e-002
 -1.2803637e-002
 -4.9433343e-002
 -2.5709072e-002
 -3.6358741e-002
 -6.4250388e-002
 -6.2773709e-002
 -2.5492434e-002
 -8.0288599e-002
 -6.9213454e-002
 -8.2518810e-002
 -1.3337975e-002
 -8.7806912e-003
 -4.2573613e-002
 -9.3613075e-002
 -8.1816654e-002
 -5.1144995e-002
 -3.6902248e-002
 -4.5523284e-002
 -4.8034359e-002
 -6.6800198e-002
 -5.6825181e-002
 -8.5537886e-002
 -1.2527566e-001
 -7.4002561e-002
 -5.0696641e-002
  4.0073218e-003
 -3.6373468e-002
 -6.6353882e-002
 -3.6152986e-002
 -2.1425674e-002
 -3.8860830e-002
 -2.3605590e-002
 -1.1591152e-002
 -4.0321261e-002
 -8.6930642e-002
 -7.0383204e-002
 -3.6538438e-002
 -3.4936760e-002
 -1.1847778e-002
 -1.2437757e-009
  1.3295434e-014
 -3.9654930e-014
 -3.7120467e-014
  4.0623870e-014
  3.1077100e-014
 -3.1832385e-014
  2.2700788e-014
 -1.9697848e-014
  3.8397313e-013
 -5.7407399e-010
 -5.3448605e-003
 -2.5303289e-002
 -4.4654584e-002
 -2.0652350e-002
 -3.5455975e-002
 -4.6787107e-002
 -2.5538942e-002
 -1.8744604e-002
 -2.9564406e-002
 -4.8855196e-002
 -5.2906441e-002
 -1.9376698e-002
 -5.1923517e-002
 -5.8000326e-002
 -2.4840032e-002
 -4.0937683e-002
 -5.0875677e-002
 -6.6735188e-002
 -5.7806790e-002
 -6.0544674e-002
 -4.0283914e-002
 -4.8109109e-002
 -4.7628837e-002
 -5.8975089e-002
 -5.0591888e-002
 -8.3958494e-002
 -5.8879232e-002
 -2.9719303e-002
 -7.1531760e-002
 -6.9410027e-002
 -5.7851429e-002
 -8.1962697e-002
 -6.7975937e-002
 -4.2575579e-002
 -6.1107478e-002
 -3.9213041e-002
 -4.8203692e-002
 -4.8862179e-002
 -5.9343424e-002
 -5.5265201e-002
 -3.1847219e-002
 -1.1775171e-002
 -1.5976947e-002
 -3.1036448e-002
 -6.5541404e-002
 -7.7552781e-002
 -1.0147802e-001
  7.2618317e-003
  3.2133763e-010
 -1.1890756e-013
  1.1687117e-013
  4.6700343e-015
 -3.2830764e-014
 -6.6940680e-016
  3.2951872e-014
 -3.1781504e-014
  2.2697290e-014
 -1.9697780e-014
 -8.2150129e-014
 -5.7759401e-010
 -5.4993161e-003
 -2.3772074e-002
 -3.5533817e-002
 -2.8516164e-002
 -1.2454743e-002
 -5.0163798e-003
 -2.0178454e-002
 -1.1404359e-002
 -4.0477321e-002
 -6.9397336e-002
 -7.5784942e-002
 -6.3546697e-002
 -1.4519754e-002
 -3.9008958e-002
 -8.2573568e-002
 -4.6240515e-002
 -2.6340300e-002
 -3.6411281e-002
 -6.4311121e-003
 -1.5927092e-002
 -7.5446979e-002
 -1.0584961e-001
 -9.3322421e-002
 -7.6822869e-002
 -4.3585166e-002
 -7.5090669e-002
 -6.5079491e-002
 -2.9118093e-002
 -7.2410882e-002
 -7.6097123e-002
 -6.7882854e-002
 -6.0666072e-002
 -4.6374700e-002
 -3.4940441e-002
 -3.1922018e-002
 -5.8893067e-002
 -7.3445181e-002
 -5.4043906e-002
 -6.3698534e-002
 -1.8436712e-002
 -6.7624564e-002
 -3.3565259e-002
 -2.4300873e-002
 -4.8026986e-002
 -3.7312467e-002
 -3.9166186e-002
 -6.8500315e-002
 -1.7856191e-002
 -9.1484767e-003
  1.2352821e-008
 -2.4494558e-013
 -2.5439152e-014
 -2.6089516e-014
 -2.6038187e-014
  3.5931013e-014
 -3.1809538e-014
  2.2691306e-014
 -1.9697564e-014
  7.3297761e-014
 -3.5655882e-010
 -3.3965210e-003
 -1.0388691e-002
  6.8269113e-003
 -2.0375945e-002
 -2.6624807e-002
 -3.1493592e-002
 -1.1130938e-002
 -5.2376631e-002
 -6.4471996e-002
 -4.4691025e-002
 -4.0495991e-002
 -5.9649403e-002
 -5.3910953e-002
 -5.8307748e-002
 -3.7033671e-002
 -4.1084539e-002
 -3.1135361e-002
 -3.9968664e-003
 -4.6980186e-002
 -4.5628734e-002
 -6.8209262e-002
 -9.4969011e-002
 -1.0137991e-001
 -9.7785433e-002
 -7.9457390e-002
 -5.6391144e-002
 -6.8160974e-002
 -6.0520204e-002
 -5.0080589e-002
 -2.4630535e-002
 -5.1027744e-002
 -3.6819137e-002
 -4.4049697e-002
 -3.1910316e-002
 -7.4341659e-002
 -3.6912525e-002
 -4.0926520e-002
 -3.3072706e-002
 -7.7478585e-002
 -6.8794763e-002
 -6.7227932e-002
 -4.4695283e-002
 -6.6708128e-002
 -3.6530177e-002
 -4.9916864e-002
 -2.9523516e-002
 -1.6103727e-002
 -1.5895956e-002
 -1.2918888e-002
 -1.7466207e-003
 -1.8321921e-010
  7.8133296e-014
 -2.1922990e-014
  2.8259192e-014
  3.3557015e-014
 -3.1840268e-014
  2.2693648e-014
 -1.9699450e-014
 -4.9819675e-014
  2.4722583e-013
  8.5205484e-009
 -3.0646105e-008
  2.6628248e-002
  1.8396187e-002
 -2.9904872e-002
 -2.6010428e-002
 -6.6854782e-002
 -4.7099735e-002
 -1.5734501e-002
 -4.4716045e-002
 -9.9878652e-002
 -6.7420318e-002
 -6.2603828e-002
 -7.2903241e-002
  1.1090178e-002
  8.0729202e-003
  1.3325695e-002
 -4.2759703e-002
 -9.2271261e-002
 -7.1674142e-002
 -4.7463755e-002
 -2.6554979e-002
 -7.4449254e-002
 -5.6199465e-002
 -7.7127071e-002
 -8.4714573e-002
 -6.2096108e-002
 -5.8987036e-002
 -7.1385348e-002
  2.7687581e-009
 -2.0349633e-009
 -1.4589735e-002
 -6.7623039e-002
 -5.2729393e-002
 -5.0921462e-002
  9.2145754e-003
 -6.6585451e-002
 -4.7115530e-002
 -6.0895380e-002
 -1.0288004e-001
 -7.0030273e-002
 -2.6191474e-002
 -4.1245212e-003
 -4.1618563e-002
 -7.7503672e-002
 -5.1197797e-002
 -2.5495122e-002
  2.9916261e-002
  2.8703125e-009
 -2.7547226e-011
 -7.6863460e-013
  1.9282105e-014
  1.1563599e-013
 -4.2698144e-014
  3.4834785e-014
 -3.1609567e-014
  2.2662314e-014
 -1.9826962e-014
  4.7487185e-014
 -3.0791282e-014
  1.3603300e-014
 -1.1933368e-012
  5.5909315e-010
  4.0929225e-011
 -3.2892405e-003
 -3.8536636e-003
 -7.0915034e-003
 -5.3938253e-003
 -2.2922726e-003
 -5.4436009e-003
 -9.9074728e-003
 -7.4475576e-003
 -7.2187531e-003
 -7.7318286e-003
 -6.5919392e-010
  1.6950420e-010
 -1.3380704e-010
 -3.9397859e-003
 -8.9375640e-003
 -7.9454474e-003
 -6.2499035e-003
 -5.5499235e-003
 -9.2033178e-003
 -7.8079502e-003
 -9.2178972e-003
 -9.3926320e-003
 -6.7494879e-003
 -6.4549889e-003
 -7.0573963e-003
 -7.4351355e-010
  1.7609155e-009
 -2.9514692e-003
 -7.2724419e-003
 -6.3932282e-003
 -5.9257379e-003
 -1.1958476e-009
 -6.5619734e-003
 -5.3831282e-003
 -6.7789580e-003
 -1.0479102e-002
 -7.7807162e-003
 -3.3268938e-003
 -1.9468354e-008
 -5.0917244e-003
 -8.2123701e-003
 -5.9607918e-003
 -2.8200853e-003
  3.3207944e-010
 -4.6834330e-016
  2.3786073e-014
  7.4579508e-015
 -2.9936012e-014
  3.4966776e-014
 -1.7433320e-014
  3.1041782e-014
 -2.6866977e-014
  2.3309054e-014
  6.3516832e-015
  3.6401408e-014
  3.3575845e-014
  4.1002681e-014
 -2.6824928e-014
  3.3367813e-014
 -3.6934279e-014
 -6.9165597e-011
 -8.0882889e-011
 -1.4935854e-010
 -1.1359544e-010
 -4.8107400e-011
 -1.1439455e-010
 -2.0808712e-010
 -1.5633235e-010
 -1.5153566e-010
 -1.6298986e-010
 -2.1305572e-014
  4.2080067e-014
 -1.9014529e-014
 -8.2692030e-011
 -1.8763658e-010
 -1.6679077e-010
 -1.3136977e-010
 -1.1652212e-010
 -1.9312496e-010
 -1.6421447e-010
 -1.9355402e-010
 -1.9719772e-010
 -1.4173285e-010
 -1.3587223e-010
 -1.4852334e-010
 -2.0058118e-014
  1.4373698e-015
 -6.2021819e-011
 -1.5224537e-010
 -1.3456188e-010
 -1.2414860e-010
  4.2998136e-014
 -1.3813123e-010
 -1.1309456e-010
 -1.4238852e-010
 -2.1974166e-010
 -1.6336391e-010
 -6.9848643e-011
  1.4037869e-013
 -1.0692543e-010
 -1.7225291e-010
 -1.2514923e-010
 -5.9245995e-011
 -2.3322685e-014
 -2.5440555e-014
 -1.8033669e-014
 -3.4184867e-014
  4.0099299e-014
 -4.5745035e-014
  2.1045585e-014
  4.1227286e-014
 -2.9570508e-014
 -3.2907194e-014
  2.6063294e-014
  3.8538501e-014
  7.4878613e-016
 -1.5711247e-014
  1.1756965e-013
 -1.1674052e-013
  1.7096771e-014
 -1.0802682e-013
 -1.1077947e-014
  4.1146041e-014
  1.1734839e-013
 -1.1566784e-013
  1.4258009e-015
 -2.8123021e-014
 -2.0830743e-014
 -3.7586515e-014
 -2.4012417e-014
  9.5705685e-014
  1.0738365e-013
 -3.1620132e-014
 -3.2558359e-014
  4.1566838e-014
  2.8597914e-014
 -3.2394464e-014
 -2.4230337e-014
  1.7033227e-015
 -3.7399993e-015
 -2.8785905e-014
 -3.8072110e-014
 -1.8061731e-014
 -9.4968350e-014
 -8.0951524e-014
 -1.0600537e-013
  3.6622854e-014
  2.8548392e-014
  2.1822107e-014
  3.3101738e-014
  3.9707452e-014
 -2.9506164e-014
 -1.0454078e-013
 -3.6961852e-014
  2.2350860e-015
 -3.2881530e-014
  1.9728306e-014
 -3.7353056e-014
 -1.0791358e-013
 -3.5467288e-014
  3.6817641e-014
 -4.0219778e-014
 -1.8058486e-014
 -2.0685565e-014
  1.0812657e-014
 -2.8231612e-014
 -1.2315684e-014
  3.9778250e-014
  3.9484989e-014
  7.8604786e-015
 -3.2101884e-016
 -1.8866236e-014
  2.6146547e-014
  3.9584421e-014
 -3.1000504e-014
 -2.2376001e-014
 -3.9469579e-014
 -1.4386132e-014
 -3.7261402e-015
 -3.9712358e-015
 -1.1058928e-014
 -1.8579166e-014
 -3.4311609e-014
  3.4853155e-014
 -2.4824100e-015
 -4.4036772e-016
  3.2964348e-014
  7.6061293e-015
 -1.8053282e-014
 -3.7636314e-014
 -3.0088966e-014
  3.0512436e-014
 -3.9022028e-014
  2.0406291e-014
 -3.1941512e-014
 -3.0517251e-014
 -2.2540859e-014
 -2.2687104e-014
 -4.0913664e-014
  2.8127782e-014
 -3.3010265e-014
 -2.9992709e-014
 -3.1118494e-014
  1.1470752e-015
  1.4447607e-015
  1.7985476e-014
 -4.2634034e-014
 -2.0554148e-015
 -3.5710643e-014
  3.2807880e-014
  3.0611637e-014
 -3.2048354e-015
 -3.2420886e-014
 -5.1304846e-015
  1.5192368e-014
 -2.7954337e-014
 -1.9051775e-014
  4.2553950e-016
 -2.8992286e-014
  3.7895301e-014
 -3.5490808e-014
 -1.8387405e-014
  2.5960964e-014
 -4.3594355e-014
  4.5645892e-014
 -3.8181588e-014
 -2.6753673e-014
 -3.1546966e-014
 -1.9442722e-014
  2.5148422e-014
 -2.2431001e-014
  7.9177840e-015
  1.0740097e-013
  2.7816442e-014
