 -4.2364222e+000
  1.6849694e-018
 -4.1137972e-018
 -2.2018254e-017
  3.0506132e-017
  1.4284059e-016
 -1.2248793e-016
  5.8748599e-017
  4.0265130e-017
  8.1108475e-018
  2.9025486e-017
 -3.5925706e-017
  1.0695068e-016
  2.2870065e-016
 -3.7959722e-016
  2.7853520e-016
 -5.6826668e-016
  2.0621775e-016
  2.4646435e-016
 -9.0461856e-017
 -1.8057744e-017
 -3.4024936e-017
 -9.7701551e-017
 -1.2012606e-016
 -1.9535521e-016
  1.4501346e-016
 -1.5144812e-017
 -6.8990329e-017
 -6.4711212e-017
 -6.9053698e-017
  1.8166214e-016
 -1.8072704e-017
 -1.8109242e-017
 -6.7839853e-017
 -5.7158067e-018
 -1.9953119e-017
 -1.9822222e-017
 -8.9278432e-017
  1.7509709e-016
  1.8377981e-016
  2.0252615e-016
 -5.0140662e-016
  2.5647935e-016
 -4.5056095e-016
  2.9839987e-016
  1.2098102e-016
 -2.9286193e-016
 -3.8498990e-017
  9.7740305e-017
  5.1237433e-017
  6.7282179e-017
 -5.0290423e-017
  4.1237898e-018
  4.7399813e-017
 -2.9236531e-017
  1.2856667e-018
 -2.6244797e-017
  1.4142086e-017
 -2.3084066e-018
  3.8500321e-019
 -2.1521149e-019
 -1.7442074e-017
 -1.1719323e-016
  2.6237263e-016
  1.4799415e-015
 -2.8681391e-015
 -6.9523406e-016
 -1.3165563e-015
 -2.6650756e-016
  6.6028148e-016
 -1.1820823e-015
  2.7113124e-016
  9.3346887e-016
 -1.7000353e-015
 -2.7956231e-015
 -5.1366752e-015
 -1.4288721e-015
 -5.0772782e-016
 -2.1974314e-015
  5.7902094e-015
 -2.4413375e-015
 -2.2183889e-017
 -5.7415353e-016
  1.0064484e-014
 -2.4680497e-015
 -1.8964585e-015
  4.6171672e-015
  8.3639242e-016
 -3.7084933e-015
  6.3847999e-015
 -2.7153042e-015
  4.7973047e-015
  2.0251187e-015
 -1.5185236e-015
  3.0111330e-015
 -3.1500705e-015
 -1.0742681e-015
  2.8918632e-015
  3.7490001e-016
  1.5286321e-015
 -1.0584934e-015
 -9.0334581e-016
 -6.0510916e-015
  1.5009689e-015
 -4.1825138e-015
 -4.1176882e-015
  9.6824141e-015
 -5.5217107e-015
  1.2745216e-015
  1.1581788e-016
  1.8266953e-015
 -5.1403037e-017
  1.2825883e-015
  9.2875518e-016
 -1.7945762e-015
  2.0203438e-016
 -2.8657705e-017
 -1.9144858e-016
  6.5211230e-017
 -8.3193918e-018
  5.1119344e-018
 -4.4416139e-016
  1.0632612e-015
  7.7179267e-015
 -2.2498793e-014
 -1.9231443e-014
 -3.8006979e-015
 -1.2381713e-014
 -2.0287176e-014
 -1.2974448e-014
  3.4532249e-014
 -3.1303188e-014
 -1.8087118e-014
 -6.3238030e-014
 -9.7465026e-014
  1.3410919e-013
  1.3696948e-014
 -7.7827262e-014
  8.0986560e-014
 -7.1354932e-014
  4.6300329e-014
  7.5368384e-015
  1.2477404e-013
 -2.2554062e-013
  1.6587437e-013
  5.3846641e-014
 -1.4894346e-013
  5.1657796e-014
  6.8163137e-014
 -7.2970513e-014
 -4.9069554e-014
  2.7587351e-014
  1.8059740e-014
  7.1070960e-014
 -3.8452837e-013
  1.2641272e-013
 -8.6671762e-015
 -2.8230410e-014
 -3.4700106e-013
 -3.1326115e-014
 -5.4613523e-014
  1.0579676e-014
  1.6239023e-013
 -5.6744866e-014
 -4.6389976e-014
  8.5732120e-014
 -5.6396730e-014
  1.7091345e-013
 -4.8370350e-014
 -3.5960452e-014
 -1.9959500e-013
  2.9958835e-014
  1.3077502e-014
 -9.8818385e-014
  2.7575823e-013
 -3.6123727e-014
  3.6863192e-015
 -1.7170398e-016
 -7.6123451e-016
  1.7499730e-016
 -1.2272613e-017
  1.4162871e-015
  1.9921430e-014
 -7.4989015e-014
 -1.1656974e-013
  7.5776702e-014
  8.3051835e-013
 -1.4128528e-013
 -1.5054299e-013
  1.4267213e-013
  1.2336877e-015
 -1.5452930e-012
 -2.9794362e-013
 -1.1208581e-012
  5.5237804e-012
 -1.2458904e-010
  1.3111090e-012
  4.9903318e-013
 -4.1414844e-012
 -1.0456394e-012
 -2.7596781e-013
  5.1549661e-013
 -2.9949209e-012
  5.9963861e-012
 -1.9007149e-012
 -5.7041822e-013
  7.8538551e-014
  1.8457966e-012
 -1.0791933e-014
 -7.9235626e-013
  3.6469054e-012
 -1.2073756e-012
  6.4795248e-013
 -3.5854763e-012
  5.5941888e-012
  1.7232425e-013
  8.2823961e-013
 -3.6791518e-012
  3.6559058e-012
 -2.5407217e-012
 -2.0783633e-013
  1.4443814e-012
 -1.1199740e-010
 -2.0604691e-012
 -1.0596400e-013
  3.0854410e-013
 -4.9350211e-012
 -7.9496201e-013
  2.9142106e-013
 -1.5470656e-012
  3.7960264e-012
 -1.8702747e-012
 -8.7744935e-013
  1.5373443e-012
 -1.4257573e-012
  2.6773424e-012
 -1.9944311e-013
  1.6241229e-014
 -1.0814752e-016
 -1.6361027e-015
  2.3046497e-016
  2.2389042e-014
 -8.5939428e-014
 -2.3460253e-013
  2.2142771e-013
  4.5270628e-012
 -7.2938336e-010
 -1.5954755e-009
  3.8137994e-011
 -9.1572735e-014
 -4.2533280e-010
 -2.0462505e-009
 -1.8231283e-011
  2.4969667e-011
 -8.1112957e-010
 -6.0800151e-002
 -6.0624859e-010
 -1.4473144e-011
  1.2407805e-009
 -2.4213740e-009
 -5.5327066e-012
 -1.0229646e-011
  1.6936971e-009
 -9.1818544e-010
  2.5569109e-011
 -7.6481964e-012
  3.2969126e-010
 -7.1155416e-010
  1.0990606e-011
  1.9998701e-011
  3.1400596e-010
  9.5031567e-010
 -1.2798822e-011
  2.8503522e-011
 -3.2245898e-010
  1.4207798e-009
  9.0318919e-013
  2.4559740e-011
 -5.8301689e-010
  4.2795087e-010
  7.9293177e-013
 -5.1979759e-010
 -5.4774804e-002
 -1.3116644e-009
 -1.0288982e-011
 -1.0797832e-011
 -1.1818941e-011
 -2.5630927e-010
 -5.1090451e-012
  2.0135419e-010
 -7.0257768e-010
  1.7083414e-011
 -7.2003057e-012
  2.8154386e-010
  6.6402214e-010
 -4.4024288e-012
  6.6285576e-012
 -3.5863532e-013
  2.3094153e-014
  7.6312628e-016
 -1.4844002e-015
  2.2112351e-014
 -5.8017039e-014
 -2.9482690e-013
  5.6277779e-014
  4.2661780e-012
 -7.2486628e-010
 -1.5850647e-009
  1.7133875e-010
  7.4229862e-011
 -4.2537006e-010
 -1.2901356e-009
 -5.0196500e-010
  1.1939678e-011
 -6.0326760e-010
 -3.6982260e-002
 -7.7193256e-010
 -8.2090747e-012
  1.2372312e-009
 -1.6200392e-009
 -7.9441438e-010
 -1.9195543e-011
  1.7581586e-009
 -8.0783145e-010
 -2.4822801e-010
 -1.6865882e-010
  4.0439402e-010
 -5.7679471e-010
 -1.9161425e-010
 -3.9150465e-010
  9.5112757e-010
  1.1472192e-009
 -2.3607021e-010
 -6.4693787e-010
  1.2464156e-010
  1.3463947e-009
  2.2127241e-011
 -1.1193999e-009
  4.1373939e-010
  4.7876330e-010
  7.7173780e-011
 -8.5352201e-010
 -2.2836952e-002
 -8.1886737e-010
  2.8629667e-011
 -2.4487708e-010
  1.3935093e-010
 -2.6272553e-010
  3.6486678e-010
 -7.9404916e-011
 -6.9937629e-010
 -8.8631948e-013
  4.8202481e-010
  4.8768126e-010
 -1.3280683e-010
  3.0481641e-012
  1.5997062e-013
  5.1586318e-014
 -2.6240464e-014
 -1.8834813e-015
  1.0501944e-015
  2.2953554e-014
 -5.6974462e-014
 -3.1753797e-013
 -8.4627214e-014
  2.9623269e-012
 -7.4060395e-010
 -1.4188837e-009
 -4.1437954e-010
  1.5295139e-010
 -2.9514332e-010
 -8.0236193e-010
 -4.7075300e-010
 -3.4173158e-010
 -3.7425631e-010
 -1.7672420e-010
 -6.6773975e-010
  3.1362174e-011
  1.1607977e-009
 -1.0591227e-009
 -4.1469482e-002
 -3.6398305e-010
  1.4768881e-009
 -5.0624320e-010
 -4.2349498e-002
 -3.6398765e-002
  6.0840211e-010
 -1.2373667e-010
 -2.4380474e-002
 -8.0280564e-010
  1.4514907e-009
  1.0906746e-009
 -6.1634773e-002
 -6.9223399e-002
  1.0673284e-010
  2.5346549e-009
 -1.0562143e-009
 -4.2066410e-002
  6.4520423e-010
  5.6790118e-010
 -2.8722653e-010
 -2.0507664e-003
 -5.5636841e-010
 -5.0656043e-010
  1.1567076e-010
 -8.3154915e-010
  6.6752345e-010
  2.0133919e-010
 -8.6968228e-012
 -1.1865133e-009
  1.2949583e-010
  5.6592119e-010
  4.7578157e-010
 -2.3812181e-010
 -3.3629871e-012
  9.7802771e-013
  3.1754171e-014
 -7.2811575e-014
  2.0167606e-015
  2.6802419e-015
 -1.2526178e-016
  2.2494006e-014
 -5.6507021e-014
 -3.2516651e-013
 -6.7127867e-014
  3.6503790e-012
 -7.2634182e-010
 -1.0308203e-009
 -6.1461763e-010
 -5.4582204e-011
 -2.7423540e-010
 -4.6333573e-010
 -4.4824835e-010
 -3.0971036e-010
 -6.3200232e-010
  1.3457501e-010
 -1.7395562e-003
 -4.8653322e-010
  1.0031792e-009
 -1.3296986e-002
 -7.1132339e-010
  1.3723478e-010
  8.3848748e-010
 -4.1674987e-010
 -5.9469661e-002
 -3.7840384e-002
  5.6304413e-010
 -1.1052154e-010
 -5.5457229e-002
 -1.1834327e-011
  2.5479312e-010
  9.5752418e-010
 -6.4611254e-002
 -3.6976584e-002
  1.4983712e-010
  1.4734680e-009
 -1.0980957e-009
  9.3721578e-010
  2.1061535e-010
 -2.3528880e-011
 -5.6899508e-010
  3.1764027e-010
  1.2969833e-004
 -8.1469457e-010
 -2.4880490e-003
  8.2676753e-010
  1.3695832e-010
 -2.4263028e-010
 -7.4922207e-010
  2.1254754e-011
  2.8549446e-010
  4.4306729e-010
 -3.3190991e-010
 -6.9861351e-012
  1.6521267e-012
 -4.4494828e-014
 -1.2157522e-013
  9.4053688e-015
  4.3560857e-015
 -3.4375276e-016
 -9.5355187e-017
  2.2726517e-014
 -5.6467507e-014
 -3.3932961e-013
 -3.5182121e-014
  4.4149858e-012
 -7.2304976e-010
 -8.8529646e-010
 -5.3289633e-010
 -3.1017228e-010
 -3.9812150e-010
 -4.1200524e-010
 -2.2407398e-003
 -2.1921841e-002
 -4.6164584e-002
 -4.3532959e-002
 -5.2814703e-002
 -1.8455447e-002
  2.3226135e-010
 -2.9635173e-002
  4.1552279e-010
 -3.8207776e-010
  5.3991088e-010
 -5.4325031e-010
 -6.7016291e-010
 -3.6832931e-010
  4.4726803e-010
  1.0895004e-010
 -1.0327052e-009
  7.5193237e-010
 -3.1252254e-010
  8.3947909e-010
 -5.9142254e-010
 -5.5661523e-010
  4.0880397e-010
  1.4871104e-010
 -7.3870740e-010
  1.4952618e-009
 -2.1130923e-010
 -5.7915063e-010
  2.0002360e-010
 -3.5847182e-011
 -6.5705217e-010
 -2.8175961e-002
 -8.2929232e-009
  1.4208874e-009
 -2.7338846e-002
 -3.9534064e-002
 -7.6346925e-010
  8.2860121e-010
 -6.3588742e-011
 -3.8898138e-010
 -6.9413407e-012
  1.7780023e-012
 -3.0353310e-013
 -1.3584595e-013
  2.1146199e-014
  5.0258805e-015
 -7.0446636e-016
 -1.5721160e-016
  1.0281168e-018
  2.2884760e-014
 -5.8017920e-014
 -3.4361581e-013
  1.1899835e-014
  5.3604320e-012
 -7.2314361e-010
 -7.5195178e-010
 -4.9959565e-010
 -4.4220068e-010
 -7.2401223e-010
 -2.0197386e-002
 -4.8265040e-002
 -6.1705858e-002
 -6.2253676e-002
 -5.1112851e-002
 -5.9314462e-002
 -2.7244520e-002
 -7.3279452e-011
 -3.3693160e-002
  7.4611645e-010
 -3.7227823e-006
  4.3605276e-010
 -3.3906837e-002
 -6.8638099e-010
 -1.1236646e-011
 -1.7891897e-010
 -3.9091224e-010
  2.5454401e-010
  5.3155907e-010
 -9.6863552e-010
  2.9916574e-010
  3.3688208e-010
 -6.1812516e-010
 -1.1331675e-010
 -2.4904357e-011
  1.4788621e-009
  3.0137050e-010
 -5.0844594e-010
 -2.4156089e-002
  5.6833460e-010
 -1.9189421e-010
 -5.1540223e-010
 -3.7708913e-002
 -2.0709167e-010
  7.0237000e-010
 -5.9477425e-002
 -3.7897805e-002
 -4.4203086e-010
  6.6965436e-010
 -3.3148908e-002
 -3.8228858e-010
  2.1653118e-012
 -3.7594960e-014
 -1.8380341e-013
 -2.3651308e-014
  1.2133459e-014
  1.6388467e-016
 -3.5334423e-016
 -1.6576317e-017
  1.5473727e-017
  2.3278217e-014
 -5.6756119e-014
 -3.4827766e-013
  3.7344114e-014
  5.5975897e-012
 -7.2504374e-010
 -6.3670742e-010
 -4.8040098e-010
 -8.2033087e-010
 -2.6561892e-002
 -4.5585733e-002
 -5.8502575e-002
 -6.5384210e-002
 -6.2006823e-002
 -2.6471010e-002
 -3.3413972e-002
 -2.2083430e-003
  6.3328882e-010
 -2.3796011e-003
 -1.4053690e-003
  3.0338154e-010
  2.8155146e-010
 -2.8692130e-004
 -4.6723344e-010
 -9.9651481e-011
 -2.8601766e-003
 -2.7957732e-010
  1.3620795e-009
 -4.7583544e-010
 -4.4106733e-002
 -4.1788121e-010
  6.3018149e-010
 -2.1160229e-002
 -3.0206275e-010
  1.0934436e-010
  2.0426828e-009
 -1.4889640e-010
 -4.1911319e-002
 -4.2501476e-002
  4.9154626e-010
 -4.7864536e-011
 -3.4123318e-002
 -6.1380170e-002
  6.8745236e-010
  1.8165334e-010
 -8.2100351e-010
 -4.4795875e-010
  2.3891836e-010
  1.9035363e-010
 -3.0378504e-002
 -3.0664689e-010
  2.4847162e-012
 -9.7106539e-014
 -1.2285056e-013
 -2.3466379e-014
  8.9716174e-015
  3.6097288e-016
 -2.5474601e-016
 -1.9772537e-017
  9.0433141e-018
  3.0835308e-014
 -9.7429995e-014
 -3.6337207e-013
  4.9664707e-014
  5.4735358e-012
 -7.8127523e-010
 -6.3154155e-010
 -7.7947544e-010
 -2.4869090e-002
 -4.8655394e-002
 -5.3272280e-002
 -4.7574656e-002
 -4.1574129e-002
 -3.1574459e-002
  5.1053306e-011
 -3.9791358e-010
  1.4717821e-010
  3.3349434e-010
 -1.7512491e-010
 -4.0024365e-002
  4.2296172e-010
 -4.0907778e-003
 -2.2553445e-002
  7.0398043e-011
 -7.4954597e-004
 -3.4820274e-002
 -2.3837068e-003
  1.5106350e-009
 -2.1197019e-002
 -5.6755178e-002
 -1.0333306e-009
  6.5648547e-010
 -3.6839816e-002
 -2.9717840e-010
  4.0741958e-011
  3.3056103e-009
 -2.4953729e-010
 -3.0862139e-002
 -1.1524735e-009
  1.8829056e-009
 -7.1927757e-010
 -3.3099119e-002
 -3.6635382e-010
  5.5653377e-010
  6.4221563e-012
 -3.1678484e-010
 -3.2523742e-010
  4.0170614e-010
 -1.8570239e-010
 -3.1249889e-002
 -3.1522225e-010
  2.5049757e-012
 -8.0265869e-014
 -1.1891710e-013
 -2.6228947e-014
  9.0599222e-015
  4.7261639e-016
 -2.6607873e-016
 -3.0023446e-017
  1.0579400e-017
 -2.0047335e-014
 -5.3766828e-014
 -7.7754581e-014
  1.9382184e-012
 -2.6744085e-010
 -2.6356538e-002
 -3.0442883e-002
 -3.7382870e-002
 -4.7521881e-002
 -5.5617791e-002
 -4.7399828e-002
 -2.4020095e-002
 -2.2530445e-003
 -5.0823262e-010
  6.4234452e-010
 -3.2274971e-010
  2.3041070e-010
  4.5753270e-010
 -1.3754234e-010
 -3.5443652e-002
  8.0539603e-011
 -2.2519182e-004
 -2.4633995e-002
 -1.1183370e-010
 -3.3370858e-010
 -5.1832566e-002
 -2.6053175e-002
  9.8770674e-010
 -2.1902898e-003
 -5.3266659e-002
 -3.3108390e-010
  1.0430595e-010
 -2.8576938e-002
  5.3135979e-011
  5.5879739e-010
  1.4042459e-009
 -2.4371916e-010
 -3.9514137e-010
  9.0682015e-010
  1.5476337e-010
 -6.2522314e-010
 -3.9502714e-010
  4.4188350e-010
 -4.6037501e-011
  2.6170596e-010
 -6.3882328e-010
 -8.1992191e-010
  4.0563616e-010
  9.3033013e-011
 -2.7940431e-002
 -2.8219940e-010
  2.2781973e-012
 -7.1561747e-014
 -1.0468807e-013
 -2.3112732e-014
  8.0361232e-015
  4.1365028e-016
 -2.4282164e-016
 -2.6466660e-017
  1.0424485e-017
 -2.0658867e-014
 -1.1820124e-013
 -5.1501570e-014
  2.5735316e-012
 -3.4146503e-010
 -3.3771137e-002
 -3.5558805e-002
 -3.7978192e-002
 -3.9029363e-002
 -3.6298830e-002
 -1.8048991e-002
 -5.7427514e-010
 -2.0979926e-010
 -4.1598727e-010
  3.6892358e-010
  2.0654423e-010
 -7.8739446e-011
  8.7724346e-010
 -1.4154798e-010
 -9.6058213e-010
 -2.4806231e-010
 -1.4164597e-010
 -3.5220786e-002
 -2.6917675e-002
  6.6539656e-010
 -1.2431823e-003
 -5.3028501e-010
  2.9552722e-010
  1.0991131e-009
 -1.4041260e-002
 -3.9724755e-011
 -1.3214887e-010
 -2.3193826e-003
  4.8258287e-010
  6.3049618e-010
  2.0538584e-010
  3.9561857e-010
  1.1396416e-009
 -1.2247313e-010
 -7.3498703e-010
 -1.4773369e-010
  1.0641615e-010
  4.5159055e-010
  7.3537718e-011
 -8.1927533e-010
 -4.5193193e-002
 -5.2733822e-002
  2.8719640e-010
  2.2219356e-010
 -2.3906913e-002
 -2.4177461e-010
  2.0392711e-012
 -3.5378543e-014
 -8.9450381e-014
 -2.2553453e-014
  7.1184071e-015
  4.4959990e-016
 -2.1345385e-016
 -2.7516069e-017
  8.7949996e-018
 -1.6870262e-014
 -9.6473282e-014
  5.0712352e-015
  2.0043571e-012
 -2.1469898e-010
 -2.1258541e-002
 -4.9637540e-003
 -7.9321146e-004
 -2.4689118e-003
 -3.4862312e-005
 -3.5959960e-010
 -4.5200466e-010
 -3.1514699e-010
 -1.8142688e-010
 -5.4705326e-011
  4.6426355e-010
  2.7401679e-010
  7.2636570e-010
 -5.8405387e-010
 -2.5457965e-002
 -5.8850078e-010
  5.6259173e-010
 -6.0825732e-010
 -1.2056399e-009
  5.1353507e-010
 -2.8773599e-011
 -7.3213041e-010
 -1.1288135e-010
 -6.9072558e-010
 -2.0822190e-002
 -1.7034742e-010
 -5.6911605e-010
 -1.7312045e-011
  1.0935836e-009
  6.1904845e-010
  8.6129492e-011
  1.3999369e-009
  2.7923410e-010
 -3.5836636e-010
 -7.1203105e-010
  1.5113931e-010
  6.4846542e-011
  6.8569271e-010
  1.7265301e-010
 -1.2676686e-009
 -6.3939093e-010
 -2.9092108e-010
  4.1965121e-010
  2.0355797e-010
 -1.6222499e-002
 -1.6447945e-010
  1.4606450e-012
  1.1697254e-014
 -5.2764828e-014
 -2.1554622e-014
  5.0502008e-015
  5.3604666e-016
 -1.5531786e-016
 -2.8851998e-017
  5.8263652e-018
 -1.0516345e-014
 -8.5347226e-014
  4.1862728e-015
  1.5781739e-012
 -1.3853084e-010
 -1.3758477e-002
 -4.2310384e-006
 -3.0042248e-005
 -5.0252334e-010
 -3.1789423e-010
 -3.7822835e-010
 -4.2901697e-010
 -3.1665051e-010
 -2.3521827e-010
 -6.0001863e-011
  2.1283269e-010
  9.7305446e-010
  3.6198592e-010
 -3.5079780e-010
 -1.0406107e-009
 -6.6506220e-010
  7.6558828e-010
 -3.2072502e-010
 -1.1130562e-009
  2.3603917e-011
  4.2605235e-011
 -5.6606535e-010
  2.0629985e-010
 -1.4148564e-009
 -8.9576739e-010
 -1.2586880e-010
 -7.3747093e-010
  6.8962865e-011
  2.6668602e-009
  5.9508758e-010
  7.5845725e-010
  3.8043942e-010
 -4.6392960e-010
  1.1684172e-010
 -1.0398782e-009
  5.3793719e-011
  9.6569646e-010
  2.1611241e-010
 -3.5369528e-010
 -1.3318799e-009
 -2.9968996e-010
  2.8272209e-010
  2.5072305e-010
  1.9038786e-010
 -8.6857010e-010
  4.3917224e-013
 -6.3824485e-013
 -1.8011215e-013
 -1.3042676e-014
  4.7325604e-015
  1.8177830e-016
 -3.7273123e-017
 -9.9734892e-018
 -1.4943364e-017
  1.8602111e-018
 -6.0398648e-015
 -1.7540084e-013
  5.2284817e-014
  2.0370881e-012
 -1.5368585e-010
 -1.5258578e-002
  1.1454477e-004
 -2.7422335e-010
 -4.5369798e-010
 -2.8814638e-010
 -4.0981587e-010
 -3.4033544e-010
 -3.1911865e-010
 -3.3987809e-010
  9.2847284e-011
  1.8775706e-010
  9.3942833e-010
  3.4679303e-010
 -2.6147293e-010
 -1.0676942e-009
 -8.8846700e-010
  3.3150056e-010
  5.8183480e-010
 -1.9041457e-002
 -4.3379907e-010
 -1.2924451e-010
 -3.3392771e-010
 -9.8516998e-011
 -1.3281155e-002
 -9.6912924e-010
 -5.1573276e-010
 -7.7242984e-010
  9.8143418e-010
  1.3763592e-009
  1.2258577e-009
  2.1546037e-010
 -2.1886765e-010
  3.2227576e-011
 -3.0833002e-002
 -4.2209742e-002
  1.1888264e-010
  6.7887963e-010
 -1.2685554e-011
 -4.6566624e-010
 -1.1368203e-009
 -2.2589602e-010
  2.7251278e-010
  3.4717869e-010
  1.2122293e-010
 -7.7527544e-010
  3.4183743e-012
 -5.1147267e-014
 -3.5020887e-013
 -4.6406194e-014
  2.0447782e-014
  4.5360455e-016
 -4.6228763e-016
 -4.4402892e-018
 -6.0541811e-018
  3.5361331e-018
 -1.0381624e-013
 -1.1917022e-013
  8.4522141e-013
  2.7602220e-012
 -1.5078621e-010
 -1.5075474e-002
 -7.9312675e-004
 -8.3594112e-010
 -3.8473517e-010
 -2.7063786e-010
 -3.9307530e-010
 -2.6750072e-010
 -3.0365382e-010
 -4.4474355e-010
 -2.9362549e-011
  9.3139856e-010
  3.5554184e-010
 -9.1190479e-011
  5.5876109e-011
 -1.0271550e-009
 -6.5837878e-010
  1.3578452e-010
  7.5707951e-010
 -7.5457951e-010
 -5.7555658e-010
  2.7672943e-010
 -4.5290830e-010
 -4.4182176e-010
 -4.4512860e-010
 -1.4471620e-009
 -9.7486949e-010
 -3.0478339e-010
  1.2808861e-009
  2.8478483e-009
  9.7885040e-011
  1.3548156e-010
  7.1936344e-010
 -3.9188292e-010
 -3.2059101e-003
 -2.2765605e-003
  5.9411508e-010
  4.4108431e-010
 -2.2194476e-010
 -5.0690662e-010
 -9.2651878e-010
  2.1515561e-010
 -2.6846004e-011
  5.8231952e-010
 -1.1619042e-010
 -7.2628939e-010
  4.4313732e-012
  2.1593293e-013
 -3.6998975e-013
 -6.2908143e-014
  2.3127830e-014
  9.1026151e-016
 -5.3862048e-016
 -1.0347650e-017
 -1.3972642e-018
  1.4898344e-018
  6.3032362e-015
 -1.9564471e-013
 -5.9041916e-013
  4.2312150e-012
 -1.3564770e-010
 -1.4077081e-002
 -5.4444444e-006
 -4.5865370e-010
 -3.6381660e-010
 -3.2828121e-010
 -3.4960127e-010
 -1.1295641e-010
 -4.3794471e-010
 -4.8203277e-010
  2.6468785e-010
  1.0084574e-009
 -2.3671905e-010
 -1.7010450e-011
  9.4505674e-011
 -1.0035146e-009
 -4.8770734e-010
  9.7278949e-011
  8.6519863e-010
 -6.7828588e-010
 -4.4673656e-010
  5.3852405e-010
 -1.5216505e-009
 -6.1848630e-010
 -2.8000581e-002
 -4.5403710e-002
 -3.9881420e-002
 -5.6768730e-003
  3.0821166e-009
  1.4832774e-009
  2.4678938e-011
  1.2947823e-009
 -4.3813669e-010
 -2.5516444e-010
 -5.1852471e-010
 -7.3142233e-010
  8.6991034e-010
 -5.0405375e-011
  2.7754412e-011
 -4.7559076e-010
 -9.3930266e-010
  7.6488727e-010
 -5.8348598e-010
  7.2851321e-010
 -2.4559215e-010
 -6.7306852e-010
  2.5998283e-012
 -1.8398328e-014
 -9.2349246e-015
  2.4110585e-015
 -1.6132993e-014
  2.4026096e-015
  4.1726922e-016
 -6.4786282e-017
 -2.8498711e-017
  4.0542992e-018
 -4.9499404e-014
 -1.0652524e-012
  6.2169569e-012
  3.0738165e-011
  3.7952170e-010
 -1.5142288e-002
 -2.8593522e-005
  1.3432653e-008
 -3.4206959e-010
 -3.4521513e-010
 -3.1343376e-010
 -6.1424021e-012
 -5.6754143e-010
 -6.1226311e-010
  8.2918022e-010
  7.9217589e-010
 -6.4173567e-010
  2.4958590e-010
 -2.9046015e-010
 -9.0779639e-010
 -4.3954193e-010
  2.3112921e-010
  4.2646865e-010
  2.5016329e-010
 -2.7780256e-010
 -6.2202823e-010
 -1.2340717e-009
 -3.2409203e-002
 -4.8513480e-010
 -1.6608246e-010
 -1.3388886e-009
 -1.9392626e-010
  1.5444952e-009
  1.4653043e-009
 -9.9747608e-011
  5.4367159e-010
  3.1778092e-010
 -7.4319482e-010
 -6.4286305e-010
 -5.8056490e-010
  8.7253631e-010
 -5.0946971e-010
 -4.9079931e-011
 -1.3344807e-010
 -1.8492633e-003
  8.2114569e-010
 -6.0857739e-010
  6.7826644e-010
 -3.2110775e-010
 -5.6591957e-010
  1.2362269e-012
 -2.7300082e-012
 -5.7157783e-014
 -3.3228880e-014
  4.1874725e-015
  2.2101723e-015
 -5.8582746e-017
 -6.1547395e-017
 -2.0797239e-017
 -4.2065033e-018
 -3.2144575e-014
 -4.3012933e-014
 -2.0902924e-013
  4.7220654e-012
 -4.4807785e-010
 -2.5184970e-002
 -1.7119985e-002
 -2.5573543e-003
 -3.4772153e-010
 -2.0441599e-010
 -1.8677587e-010
 -1.0270321e-010
 -6.1823963e-010
 -3.5325303e-010
  9.6674034e-010
  1.9761804e-010
 -6.5312007e-010
  5.0945162e-010
 -5.2019677e-010
 -6.2996975e-010
 -3.0966016e-010
 -1.3696290e-011
  5.8734364e-010
  5.7873819e-010
 -7.1051932e-010
 -1.4978463e-009
 -3.4755112e-002
 -5.1404108e-002
 -1.0422868e-010
 -7.4438133e-010
 -3.0098030e-002
  4.5021423e-010
  1.2430126e-009
  1.0184752e-009
 -4.1292471e-010
  7.3344324e-010
 -5.8781601e-011
 -3.9901764e-002
 -2.6547911e-002
 -5.3808337e-010
 -4.8854062e-011
  2.0017407e-010
  1.0965661e-010
  1.0258349e-009
  7.3261868e-005
  6.4379009e-010
 -3.1438523e-010
  2.9084742e-010
 -1.2256115e-009
 -5.5683493e-004
 -5.4479042e-012
  6.4007355e-013
  2.1445267e-013
 -4.1149128e-014
 -2.8385296e-014
  5.3605761e-015
  9.3827748e-016
 -2.9533434e-016
 -3.9562956e-017
  2.5430225e-017
 -1.0936212e-013
  2.6186517e-014
  1.7089070e-012
 -1.7693114e-010
 -1.7490921e-002
 -5.7399812e-002
 -6.2374202e-002
 -5.3632895e-002
 -3.3393402e-002
 -1.0014257e-002
 -2.8876729e-010
 -2.2602501e-010
 -2.3109474e-003
  2.7386484e-010
  5.8670988e-010
 -8.5473091e-011
 -4.1549998e-010
  3.3414255e-010
 -6.2793762e-010
 -1.8496151e-010
 -8.4558824e-010
  2.7941072e-010
  8.3654184e-010
  3.6913505e-010
 -1.3868747e-009
 -3.8844445e-002
 -4.6260569e-002
 -5.2510136e-002
 -2.0210483e-002
 -2.7014980e-002
 -2.9143525e-010
  1.1012335e-009
  3.2917871e-010
  5.4701555e-010
  8.5037511e-011
 -5.0889100e-010
  3.9895254e-010
 -3.4773245e-002
 -1.8443950e-002
  8.4139734e-011
 -8.2418503e-010
  4.4040052e-010
 -9.5860701e-011
 -1.7990983e-010
  1.0470984e-011
  8.3832505e-011
 -2.3791147e-010
  3.6209617e-010
 -6.7267080e-010
 -2.5190027e-008
  1.0713115e-012
 -1.3303192e-014
  4.7348383e-014
 -3.5511702e-014
 -6.7409488e-015
  3.4969010e-015
  1.4113952e-016
 -1.8068239e-016
 -1.1536690e-017
  6.7844169e-018
 -2.1898978e-013
 -1.3643476e-013
  3.0881597e-012
 -4.2477788e-010
 -4.2193882e-002
 -8.1650009e-002
 -9.5212270e-002
 -9.1160316e-002
 -7.6730585e-002
 -5.8333699e-002
 -3.2168271e-002
 -3.0826597e-002
 -3.0086023e-002
  3.0270634e-010
 -1.6285944e-010
 -8.8892705e-007
 -6.5506547e-003
  6.5214149e-004
 -1.6703653e-003
 -3.2744292e-003
 -2.2944416e-003
  7.0726478e-010
 -7.7810008e-011
  5.7699177e-010
 -1.1712787e-010
 -7.5770639e-010
 -3.9786944e-010
 -1.4450015e-009
 -4.3674659e-010
 -2.4104096e-010
  7.4560314e-010
  3.1948170e-010
  4.0178460e-010
  2.6146383e-010
  4.5065370e-010
 -8.2385117e-010
  3.0411046e-010
 -6.2787083e-010
 -1.8587168e-010
  1.0446823e-010
 -3.3669086e-003
  2.4830583e-010
  4.7115667e-011
 -1.1450329e-009
  7.6744499e-010
 -1.4044435e-009
  5.3470576e-011
  5.5054683e-010
 -1.2458336e-010
 -4.2468897e-010
  1.4932620e-011
  3.6579540e-012
 -6.4523468e-013
 -3.7355681e-014
 -6.8888202e-016
  2.1651255e-015
  1.8141509e-016
 -1.3665026e-016
 -2.9472005e-017
  1.3929913e-017
 -2.7848397e-013
 -3.2391831e-013
  3.0313876e-012
 -5.4234377e-010
 -5.3891816e-002
 -9.8993224e-002
 -1.1896746e-001
 -1.1909900e-001
 -1.1217523e-001
 -9.9884703e-002
 -8.4941541e-002
 -8.3296999e-002
 -4.9873036e-002
 -2.4543543e-002
 -4.1884370e-002
 -5.1626401e-002
 -5.6490648e-002
 -5.1680943e-002
 -3.3913908e-002
 -2.8723194e-002
  6.0909196e-011
 -1.2273165e-010
 -2.6553859e-010
  9.3552639e-010
 -8.4176933e-011
 -2.0598727e-002
 -2.6133419e-002
 -7.6250336e-010
 -1.9761905e-010
 -3.3442030e-010
  2.6048312e-010
  5.4363665e-010
  1.0756875e-009
 -2.7831074e-010
  4.1094774e-010
 -6.3644499e-010
 -4.7873366e-010
  2.3317438e-011
 -2.2933427e-010
 -5.5589971e-010
 -6.0786059e-010
  6.3775893e-011
  1.9473056e-010
 -9.4794799e-005
  7.6421610e-010
 -2.5547768e-003
  2.1496726e-010
 -1.7025226e-010
 -9.8818345e-011
 -1.4902502e-006
  1.2969023e-012
 -5.4478970e-014
  3.2758913e-014
 -3.6325270e-014
 -5.8562532e-015
  3.0986359e-015
  1.8663956e-016
 -1.5664034e-016
 -2.0624434e-017
  1.3371651e-017
 -3.1252652e-013
 -5.0825738e-013
  2.4864528e-012
 -6.3287689e-010
 -6.2659022e-002
 -1.0534522e-001
 -1.3062409e-001
 -1.3312148e-001
 -1.3259428e-001
 -1.2747095e-001
 -1.2717670e-001
 -1.1887626e-001
 -9.2818029e-002
 -9.5655489e-002
 -9.9299042e-002
 -1.0638786e-001
 -9.2838138e-002
 -7.8947968e-002
 -4.0186365e-002
 -4.4321531e-010
 -4.1585186e-010
 -2.6761849e-010
  2.6724385e-010
  1.9742233e-010
 -3.5730056e-010
 -2.4994895e-002
 -3.1775614e-005
  1.2483038e-010
 -5.2694808e-010
 -2.2526481e-010
  2.8329224e-011
  1.1492879e-009
  7.9150986e-010
 -6.3734290e-010
  1.4829618e-010
  3.7073220e-004
 -1.1429655e-003
 -4.1678242e-008
 -5.3383233e-003
 -1.3228161e-002
 -3.1103077e-002
 -2.9408898e-002
 -2.7939775e-002
 -2.2182600e-002
 -8.5306191e-003
 -3.0999893e-002
 -2.3634285e-004
 -2.3935690e-002
 -1.6553137e-002
 -1.4877948e-002
 -1.4976475e-010
  1.7395737e-012
  4.2731228e-014
 -9.0291136e-014
 -2.3507773e-014
  7.6504515e-015
  4.1067837e-016
 -2.7361915e-016
 -1.8542438e-017
  1.4620304e-017
 -3.1377676e-013
 -5.9462807e-013
  2.1619496e-012
 -6.5880061e-010
 -6.5091578e-002
 -1.0870535e-001
 -1.3318291e-001
 -1.3739859e-001
 -1.3822354e-001
 -1.4375968e-001
 -1.5623103e-001
 -1.3629364e-001
 -1.3214837e-001
 -1.3665779e-001
 -1.4177747e-001
 -1.4058419e-001
 -1.2047858e-001
 -1.0493817e-001
 -7.9804564e-002
 -7.4385922e-002
 -5.3937243e-002
 -3.5202375e-002
 -2.7743134e-002
 -5.9458764e-002
 -6.4685075e-002
 -6.1304571e-002
 -4.6922976e-002
 -3.8302957e-002
 -2.4573002e-002
 -3.4259635e-010
 -1.7552941e-010
  4.4867995e-010
  1.6610644e-010
 -4.2293536e-005
  3.1138826e-008
 -5.9775775e-002
 -5.9569452e-002
 -7.0360539e-002
 -6.2425897e-002
 -8.1328373e-002
 -7.7429888e-002
 -8.4411031e-002
 -7.1910539e-002
 -4.6008803e-002
 -6.5160092e-002
 -5.4556548e-002
 -5.0411106e-002
 -6.8484727e-002
 -5.2447888e-002
 -3.6658852e-002
 -3.6878271e-010
  2.9852382e-012
 -9.8626650e-014
 -1.7022451e-013
 -3.0222088e-014
  1.2226127e-014
  3.4423269e-016
 -3.7749276e-016
 -1.1137564e-017
  1.6347717e-017
 -3.1839848e-013
 -5.5674072e-013
  2.3363856e-012
 -6.4498858e-010
 -6.3804678e-002
 -1.0478053e-001
 -1.2539805e-001
 -1.3095107e-001
 -1.3536216e-001
 -1.4695139e-001
 -1.5131339e-001
 -1.5035648e-001
 -1.4841857e-001
 -1.6205635e-001
 -1.5604872e-001
 -1.5220299e-001
 -1.4392783e-001
 -1.2052606e-001
 -1.2513069e-001
 -1.2409559e-001
 -1.1151318e-001
 -1.1323418e-001
 -1.1113740e-001
 -1.2085124e-001
 -1.1091996e-001
 -1.0160780e-001
 -9.4810442e-002
 -9.4929719e-002
 -7.2544273e-002
 -3.9738925e-002
 -4.1638153e-002
 -3.1890832e-002
 -5.4138607e-002
 -7.1798764e-002
 -7.0520884e-002
 -1.1701643e-001
 -1.0725144e-001
 -1.1402855e-001
 -1.0968742e-001
 -1.2060393e-001
 -1.0828468e-001
 -1.1430217e-001
 -1.0382949e-001
 -7.3879806e-002
 -9.4758030e-002
 -8.2498691e-002
 -9.0161530e-002
 -9.0213342e-002
 -7.0367649e-002
 -4.4524475e-002
 -4.4743978e-010
  3.1346932e-012
 -2.0551111e-013
 -2.1327633e-013
 -2.7037389e-014
  1.4143349e-014
  1.5096627e-016
 -4.0707705e-016
 -5.1762301e-018
  1.6144542e-017
 -2.9381700e-013
 -3.2199404e-013
  3.0253444e-012
 -5.5867548e-010
 -5.5511201e-002
 -8.6127348e-002
 -9.8966397e-002
 -1.0238108e-001
 -1.1429600e-001
 -1.3744690e-001
 -1.3677856e-001
 -1.3958990e-001
 -1.4451126e-001
 -1.5428345e-001
 -1.4679232e-001
 -1.4179350e-001
 -1.2365651e-001
 -1.3748300e-001
 -1.3583238e-001
 -1.6010262e-001
 -1.6652828e-001
 -1.7331060e-001
 -1.5579636e-001
 -1.4469316e-001
 -1.3223784e-001
 -1.2326906e-001
 -1.3009227e-001
 -1.1943281e-001
 -1.1045397e-001
 -1.0377846e-001
 -1.2006875e-001
 -1.2425978e-001
 -1.3143722e-001
 -1.4273644e-001
 -1.1986994e-001
 -1.4946292e-001
 -1.4662588e-001
 -1.3164973e-001
 -1.3576296e-001
 -1.3541546e-001
 -1.2976427e-001
 -1.4157974e-001
 -1.2906536e-001
 -1.0964491e-001
 -1.1790810e-001
 -1.0986437e-001
 -1.0906314e-001
 -1.0060503e-001
 -7.8814668e-002
 -4.9294334e-002
 -4.9539849e-010
  3.1355852e-012
 -2.7959439e-013
 -2.4005376e-013
 -2.4531191e-014
  1.5303068e-014
  2.5924306e-017
 -4.2529700e-016
 -1.7410500e-018
  1.5973698e-017
 -1.3328308e-013
 -1.2463814e-013
  2.5551235e-012
 -3.3388335e-010
 -3.3064124e-002
 -5.0403627e-002
 -5.3251471e-002
 -5.5464073e-002
 -7.0570279e-002
 -8.1784079e-002
 -9.6292944e-002
 -1.0347397e-001
 -1.1257395e-001
 -1.2705922e-001
 -1.2120370e-001
 -1.0392786e-001
 -1.1928322e-001
 -1.3227535e-001
 -1.3441503e-001
 -1.4611822e-001
 -1.7434295e-001
 -1.6242263e-001
 -1.5608619e-001
 -1.4945307e-001
 -1.3777496e-001
 -1.2249524e-001
 -1.3423510e-001
 -1.4569407e-001
 -1.2796608e-001
 -1.4981622e-001
 -1.5602272e-001
 -1.6969780e-001
 -1.7624139e-001
 -1.6171028e-001
 -1.5390431e-001
 -1.5650844e-001
 -1.5743440e-001
 -1.5243423e-001
 -1.4703971e-001
 -1.4232206e-001
 -1.3814057e-001
 -1.4294110e-001
 -1.2936891e-001
 -1.2956832e-001
 -1.3439692e-001
 -1.2303386e-001
 -1.1322491e-001
 -1.0998684e-001
 -8.6731265e-002
 -5.2576102e-002
 -5.2855598e-010
  3.1147838e-012
 -3.1454162e-013
 -2.6036720e-013
 -2.3741254e-014
  1.6218151e-014
 -4.7080977e-017
 -4.4649158e-016
  6.4114117e-019
  1.7218521e-017
 -8.0231613e-014
 -1.9871165e-013
  1.3764510e-013
  4.1217995e-012
 -5.3751461e-010
 -4.8485506e-010
 -1.8980234e-010
 -9.1433006e-011
 -1.6801190e-004
 -3.3565281e-005
 -6.4545170e-003
 -3.4403101e-002
 -5.9881047e-002
 -7.7009784e-002
 -5.8887650e-002
 -7.7697158e-002
 -1.0125264e-001
 -9.8650226e-002
 -8.6294948e-002
 -1.0185336e-001
 -1.1206810e-001
 -1.0612995e-001
 -1.1151527e-001
 -1.2110664e-001
 -1.1650865e-001
 -1.1384805e-001
 -1.3641718e-001
 -1.3579102e-001
 -1.4269258e-001
 -1.5885646e-001
 -1.5494618e-001
 -1.6972829e-001
 -1.6352381e-001
 -1.4778547e-001
 -1.5008611e-001
 -1.4676578e-001
 -1.4881484e-001
 -1.4998054e-001
 -1.3460231e-001
 -1.2222792e-001
 -1.2738916e-001
 -1.2637972e-001
 -1.1366904e-001
 -1.2623944e-001
 -1.2572370e-001
 -1.1664887e-001
 -1.1585862e-001
 -1.1462906e-001
 -9.4147580e-002
 -4.8824278e-002
 -4.9082483e-010
  3.1437465e-012
 -2.3027564e-013
 -2.3023643e-013
 -2.8493174e-014
  1.5136304e-014
  1.8822824e-016
 -4.3004145e-016
 -1.2243504e-017
  1.6530722e-017
 -3.9384282e-014
 -2.1945392e-013
  2.8525119e-013
  4.5627536e-012
 -5.0053821e-010
 -3.7284161e-010
 -4.8122560e-011
 -2.2340317e-010
 -3.0060422e-010
 -1.0670654e-010
 -1.8930276e-010
 -2.3652030e-010
 -3.3204870e-007
  3.0938985e-008
 -1.5330713e-002
 -3.5136833e-002
 -2.6716201e-002
 -2.2478315e-002
 -6.7297616e-004
 -1.7148381e-002
 -2.6190935e-002
 -3.1434468e-002
 -4.3430892e-002
 -5.7663820e-002
 -7.3776921e-002
 -1.0311075e-001
 -1.1491411e-001
 -1.1117398e-001
 -1.3092424e-001
 -1.2493471e-001
 -1.1730186e-001
 -1.2401458e-001
 -1.1321803e-001
 -1.0778634e-001
 -1.1473353e-001
 -1.1217718e-001
 -1.0935675e-001
 -9.6816462e-002
 -9.0153737e-002
 -7.4249940e-002
 -8.4722280e-002
 -7.9045779e-002
 -8.2190311e-002
 -9.6898304e-002
 -8.3576186e-002
 -9.2544300e-002
 -1.0701415e-001
 -1.0271639e-001
 -7.9428208e-002
 -3.6149569e-002
 -3.6476814e-010
  2.6404294e-012
 -1.2658704e-013
 -1.0795020e-013
 -3.1845227e-014
  9.3379275e-015
  5.7268737e-016
 -2.6834319e-016
 -1.5022821e-017
  4.9342894e-018
 -5.3630779e-014
 -1.9911711e-013
  3.5786275e-013
  4.3645981e-012
 -5.5544683e-010
 -2.7560713e-010
 -7.9222178e-011
 -2.8585321e-010
 -2.1467447e-010
  9.1173366e-011
 -2.5987303e-010
 -3.3688019e-011
 -2.7945513e-010
 -8.7584948e-010
 -9.3328868e-011
 -1.9564114e-010
 -3.4226622e-010
 -5.3956940e-011
  4.6346888e-010
 -4.2747384e-010
  3.7397920e-010
 -2.5230490e-010
  4.9215561e-010
 -2.7027308e-003
 -5.1199719e-002
 -8.1571308e-002
 -7.8936534e-002
 -7.5739574e-002
 -7.0908339e-002
 -5.5360418e-002
 -4.7760177e-002
 -4.8802348e-002
 -2.5614881e-002
 -3.4850751e-002
 -5.1033101e-002
 -2.9017433e-002
 -3.1283207e-002
 -1.4161335e-002
 -1.2225312e-002
 -1.5459993e-002
 -1.2728725e-002
 -6.2555564e-003
 -1.6816950e-002
 -2.7503136e-002
 -1.6786811e-002
 -4.2901058e-002
 -7.8242508e-002
 -7.3124744e-002
 -4.4934694e-002
 -7.1042270e-010
  2.8989624e-012
  1.9421854e-013
 -3.3974517e-013
 -7.9523535e-014
  2.6132945e-014
  1.7788879e-015
 -8.4200412e-016
 -6.8857068e-017
  2.2416058e-017
  9.9708881e-018
 -6.1189814e-014
 -1.7511904e-013
  4.4034348e-013
  4.0630323e-012
 -5.8066969e-010
 -1.3196894e-010
 -1.7602465e-010
 -3.5636870e-010
  1.1006669e-010
  3.8650102e-011
  7.9137686e-011
 -5.0685211e-010
 -8.9568771e-010
 -1.4774394e-010
  1.8710651e-011
 -3.2471733e-010
 -2.4707131e-010
  2.5751655e-010
  3.4020948e-010
 -1.3975641e-010
  4.9398183e-010
  3.2297612e-010
  7.3066090e-011
 -1.8188244e-002
 -3.3503940e-002
 -4.2718267e-002
 -3.2430572e-002
 -3.2584900e-002
 -1.1815905e-002
  1.7024621e-010
 -5.3149888e-010
 -7.7282163e-011
  5.6624134e-010
 -2.9272245e-010
 -4.9741258e-010
  4.0520091e-010
 -3.5575121e-010
 -1.9127506e-010
  1.9541396e-011
 -2.1581740e-010
 -2.9072432e-010
 -6.0640582e-011
 -4.2865432e-010
 -1.7611030e-010
  1.7644470e-010
 -6.6277724e-010
 -3.8914099e-002
 -4.7413904e-002
 -3.6497116e-002
 -3.5319738e-010
 -2.9587691e-013
  5.4415488e-013
 -8.2453161e-014
 -2.9493392e-014
  6.4996593e-015
  6.0254132e-016
 -2.1124219e-016
 -4.0073939e-017
  1.1230850e-017
  5.0401208e-018
 -6.7554768e-014
 -1.3371742e-013
  6.7065031e-013
  4.2255157e-012
 -5.6835374e-010
 -1.7403822e-010
 -1.9125061e-010
  1.1756800e-010
  1.1970059e-010
  1.5529906e-010
 -5.7637757e-010
 -8.6959450e-010
 -4.0873144e-010
 -2.5549725e-010
  4.0887099e-011
 -3.7489616e-010
 -5.3216634e-010
  4.8841048e-010
  5.2329433e-010
  2.5734006e-010
  6.6244048e-010
  5.0126361e-010
 -1.3239908e-008
 -4.4222626e-003
 -6.6162551e-003
 -6.5998501e-003
 -5.5466570e-011
 -5.4719292e-010
 -2.2997472e-010
  5.3900586e-010
 -9.0656283e-011
 -4.0905495e-011
  6.7741816e-010
 -1.0133919e-010
 -3.9287908e-010
  3.6865007e-010
 -9.9140879e-011
 -1.6760324e-010
 -9.8542008e-011
  4.4440369e-011
 -5.0330164e-010
  2.5749608e-010
 -8.7094790e-010
 -5.4070627e-011
  3.8107561e-010
 -3.3627653e-010
 -5.4969260e-010
 -6.5129324e-010
 -5.7656173e-010
 -7.5299619e-011
 -3.1056166e-012
  4.9887871e-013
 -4.5246324e-014
  4.7434022e-015
  1.2890434e-015
 -1.3285248e-016
 -6.8617332e-017
 -1.1087317e-017
  1.0054881e-017
  9.4715198e-020
 -7.8088862e-014
 -1.6928117e-014
  1.2160238e-012
  2.3576821e-012
 -4.4313393e-010
 -2.0362029e-010
  1.8862687e-010
  2.1784864e-011
  2.2602056e-010
 -7.6038804e-010
 -7.1039958e-010
 -3.0727692e-010
 -3.7976718e-010
 -3.5381778e-010
 -5.4009611e-011
 -9.3368806e-010
  9.2401900e-011
  6.6022400e-010
  5.5263268e-010
  9.5390225e-010
  1.5218862e-010
  8.7081053e-011
 -3.4724346e-010
 -3.2655377e-010
 -6.5070203e-010
 -6.6442457e-010
 -2.0806256e-010
 -3.7491899e-010
 -2.0087568e-011
  3.4509551e-010
 -6.4072027e-011
  4.8105471e-010
  4.0902754e-010
  1.4605564e-010
 -3.1191290e-010
  2.8852242e-010
 -4.6220665e-010
  3.6725437e-010
 -3.4749427e-010
  3.2270594e-010
 -3.5846774e-010
 -2.3190155e-010
 -9.3735105e-010
  1.6215526e-011
  2.1335155e-010
 -6.9996953e-011
 -7.1078927e-010
 -6.0499069e-010
 -4.0559853e-010
 -1.4514569e-010
 -3.6195848e-012
  6.1260003e-013
 -2.7993739e-014
 -1.0835273e-014
  1.4831438e-015
  4.2274113e-016
 -2.5875053e-017
 -2.1688984e-017
 -4.8856391e-018
  3.1294188e-018
 -4.8574332e-014
  1.9571861e-013
  7.8221826e-013
 -2.5518134e-011
 -2.1956155e-010
  2.2908673e-010
 -9.5586785e-011
  8.2901919e-011
 -7.9013206e-010
 -5.8032836e-010
 -1.0149451e-010
 -3.3971553e-010
 -9.1633001e-010
 -1.7151715e-010
 -5.6421740e-010
 -1.2157792e-002
  6.6819474e-010
  8.2528362e-010
  1.0584526e-009
  7.0309566e-010
 -4.2888018e-010
 -3.6384462e-011
 -2.4864453e-010
 -2.8865400e-011
 -8.8654194e-010
 -4.2800654e-010
 -4.3468630e-010
 -5.0345447e-010
  1.2888903e-010
  4.0649434e-010
 -1.1319112e-010
  7.8222087e-010
  4.6808288e-010
  1.7228786e-010
 -2.8546835e-010
  1.9952465e-010
 -7.3364188e-010
  7.6835066e-010
 -4.6776907e-010
  2.1148937e-010
 -2.0841063e-010
 -2.7557779e-002
 -3.2173722e-002
 -5.0985503e-010
  5.5969383e-010
 -1.5133846e-010
 -7.9719637e-010
 -7.8064989e-010
 -4.1994626e-010
 -1.1994377e-010
 -6.7558371e-012
  8.4133038e-013
 -1.8473923e-014
 -1.0498521e-014
  8.7845858e-016
  3.8313544e-016
 -4.4944588e-017
 -9.4849019e-018
  2.4305444e-018
 -3.6847338e-019
 -5.3777010e-015
 -3.5812123e-014
  1.4129787e-013
  2.2063434e-013
 -2.7495559e-013
  6.7926596e-013
  9.6938403e-013
  6.9488534e-013
  7.1053600e-013
  5.0201654e-013
  7.1086029e-013
  1.3922004e-012
  5.0234654e-013
  2.4514926e-012
  6.8005776e-013
 -2.5146197e-011
 -1.6479351e-012
 -1.4498593e-012
 -2.6722897e-013
 -1.0159892e-012
 -1.6963720e-012
 -1.8268833e-012
 -2.0620099e-012
 -2.0525276e-012
 -5.0594020e-013
 -1.5252069e-012
 -1.3428015e-012
 -1.8296034e-013
 -4.5862958e-013
 -3.6554221e-013
 -1.7529796e-012
 -1.1137926e-012
 -1.1808034e-012
 -4.1696870e-013
  9.8330574e-013
  1.3798421e-012
 -3.3027840e-013
 -2.7895025e-012
 -2.6774236e-012
 -2.1489792e-012
 -1.2564952e-012
 -5.5793946e-011
 -6.5208700e-011
  4.0443768e-013
 -1.7295428e-012
 -3.7099380e-014
  3.9461262e-013
 -2.6312212e-013
  9.0178346e-013
 -1.4938351e-012
  3.6500752e-013
 -1.7930601e-014
 -8.6817595e-015
  8.7078642e-016
  4.7650324e-016
 -2.7766448e-017
 -1.3319168e-017
  7.3089775e-020
 -2.4452423e-018
  1.8488030e-018
  8.8258506e-016
 -2.5418031e-015
 -1.0881954e-014
  3.1753898e-014
  3.0687238e-015
  1.2518573e-014
 -5.9318977e-014
 -3.2718350e-014
 -3.4509983e-014
 -5.6955486e-014
 -4.1720774e-014
 -5.1378520e-014
 -7.3097069e-014
 -3.9167114e-014
 -3.6304632e-014
  9.0354919e-014
 -5.7645994e-014
  4.3652122e-014
 -4.9217489e-015
 -3.0310354e-015
  4.4212281e-014
  6.7027218e-014
  2.3391448e-014
 -1.6495852e-015
  8.7548063e-014
 -1.0608116e-014
  4.6395033e-014
  2.2070983e-014
 -4.4673568e-014
  4.1791235e-015
  2.4261319e-014
  6.7892030e-015
  4.8358222e-015
  3.4269976e-014
 -3.6407592e-014
 -2.8837005e-015
  1.7525796e-014
 -1.7639436e-014
  4.0533530e-015
 -1.4648788e-015
 -4.5369460e-014
  1.1136192e-013
  1.3385617e-013
 -4.4469919e-014
 -3.7140848e-014
 -6.6924374e-014
 -2.3011531e-014
 -2.9903146e-014
 -2.8272342e-014
  4.1716165e-014
 -6.6050805e-015
 -2.4151641e-015
  5.0430178e-016
  2.2558850e-016
 -8.3484429e-018
 -1.2036679e-017
 -8.3090642e-020
 -2.6403301e-018
  1.8345814e-018
 -5.8066780e-020
  5.1600054e-017
  1.8224274e-016
 -4.9946449e-016
 -1.3641287e-015
  2.5704265e-015
 -1.6234304e-015
  2.6146337e-015
 -2.9461624e-015
 -4.4807002e-016
  1.7946811e-015
  1.0872467e-015
  2.2013186e-015
  1.9623480e-015
 -6.2068921e-015
  2.2677769e-015
 -1.8130329e-015
  2.9034830e-015
  1.2021681e-015
  8.3203026e-015
 -1.4644641e-015
  2.3005261e-015
 -2.3698993e-015
  3.4816793e-015
 -1.7205702e-015
 -1.2489793e-015
  1.0959018e-015
  1.0715119e-016
  1.7703160e-015
  5.1901234e-018
 -2.4653450e-015
  6.1570230e-015
  3.0103818e-015
  2.3236300e-015
  7.1381895e-017
  2.9462188e-015
 -6.0720146e-015
  4.9112205e-015
 -1.9921171e-016
  8.1814755e-015
 -3.5905565e-015
  2.6958154e-015
 -3.1942546e-015
 -5.7432163e-015
  3.3918065e-015
 -4.1027776e-015
  3.8944846e-015
 -1.4623666e-015
 -9.5697594e-016
  2.7168292e-016
 -8.1742137e-016
 -2.4412707e-016
  1.6645438e-016
  4.8791604e-017
 -1.5754981e-018
 -6.3729490e-018
  3.6526163e-019
 -1.4730597e-018
  1.0645995e-018
  9.2647473e-020
 -3.0525773e-019
 -2.2651996e-018
  4.3740973e-018
  3.4859966e-017
 -5.5921938e-017
 -5.0678288e-017
  2.7782939e-018
  7.9135640e-017
  1.7381548e-016
 -4.3616222e-017
 -5.3768808e-017
  7.0163832e-017
  3.5209856e-017
 -4.3959602e-017
  2.5179444e-016
 -2.2768080e-016
 -4.6413651e-018
 -4.9088379e-017
 -1.0208393e-016
 -3.3546152e-018
  8.0285577e-017
 -1.2722634e-016
 -7.1610449e-017
 -2.7405672e-017
  1.3309589e-016
 -1.3177595e-016
  4.9499896e-018
 -4.6754668e-017
 -1.1523052e-016
  1.1730874e-016
  7.6114243e-017
 -2.2003794e-016
 -3.1703852e-017
 -3.2525965e-018
 -4.6652829e-017
 -2.2569142e-017
  1.1912722e-016
 -2.0008320e-016
  1.8508259e-016
 -1.4599625e-016
  1.4024971e-016
 -1.5094639e-016
 -1.5678186e-016
 -1.2530572e-016
 -3.4092032e-016
  2.9228320e-016
  1.1682050e-016
 -3.4416028e-017
 -2.0492220e-017
  1.6082147e-017
 -3.5996662e-019
  2.9656925e-017
  3.2100139e-018
 -3.1738913e-019
 -1.9630666e-018
  2.7379480e-019
 -4.8108304e-019
  3.6716501e-019
  6.3476180e-020
 -1.4252834e-019
  3.8646479e-020
