! SURFACE FORMAT
-7.500000e+02 0.000000e+00 -7.500000e+02 0.000000e+00 10
-5.500000e+02 0.000000e+00 -4.500000e+02 0.000000e+00 5.054016e-01 2.527008e-02
-4.500000e+02 0.000000e+00 -3.500000e+02 0.000000e+00 2.203984e-01 1.101992e-02
-3.500000e+02 0.000000e+00 -2.500000e+02 0.000000e+00 1.264817e-01 6.324087e-03
-2.500000e+02 0.000000e+00 -1.500000e+02 0.000000e+00 7.604692e-02 3.802346e-03
-1.500000e+02 0.000000e+00 -5.000000e+01 0.000000e+00 4.968354e-02 2.484177e-03
-5.000000e+01 0.000000e+00 5.000000e+01 0.000000e+00 2.882500e-02 1.441250e-03
5.000000e+01 0.000000e+00 1.500000e+02 0.000000e+00 1.737038e-02 8.685188e-04
1.500000e+02 0.000000e+00 2.500000e+02 0.000000e+00 1.202804e-02 6.014020e-04
2.500000e+02 0.000000e+00 3.500000e+02 0.000000e+00 1.007559e-02 5.037793e-04
3.500000e+02 0.000000e+00 4.500000e+02 0.000000e+00 8.018571e-03 4.009285e-04

-6.500000e+02 0.000000e+00 -6.500000e+02 0.000000e+00 10
-4.500000e+02 0.000000e+00 -3.500000e+02 0.000000e+00 5.060535e-01 2.530267e-02
-3.500000e+02 0.000000e+00 -2.500000e+02 0.000000e+00 2.295959e-01 1.147979e-02
-2.500000e+02 0.000000e+00 -1.500000e+02 0.000000e+00 1.346217e-01 6.731085e-03
-1.500000e+02 0.000000e+00 -5.000000e+01 0.000000e+00 7.461940e-02 3.730970e-03
-5.000000e+01 0.000000e+00 5.000000e+01 0.000000e+00 4.304559e-02 2.152280e-03
5.000000e+01 0.000000e+00 1.500000e+02 0.000000e+00 2.420522e-02 1.210261e-03
1.500000e+02 0.000000e+00 2.500000e+02 0.000000e+00 1.597597e-02 7.987983e-04
2.500000e+02 0.000000e+00 3.500000e+02 0.000000e+00 1.247019e-02 6.235096e-04
3.500000e+02 0.000000e+00 4.500000e+02 0.000000e+00 9.856815e-03 4.928408e-04
4.500000e+02 0.000000e+00 5.500000e+02 0.000000e+00 8.202244e-03 4.101122e-04

-5.500000e+02 0.000000e+00 -5.500000e+02 0.000000e+00 10
-3.500000e+02 0.000000e+00 -2.500000e+02 0.000000e+00 5.052585e-01 2.526293e-02
-2.500000e+02 0.000000e+00 -1.500000e+02 0.000000e+00 2.388916e-01 1.194458e-02
-1.500000e+02 0.000000e+00 -5.000000e+01 0.000000e+00 1.245305e-01 6.226523e-03
-5.000000e+01 0.000000e+00 5.000000e+01 0.000000e+00 6.774140e-02 3.387070e-03
5.000000e+01 0.000000e+00 1.500000e+02 0.000000e+00 3.399985e-02 1.699992e-03
1.500000e+02 0.000000e+00 2.500000e+02 0.000000e+00 2.241115e-02 1.120557e-03
2.500000e+02 0.000000e+00 3.500000e+02 0.000000e+00 1.517739e-02 7.588694e-04
3.500000e+02 0.000000e+00 4.500000e+02 0.000000e+00 1.175318e-02 5.876591e-04
4.500000e+02 0.000000e+00 5.500000e+02 0.000000e+00 9.886988e-03 4.943494e-04
5.500000e+02 0.000000e+00 6.500000e+02 0.000000e+00 7.989836e-03 3.994918e-04

-4.500000e+02 0.000000e+00 -4.500000e+02 0.000000e+00 10
-2.500000e+02 0.000000e+00 -1.500000e+02 0.000000e+00 5.319719e-01 2.659860e-02
-1.500000e+02 0.000000e+00 -5.000000e+01 0.000000e+00 2.347936e-01 1.173968e-02
-5.000000e+01 0.000000e+00 5.000000e+01 0.000000e+00 1.094323e-01 5.471614e-03
5.000000e+01 0.000000e+00 1.500000e+02 0.000000e+00 5.477815e-02 2.738907e-03
1.500000e+02 0.000000e+00 2.500000e+02 0.000000e+00 3.140939e-02 1.570469e-03
2.500000e+02 0.000000e+00 3.500000e+02 0.000000e+00 2.075106e-02 1.037553e-03
3.500000e+02 0.000000e+00 4.500000e+02 0.000000e+00 1.504818e-02 7.524089e-04
4.500000e+02 0.000000e+00 5.500000e+02 0.000000e+00 1.189362e-02 5.946809e-04
5.500000e+02 0.000000e+00 6.500000e+02 0.000000e+00 9.631972e-03 4.815986e-04
6.500000e+02 0.000000e+00 7.500000e+02 0.000000e+00 8.467802e-03 4.233901e-04

-3.500000e+02 0.000000e+00 -3.500000e+02 0.000000e+00 10
-1.500000e+02 0.000000e+00 -5.000000e+01 0.000000e+00 5.215215e-01 2.607607e-02
-5.000000e+01 0.000000e+00 5.000000e+01 0.000000e+00 2.092884e-01 1.046442e-02
5.000000e+01 0.000000e+00 1.500000e+02 0.000000e+00 9.402674e-02 4.701337e-03
1.500000e+02 0.000000e+00 2.500000e+02 0.000000e+00 4.735222e-02 2.367611e-03
2.500000e+02 0.000000e+00 3.500000e+02 0.000000e+00 2.885866e-02 1.442933e-03
3.500000e+02 0.000000e+00 4.500000e+02 0.000000e+00 2.053406e-02 1.026703e-03
4.500000e+02 0.000000e+00 5.500000e+02 0.000000e+00 1.542232e-02 7.711159e-04
5.500000e+02 0.000000e+00 6.500000e+02 0.000000e+00 1.216889e-02 6.084446e-04
6.500000e+02 0.000000e+00 7.500000e+02 0.000000e+00 1.015853e-02 5.079264e-04
7.500000e+02 0.000000e+00 8.500000e+02 0.000000e+00 8.108639e-03 4.054319e-04

-2.500000e+02 0.000000e+00 -2.500000e+02 0.000000e+00 9
-5.000000e+01 0.000000e+00 5.000000e+01 0.000000e+00 4.974111e-01 2.487056e-02
5.000000e+01 0.000000e+00 1.500000e+02 0.000000e+00 1.879428e-01 9.397141e-03
1.500000e+02 0.000000e+00 2.500000e+02 0.000000e+00 8.697761e-02 4.348880e-03
2.500000e+02 0.000000e+00 3.500000e+02 0.000000e+00 4.567315e-02 2.283657e-03
3.500000e+02 0.000000e+00 4.500000e+02 0.000000e+00 2.987174e-02 1.493587e-03
4.500000e+02 0.000000e+00 5.500000e+02 0.000000e+00 1.961700e-02 9.808501e-04
5.500000e+02 0.000000e+00 6.500000e+02 0.000000e+00 1.611850e-02 8.059248e-04
6.500000e+02 0.000000e+00 7.500000e+02 0.000000e+00 1.259568e-02 6.297838e-04
7.500000e+02 0.000000e+00 8.500000e+02 0.000000e+00 9.862313e-03 4.931156e-04

-1.500000e+02 0.000000e+00 -1.500000e+02 0.000000e+00 8
5.000000e+01 0.000000e+00 1.500000e+02 0.000000e+00 4.515175e-01 2.257587e-02
1.500000e+02 0.000000e+00 2.500000e+02 0.000000e+00 1.744141e-01 8.720705e-03
2.500000e+02 0.000000e+00 3.500000e+02 0.000000e+00 8.627938e-02 4.313969e-03
3.500000e+02 0.000000e+00 4.500000e+02 0.000000e+00 4.687469e-02 2.343734e-03
4.500000e+02 0.000000e+00 5.500000e+02 0.000000e+00 2.985842e-02 1.492921e-03
5.500000e+02 0.000000e+00 6.500000e+02 0.000000e+00 2.072360e-02 1.036180e-03
6.500000e+02 0.000000e+00 7.500000e+02 0.000000e+00 1.543423e-02 7.717117e-04
7.500000e+02 0.000000e+00 8.500000e+02 0.000000e+00 1.223379e-02 6.116895e-04

-5.000000e+01 0.000000e+00 -5.000000e+01 0.000000e+00 7
1.500000e+02 0.000000e+00 2.500000e+02 0.000000e+00 4.351304e-01 2.175652e-02
2.500000e+02 0.000000e+00 3.500000e+02 0.000000e+00 1.775722e-01 8.878608e-03
3.500000e+02 0.000000e+00 4.500000e+02 0.000000e+00 8.828120e-02 4.414060e-03
4.500000e+02 0.000000e+00 5.500000e+02 0.000000e+00 5.000837e-02 2.500419e-03
5.500000e+02 0.000000e+00 6.500000e+02 0.000000e+00 3.206245e-02 1.603123e-03
6.500000e+02 0.000000e+00 7.500000e+02 0.000000e+00 2.372001e-02 1.186000e-03
7.500000e+02 0.000000e+00 8.500000e+02 0.000000e+00 1.677731e-02 8.388654e-04

5.000000e+01 0.000000e+00 5.000000e+01 0.000000e+00 6
2.500000e+02 0.000000e+00 3.500000e+02 0.000000e+00 4.614816e-01 2.307408e-02
3.500000e+02 0.000000e+00 4.500000e+02 0.000000e+00 1.871474e-01 9.357370e-03
4.500000e+02 0.000000e+00 5.500000e+02 0.000000e+00 9.582684e-02 4.791342e-03
5.500000e+02 0.000000e+00 6.500000e+02 0.000000e+00 5.485598e-02 2.742799e-03
6.500000e+02 0.000000e+00 7.500000e+02 0.000000e+00 3.521232e-02 1.760616e-03
7.500000e+02 0.000000e+00 8.500000e+02 0.000000e+00 2.426119e-02 1.213060e-03

1.500000e+02 0.000000e+00 1.500000e+02 0.000000e+00 5
3.500000e+02 0.000000e+00 4.500000e+02 0.000000e+00 4.722134e-01 2.361067e-02
4.500000e+02 0.000000e+00 5.500000e+02 0.000000e+00 1.976749e-01 9.883745e-03
5.500000e+02 0.000000e+00 6.500000e+02 0.000000e+00 1.020702e-01 5.103510e-03
6.500000e+02 0.000000e+00 7.500000e+02 0.000000e+00 6.216937e-02 3.108469e-03
7.500000e+02 0.000000e+00 8.500000e+02 0.000000e+00 3.888884e-02 1.944442e-03

2.500000e+02 0.000000e+00 2.500000e+02 0.000000e+00 4
4.500000e+02 0.000000e+00 5.500000e+02 0.000000e+00 4.946980e-01 2.473490e-02
5.500000e+02 0.000000e+00 6.500000e+02 0.000000e+00 2.124074e-01 1.062037e-02
6.500000e+02 0.000000e+00 7.500000e+02 0.000000e+00 1.136247e-01 5.681237e-03
7.500000e+02 0.000000e+00 8.500000e+02 0.000000e+00 6.493381e-02 3.246691e-03

3.500000e+02 0.000000e+00 3.500000e+02 0.000000e+00 3
5.500000e+02 0.000000e+00 6.500000e+02 0.000000e+00 4.945467e-01 2.472734e-02
6.500000e+02 0.000000e+00 7.500000e+02 0.000000e+00 2.097156e-01 1.048578e-02
7.500000e+02 0.000000e+00 8.500000e+02 0.000000e+00 1.134150e-01 5.670749e-03

4.500000e+02 0.000000e+00 4.500000e+02 0.000000e+00 2
6.500000e+02 0.000000e+00 7.500000e+02 0.000000e+00 5.086115e-01 2.543057e-02
7.500000e+02 0.000000e+00 8.500000e+02 0.000000e+00 2.194227e-01 1.097113e-02

5.500000e+02 0.000000e+00 5.500000e+02 0.000000e+00 1
7.500000e+02 0.000000e+00 8.500000e+02 0.000000e+00 5.104329e-01 2.552164e-02

