 1.55871E-10
 4.40603E-10
 7.14357E-10
 9.71014E-10
 1.20574E-09
 1.41516E-09
 1.59741E-09
 1.75190E-09
 1.87915E-09
 1.98050E-09
 2.06543E-09
 2.13284E-09
 2.16927E-09
 2.07016E-09
 2.51748E-10
 7.08617E-10
 1.13977E-09
 1.53207E-09
 1.87655E-09
 2.16858E-09
 2.40727E-09
 2.59463E-09
 2.73455E-09
 2.83204E-09
 2.89710E-09
 2.92476E-09
 2.87513E-09
 2.59351E-09
 3.17921E-10
 8.92294E-10
 1.42753E-09
 1.90485E-09
 2.31288E-09
 2.64734E-09
 2.90955E-09
 3.10465E-09
 3.23991E-09
 3.32350E-09
 3.36520E-09
 3.35781E-09
 3.24528E-09
 2.85016E-09
 3.62429E-10
 1.01530E-09
 1.61871E-09
 2.14992E-09
 2.59625E-09
 2.95424E-09
 3.22728E-09
 3.42309E-09
 3.55147E-09
 3.62285E-09
 3.64668E-09
 3.61445E-09
 3.46013E-09
 2.99437E-09
 3.98856E-10
 1.11576E-09
 1.77423E-09
 2.34822E-09
 2.82412E-09
 3.19939E-09
 3.47936E-09
 3.67399E-09
 3.79532E-09
 3.85563E-09
 3.86405E-09
 3.81108E-09
 3.62287E-09
 3.10163E-09
 4.29575E-10
 1.20038E-09
 1.90497E-09
 2.51445E-09
 3.01449E-09
 3.40339E-09
 3.68823E-09
 3.88099E-09
 3.99560E-09
 4.04597E-09
 4.04094E-09
 3.97017E-09
 3.75344E-09
 3.18656E-09
 4.57318E-10
 1.27678E-09
 2.02294E-09
 2.66428E-09
 3.18580E-09
 3.58660E-09
 3.87536E-09
 4.06594E-09
 4.17401E-09
 4.21501E-09
 4.19748E-09
 4.11037E-09
 3.86779E-09
 3.26015E-09
 4.80875E-10
 1.34167E-09
 2.12316E-09
 2.79158E-09
 3.33131E-09
 3.74209E-09
 4.03399E-09
 4.22245E-09
 4.32469E-09
 4.35746E-09
 4.32905E-09
 4.22783E-09
 3.96310E-09
 3.32098E-09
 4.99299E-10
 1.39245E-09
 2.20164E-09
 2.89135E-09
 3.44541E-09
 3.86403E-09
 4.15832E-09
 4.34502E-09
 4.44256E-09
 4.46873E-09
 4.43164E-09
 4.31919E-09
 4.03695E-09
 3.36780E-09
 5.11931E-10
 1.42728E-09
 2.25553E-09
 2.95992E-09
 3.52388E-09
 3.94793E-09
 4.24389E-09
 4.42935E-09
 4.52360E-09
 4.54516E-09
 4.50202E-09
 4.38177E-09
 4.08740E-09
 3.39964E-09
 5.18372E-10
 1.44505E-09
 2.28304E-09
 2.99494E-09
 3.56400E-09
 3.99084E-09
 4.28765E-09
 4.47247E-09
 4.56503E-09
 4.58422E-09
 4.53796E-09
 4.41370E-09
 4.11310E-09
 3.41581E-09
 5.18436E-10
 1.44523E-09
 2.28331E-09
 2.99529E-09
 3.56440E-09
 3.99127E-09
 4.28809E-09
 4.47290E-09
 4.56545E-09
 4.58461E-09
 4.53832E-09
 4.41402E-09
 4.11335E-09
 3.41597E-09
 5.12122E-10
 1.42781E-09
 2.25635E-09
 2.96095E-09
 3.52507E-09
 3.94920E-09
 4.24518E-09
 4.43062E-09
 4.52482E-09
 4.54632E-09
 4.50308E-09
 4.38272E-09
 4.08816E-09
 3.40012E-09
 4.99610E-10
 1.39331E-09
 2.20297E-09
 2.89304E-09
 3.44734E-09
 3.86609E-09
 4.16043E-09
 4.34710E-09
 4.44455E-09
 4.47061E-09
 4.43337E-09
 4.32073E-09
 4.03819E-09
 3.36859E-09
 4.81297E-10
 1.34283E-09
 2.12496E-09
 2.79386E-09
 3.33391E-09
 3.74488E-09
 4.03683E-09
 4.22525E-09
 4.32738E-09
 4.36000E-09
 4.33140E-09
 4.22992E-09
 3.96479E-09
 3.32206E-09
 4.57834E-10
 1.27820E-09
 2.02513E-09
 2.66707E-09
 3.18898E-09
 3.59000E-09
 3.87883E-09
 4.06937E-09
 4.17731E-09
 4.21813E-09
 4.20037E-09
 4.11295E-09
 3.86989E-09
 3.26150E-09
 4.30163E-10
 1.20200E-09
 1.90748E-09
 2.51763E-09
 3.01812E-09
 3.40728E-09
 3.69221E-09
 3.88493E-09
 3.99940E-09
 4.04958E-09
 4.04428E-09
 3.97317E-09
 3.75590E-09
 3.18814E-09
 3.99490E-10
 1.11751E-09
 1.77694E-09
 2.35166E-09
 2.82807E-09
 3.20362E-09
 3.48370E-09
 3.67831E-09
 3.79949E-09
 3.85961E-09
 3.86776E-09
 3.81442E-09
 3.62562E-09
 3.10343E-09
 3.63082E-10
 1.01710E-09
 1.62151E-09
 2.15349E-09
 2.60036E-09
 2.95867E-09
 3.23186E-09
 3.42765E-09
 3.55591E-09
 3.62711E-09
 3.65067E-09
 3.61807E-09
 3.46314E-09
 2.99636E-09
 3.18556E-10
 8.94053E-10
 1.43027E-09
 1.90837E-09
 2.31697E-09
 2.65179E-09
 2.91418E-09
 3.10930E-09
 3.24448E-09
 3.32792E-09
 3.36936E-09
 3.36162E-09
 3.24849E-09
 2.85234E-09
 2.52293E-10
 7.10132E-10
 1.14216E-09
 1.53518E-09
 1.88022E-09
 2.17263E-09
 2.41155E-09
 2.59900E-09
 2.73891E-09
 2.83632E-09
 2.90121E-09
 2.92859E-09
 2.87844E-09
 2.59585E-09
 1.56211E-10
 4.41555E-10
 7.15879E-10
 9.73040E-10
 1.20819E-09
 1.41795E-09
 1.60045E-09
 1.75510E-09
 1.88245E-09
 1.98383E-09
 2.06873E-09
 2.13603E-09
 2.17219E-09
 2.07241E-09
 2.51748E-10
 7.08617E-10
 1.13977E-09
 1.53207E-09
 1.87655E-09
 2.16858E-09
 2.40727E-09
 2.59463E-09
 2.73455E-09
 2.83204E-09
 2.89710E-09
 2.92476E-09
 2.87513E-09
 2.59351E-09
 5.05165E-10
 1.40661E-09
 2.21824E-09
 2.90440E-09
 3.45105E-09
 3.86109E-09
 4.14770E-09
 4.32866E-09
 4.42272E-09
 4.44744E-09
 4.41062E-09
 4.30024E-09
 4.02305E-09
 3.36255E-09
 7.46467E-10
 2.05619E-09
 3.18288E-09
 4.07275E-09
 4.72230E-09
 5.15756E-09
 5.41575E-09
 5.53462E-09
 5.54767E-09
 5.48267E-09
 5.34285E-09
 5.11157E-09
 4.66144E-09
 3.75430E-09
 9.47772E-10
 2.58713E-09
 3.94570E-09
 4.96251E-09
 5.65535E-09
 6.07751E-09
 6.28891E-09
 6.34332E-09
 6.28461E-09
 6.14693E-09
 5.92887E-09
 5.61049E-09
 5.04267E-09
 3.97844E-09
 1.13123E-09
 3.06553E-09
 4.62101E-09
 5.73532E-09
 6.45129E-09
 6.84965E-09
 7.01129E-09
 7.00383E-09
 6.87961E-09
 6.67768E-09
 6.39216E-09
 6.00038E-09
 5.33593E-09
 4.14686E-09
 1.29169E-09
 3.48300E-09
 5.20799E-09
 6.40365E-09
 7.13562E-09
 7.50939E-09
 7.62454E-09
 7.56090E-09
 7.37818E-09
 7.11959E-09
 6.77531E-09
 6.32031E-09
 5.57390E-09
 4.28119E-09
 1.43412E-09
 3.85549E-09
 5.73536E-09
 7.00755E-09
 7.75609E-09
 8.10819E-09
 8.18069E-09
 8.06501E-09
 7.82799E-09
 7.51688E-09
 7.11828E-09
 6.60517E-09
 5.78408E-09
 4.39828E-09
 1.54947E-09
 4.15972E-09
 6.17145E-09
 7.51285E-09
 8.27989E-09
 8.61656E-09
 8.65419E-09
 8.49452E-09
 8.21095E-09
 7.85453E-09
 7.40899E-09
 6.84572E-09
 5.96047E-09
 4.49552E-09
 1.63477E-09
 4.38662E-09
 6.50089E-09
 7.89957E-09
 8.68511E-09
 9.01286E-09
 9.02506E-09
 8.83175E-09
 8.51184E-09
 8.11969E-09
 7.63698E-09
 7.03391E-09
 6.09785E-09
 4.57065E-09
 1.69050E-09
 4.53580E-09
 6.71971E-09
 8.15926E-09
 8.95981E-09
 9.28345E-09
 9.27950E-09
 9.06376E-09
 8.71912E-09
 8.30241E-09
 7.79398E-09
 7.16331E-09
 6.19204E-09
 4.62187E-09
 1.71802E-09
 4.60977E-09
 6.82889E-09
 8.28976E-09
 9.09872E-09
 9.42096E-09
 9.40926E-09
 9.18234E-09
 8.82517E-09
 8.39593E-09
 7.87432E-09
 7.22949E-09
 6.24012E-09
 4.64793E-09
 1.71829E-09
 4.61049E-09
 6.82997E-09
 8.29105E-09
 9.10010E-09
 9.42233E-09
 9.41055E-09
 9.18352E-09
 8.82623E-09
 8.39686E-09
 7.87512E-09
 7.23015E-09
 6.24060E-09
 4.64819E-09
 1.69132E-09
 4.53801E-09
 6.72296E-09
 8.16314E-09
 8.96392E-09
 9.28752E-09
 9.28334E-09
 9.06727E-09
 8.72225E-09
 8.30517E-09
 7.79635E-09
 7.16527E-09
 6.19346E-09
 4.62264E-09
 1.63617E-09
 4.39036E-09
 6.50635E-09
 7.90603E-09
 8.69190E-09
 9.01954E-09
 9.03133E-09
 8.83746E-09
 8.51693E-09
 8.12418E-09
 7.64084E-09
 7.03709E-09
 6.10017E-09
 4.57191E-09
 1.55147E-09
 4.16503E-09
 6.17911E-09
 7.52179E-09
 8.28921E-09
 8.62564E-09
 8.66267E-09
 8.50222E-09
 8.21782E-09
 7.86058E-09
 7.41420E-09
 6.85002E-09
 5.96361E-09
 4.49725E-09
 1.43671E-09
 3.86229E-09
 5.74505E-09
 7.01872E-09
 7.76761E-09
 8.11933E-09
 8.19105E-09
 8.07440E-09
 7.83636E-09
 7.52426E-09
 7.12465E-09
 6.61044E-09
 5.78795E-09
 4.40043E-09
 1.29475E-09
 3.49099E-09
 5.21925E-09
 6.41649E-09
 7.14878E-09
 7.52207E-09
 7.63632E-09
 7.57158E-09
 7.38772E-09
 7.12803E-09
 6.78260E-09
 6.32638E-09
 5.57840E-09
 4.28371E-09
 1.13453E-09
 3.07410E-09
 4.63305E-09
 5.74904E-09
 6.46535E-09
 6.86322E-09
 7.02394E-09
 7.01534E-09
 6.88994E-09
 6.68685E-09
 6.40014E-09
 6.00706E-09
 5.34092E-09
 4.14970E-09
 9.50945E-10
 2.59544E-09
 3.95749E-09
 4.97609E-09
 5.66943E-09
 6.09124E-09
 6.30182E-09
 6.35518E-09
 6.29534E-09
 6.15654E-09
 5.93729E-09
 5.61761E-09
 5.04806E-09
 3.98157E-09
 7.49135E-10
 2.06328E-09
 3.19320E-09
 4.08495E-09
 4.73526E-09
 5.17048E-09
 5.42813E-09
 5.54619E-09
 5.55828E-09
 5.49230E-09
 5.35140E-09
 5.11890E-09
 4.66709E-09
 3.75767E-09
 5.06931E-10
 1.41141E-09
 2.22549E-09
 2.91335E-09
 3.46099E-09
 3.87142E-09
 4.15798E-09
 4.33859E-09
 4.43211E-09
 4.45618E-09
 4.41859E-09
 4.30726E-09
 4.02867E-09
 3.36608E-09
 2.52506E-10
 7.10726E-10
 1.14309E-09
 1.53639E-09
 1.88164E-09
 2.17420E-09
 2.41321E-09
 2.60070E-09
 2.74060E-09
 2.83797E-09
 2.90279E-09
 2.93006E-09
 2.87971E-09
 2.59675E-09
 3.17921E-10
 8.92294E-10
 1.42753E-09
 1.90485E-09
 2.31288E-09
 2.64734E-09
 2.90955E-09
 3.10465E-09
 3.23991E-09
 3.32350E-09
 3.36520E-09
 3.35781E-09
 3.24528E-09
 2.85016E-09
 7.46467E-10
 2.05619E-09
 3.18288E-09
 4.07275E-09
 4.72230E-09
 5.15756E-09
 5.41575E-09
 5.53462E-09
 5.54767E-09
 5.48267E-09
 5.34285E-09
 5.11157E-09
 4.66144E-09
 3.75430E-09
 1.29171E-09
 3.46504E-09
 5.14440E-09
 6.28559E-09
 6.97294E-09
 7.31925E-09
 7.42332E-09
 7.36101E-09
 7.18775E-09
 6.94323E-09
 6.61719E-09
 6.18481E-09
 5.47111E-09
 4.22290E-09
 1.89608E-09
 4.92643E-09
 7.00084E-09
 8.20495E-09
 8.78803E-09
 8.96373E-09
 8.88072E-09
 8.63738E-09
 8.29832E-09
 7.90621E-09
 7.43631E-09
 6.85672E-09
 5.96113E-09
 4.49325E-09
 2.55536E-09
 6.44057E-09
 8.80913E-09
 9.98243E-09
 1.04068E-08
 1.03894E-08
 1.01167E-08
 9.70059E-09
 9.20959E-09
 8.68613E-09
 8.09133E-09
 7.38677E-09
 6.34081E-09
 4.69731E-09
 3.14630E-09
 7.79068E-09
 1.04099E-08
 1.15441E-08
 1.18182E-08
 1.16230E-08
 1.11779E-08
 1.06065E-08
 9.98027E-09
 9.34098E-09
 8.63707E-09
 7.82450E-09
 6.65049E-09
 4.86062E-09
 3.61753E-09
 8.90730E-09
 1.17876E-08
 1.29258E-08
 1.30871E-08
 1.27408E-08
 1.21422E-08
 1.14295E-08
 1.06788E-08
 9.93259E-09
 9.12796E-09
 8.21601E-09
 6.92504E-09
 5.00335E-09
 3.94709E-09
 9.72253E-09
 1.28480E-08
 1.40352E-08
 1.41351E-08
 1.36799E-08
 1.29600E-08
 1.21305E-08
 1.12746E-08
 1.04368E-08
 9.54538E-09
 8.54771E-09
 7.15615E-09
 5.12213E-09
 4.16194E-09
 1.02712E-08
 1.35936E-08
 1.48467E-08
 1.49245E-08
 1.44014E-08
 1.35960E-08
 1.26794E-08
 1.17426E-08
 1.08332E-08
 9.87336E-09
 8.80778E-09
 7.33654E-09
 5.21405E-09
 4.29039E-09
 1.06058E-08
 1.40618E-08
 1.53714E-08
 1.54472E-08
 1.48873E-08
 1.40291E-08
 1.30557E-08
 1.20646E-08
 1.11063E-08
 1.00994E-08
 8.98688E-09
 7.46040E-09
 5.27679E-09
 4.35067E-09
 1.07644E-08
 1.42875E-08
 1.56287E-08
 1.57074E-08
 1.51318E-08
 1.42487E-08
 1.32474E-08
 1.22291E-08
 1.12461E-08
 1.02152E-08
 9.07853E-09
 7.52369E-09
 5.30873E-09
 4.35125E-09
 1.07659E-08
 1.42897E-08
 1.56313E-08
 1.57100E-08
 1.51342E-08
 1.42509E-08
 1.32493E-08
 1.22308E-08
 1.12475E-08
 1.02163E-08
 9.07944E-09
 7.52432E-09
 5.30905E-09
 4.29222E-09
 1.06106E-08
 1.40686E-08
 1.53791E-08
 1.54550E-08
 1.48945E-08
 1.40356E-08
 1.30613E-08
 1.20694E-08
 1.11105E-08
 1.01029E-08
 8.98958E-09
 7.46227E-09
 5.27773E-09
 4.16527E-09
 1.02798E-08
 1.36056E-08
 1.48599E-08
 1.49376E-08
 1.44134E-08
 1.36067E-08
 1.26886E-08
 1.17505E-08
 1.08399E-08
 9.87891E-09
 8.81219E-09
 7.33959E-09
 5.21559E-09
 3.95240E-09
 9.73593E-09
 1.28659E-08
 1.40543E-08
 1.41534E-08
 1.36965E-08
 1.29746E-08
 1.21431E-08
 1.12853E-08
 1.04458E-08
 9.55287E-09
 8.55365E-09
 7.16027E-09
 5.12424E-09
 3.62545E-09
 8.92654E-09
 1.18120E-08
 1.29508E-08
 1.31104E-08
 1.27615E-08
 1.21602E-08
 1.14449E-08
 1.06919E-08
 9.94360E-09
 9.13708E-09
 8.22327E-09
 6.93012E-09
 5.00597E-09
 3.15713E-09
 7.81581E-09
 1.04402E-08
 1.15739E-08
 1.18453E-08
 1.16467E-08
 1.11983E-08
 1.06239E-08
 9.99506E-09
 9.35352E-09
 8.64749E-09
 7.83283E-09
 6.65635E-09
 4.86369E-09
 2.56771E-09
 6.46859E-09
 8.84212E-09
 1.00145E-08
 1.04357E-08
 1.04147E-08
 1.01385E-08
 9.71924E-09
 9.22549E-09
 8.69968E-09
 8.10265E-09
 7.39588E-09
 6.34729E-09
 4.70075E-09
 1.90677E-09
 4.95147E-09
 7.03142E-09
 8.23553E-09
 8.81623E-09
 8.98880E-09
 8.90262E-09
 8.65633E-09
 8.31466E-09
 7.92025E-09
 7.44817E-09
 6.86636E-09
 5.96809E-09
 4.49703E-09
 1.29882E-09
 3.48277E-09
 5.16786E-09
 6.31072E-09
 6.99735E-09
 7.34182E-09
 7.44364E-09
 7.37903E-09
 7.20358E-09
 6.95707E-09
 6.62906E-09
 6.19463E-09
 5.47835E-09
 4.22695E-09
 7.49969E-10
 2.06547E-09
 3.19632E-09
 4.08855E-09
 4.73899E-09
 5.17410E-09
 5.43153E-09
 5.54929E-09
 5.56109E-09
 5.49481E-09
 5.35360E-09
 5.12077E-09
 4.66851E-09
 3.75850E-09
 3.19049E-10
 8.95413E-10
 1.43238E-09
 1.91107E-09
 2.32008E-09
 2.65514E-09
 2.91764E-09
 3.11277E-09
 3.24787E-09
 3.33117E-09
 3.37242E-09
 3.36441E-09
 3.25083E-09
 2.85393E-09
 3.62429E-10
 1.01530E-09
 1.61871E-09
 2.14992E-09
 2.59625E-09
 2.95424E-09
 3.22728E-09
 3.42309E-09
 3.55147E-09
 3.62285E-09
 3.64668E-09
 3.61445E-09
 3.46013E-09
 2.99437E-09
 9.47772E-10
 2.58713E-09
 3.94570E-09
 4.96251E-09
 5.65535E-09
 6.07751E-09
 6.28891E-09
 6.34332E-09
 6.28461E-09
 6.14693E-09
 5.92887E-09
 5.61049E-09
 5.04267E-09
 3.97844E-09
 1.89608E-09
 4.92643E-09
 7.00084E-09
 8.20495E-09
 8.78803E-09
 8.96373E-09
 8.88072E-09
 8.63738E-09
 8.29832E-09
 7.90621E-09
 7.43631E-09
 6.85672E-09
 5.96113E-09
 4.49325E-09
 3.43075E-09
 8.09797E-09
 1.04118E-08
 1.13182E-08
 1.14849E-08
 1.12588E-08
 1.08229E-08
 1.02792E-08
 9.68750E-09
 9.08367E-09
 8.41714E-09
 7.64456E-09
 6.52103E-09
 4.79158E-09
 5.96299E-09
 1.22158E-08
 1.41089E-08
 1.43637E-08
 1.39675E-08
 1.32897E-08
 1.24940E-08
 1.16620E-08
 1.08375E-08
 1.00443E-08
 9.20627E-09
 8.26918E-09
 6.95651E-09
 5.01731E-09
 8.31470E-09
 1.59658E-08
 1.74225E-08
 1.70631E-08
 1.61477E-08
 1.50581E-08
 1.39371E-08
 1.28464E-08
 1.18146E-08
 1.08543E-08
 9.86629E-09
 8.78676E-09
 7.31268E-09
 5.19829E-09
 9.64784E-09
 1.85846E-08
 2.00858E-08
 1.93857E-08
 1.80857E-08
 1.66542E-08
 1.52478E-08
 1.39236E-08
 1.27021E-08
 1.15879E-08
 1.04614E-08
 9.25074E-09
 7.62908E-09
 5.35668E-09
 1.03491E-08
 2.01829E-08
 2.19567E-08
 2.11692E-08
 1.96520E-08
 1.79814E-08
 1.63543E-08
 1.48399E-08
 1.34592E-08
 1.22136E-08
 1.09682E-08
 9.64448E-09
 7.89582E-09
 5.48865E-09
 1.07356E-08
 2.11324E-08
 2.31746E-08
 2.24182E-08
 2.08043E-08
 1.89884E-08
 1.72095E-08
 1.55553E-08
 1.40533E-08
 1.27057E-08
 1.13667E-08
 9.95353E-09
 8.10426E-09
 5.59086E-09
 1.09460E-08
 2.16690E-08
 2.38999E-08
 2.31992E-08
 2.15522E-08
 1.96589E-08
 1.77883E-08
 1.60442E-08
 1.44615E-08
 1.30447E-08
 1.16414E-08
 1.01665E-08
 8.24749E-09
 5.66067E-09
 1.10401E-08
 2.19133E-08
 2.42392E-08
 2.35745E-08
 2.19198E-08
 1.99939E-08
 1.80806E-08
 1.62929E-08
 1.46700E-08
 1.32181E-08
 1.17821E-08
 1.02755E-08
 8.32070E-09
 5.69622E-09
 1.10410E-08
 2.19157E-08
 2.42425E-08
 2.35782E-08
 2.19234E-08
 1.99972E-08
 1.80835E-08
 1.62953E-08
 1.46720E-08
 1.32199E-08
 1.17835E-08
 1.02766E-08
 8.32143E-09
 5.69658E-09
 1.09489E-08
 2.16765E-08
 2.39103E-08
 2.32105E-08
 2.15632E-08
 1.96689E-08
 1.77970E-08
 1.60516E-08
 1.44677E-08
 1.30498E-08
 1.16456E-08
 1.01697E-08
 8.24965E-09
 5.66172E-09
 1.07412E-08
 2.11466E-08
 2.31935E-08
 2.24381E-08
 2.08231E-08
 1.90051E-08
 1.72238E-08
 1.55673E-08
 1.40633E-08
 1.27140E-08
 1.13734E-08
 9.95877E-09
 8.10778E-09
 5.59258E-09
 1.03592E-08
 2.02072E-08
 2.19869E-08
 2.11992E-08
 1.96791E-08
 1.80047E-08
 1.63740E-08
 1.48563E-08
 1.34727E-08
 1.22249E-08
 1.09773E-08
 9.65154E-09
 7.90059E-09
 5.49099E-09
 9.66657E-09
 1.86252E-08
 2.01308E-08
 1.94269E-08
 1.81209E-08
 1.66836E-08
 1.52721E-08
 1.39437E-08
 1.27187E-08
 1.16015E-08
 1.04725E-08
 9.25936E-09
 7.63493E-09
 5.35959E-09
 8.35083E-09
 1.60304E-08
 1.74834E-08
 1.71142E-08
 1.61894E-08
 1.50921E-08
 1.39649E-08
 1.28692E-08
 1.18334E-08
 1.08699E-08
 9.87891E-09
 8.79662E-09
 7.31943E-09
 5.20170E-09
 6.01683E-09
 1.22966E-08
 1.41780E-08
 1.44194E-08
 1.40122E-08
 1.33260E-08
 1.25236E-08
 1.16864E-08
 1.08576E-08
 1.00610E-08
 9.21995E-09
 8.27994E-09
 6.96396E-09
 5.02113E-09
 3.46462E-09
 8.16012E-09
 1.04720E-08
 1.13696E-08
 1.15277E-08
 1.12943E-08
 1.08523E-08
 1.03038E-08
 9.70804E-09
 9.10092E-09
 8.43139E-09
 7.65590E-09
 6.52899E-09
 4.79575E-09
 1.91072E-09
 4.96011E-09
 7.04095E-09
 8.24413E-09
 8.82347E-09
 8.99476E-09
 8.90752E-09
 8.66038E-09
 8.31801E-09
 7.92305E-09
 7.45047E-09
 6.86819E-09
 5.96938E-09
 4.49772E-09
 9.53129E-10
 2.60102E-09
 3.96512E-09
 4.98450E-09
 5.67776E-09
 6.09904E-09
 6.30889E-09
 6.36148E-09
 6.30090E-09
 6.16142E-09
 5.94149E-09
 5.62110E-09
 5.05066E-09
 3.98305E-09
 3.63838E-10
 1.01918E-09
 1.62470E-09
 2.15753E-09
 2.60496E-09
 2.96357E-09
 3.23686E-09
 3.43259E-09
 3.56069E-09
 3.63164E-09
 3.65488E-09
 3.62187E-09
 3.46628E-09
 2.99844E-09
 3.98856E-10
 1.11576E-09
 1.77423E-09
 2.34822E-09
 2.82412E-09
 3.19939E-09
 3.47936E-09
 3.67399E-09
 3.79532E-09
 3.85563E-09
 3.86405E-09
 3.81108E-09
 3.62287E-09
 3.10163E-09
 1.13123E-09
 3.06553E-09
 4.62101E-09
 5.73532E-09
 6.45129E-09
 6.84965E-09
 7.01129E-09
 7.00383E-09
 6.87961E-09
 6.67768E-09
 6.39216E-09
 6.00038E-09
 5.33593E-09
 4.14686E-09
 2.55536E-09
 6.44057E-09
 8.80913E-09
 9.98243E-09
 1.04068E-08
 1.03894E-08
 1.01167E-08
 9.70059E-09
 9.20959E-09
 8.68613E-09
 8.09133E-09
 7.38677E-09
 6.34081E-09
 4.69731E-09
 5.96299E-09
 1.22158E-08
 1.41089E-08
 1.43637E-08
 1.39675E-08
 1.32897E-08
 1.24940E-08
 1.16620E-08
 1.08375E-08
 1.00443E-08
 9.20627E-09
 8.26918E-09
 6.95651E-09
 5.01731E-09
 2.28917E-08
 2.19683E-08
 2.03921E-08
 1.88244E-08
 1.73170E-08
 1.58915E-08
 1.45594E-08
 1.33262E-08
 1.21930E-08
 1.11579E-08
 1.01071E-08
 8.97122E-09
 7.43670E-09
 5.25986E-09
 4.01502E-08
 3.10376E-08
 2.60708E-08
 2.27989E-08
 2.02711E-08
 1.81655E-08
 1.63491E-08
 1.47563E-08
 1.33485E-08
 1.20995E-08
 1.08624E-08
 9.55430E-09
 7.83019E-09
 5.45458E-09
 4.34243E-08
 3.61082E-08
 3.03537E-08
 2.61412E-08
 2.28733E-08
 2.02111E-08
 1.79735E-08
 1.60577E-08
 1.43991E-08
 1.29535E-08
 1.15446E-08
 1.00778E-08
 8.18021E-09
 5.62516E-09
 4.46462E-08
 3.86992E-08
 3.31398E-08
 2.86208E-08
 2.49426E-08
 2.18989E-08
 1.93402E-08
 1.71632E-08
 1.52952E-08
 1.36825E-08
 1.21260E-08
 1.05225E-08
 8.47561E-09
 5.76740E-09
 4.52281E-08
 4.00879E-08
 3.48484E-08
 3.03021E-08
 2.64390E-08
 2.31680E-08
 2.03914E-08
 1.80245E-08
 1.59979E-08
 1.42556E-08
 1.25834E-08
 1.08719E-08
 8.70663E-09
 5.87763E-09
 4.55230E-08
 4.08291E-08
 3.58272E-08
 3.13284E-08
 2.73966E-08
 2.40064E-08
 2.10999E-08
 1.86119E-08
 1.64803E-08
 1.46504E-08
 1.28989E-08
 1.11127E-08
 8.86545E-09
 5.95295E-09
 4.56505E-08
 4.11569E-08
 3.62752E-08
 3.18145E-08
 2.78630E-08
 2.44229E-08
 2.14565E-08
 1.89100E-08
 1.67264E-08
 1.48524E-08
 1.30604E-08
 1.12360E-08
 8.94666E-09
 5.99132E-09
 4.56517E-08
 4.11600E-08
 3.62795E-08
 3.18192E-08
 2.78675E-08
 2.44270E-08
 2.14601E-08
 1.89130E-08
 1.67289E-08
 1.48544E-08
 1.30620E-08
 1.12372E-08
 8.94747E-09
 5.99170E-09
 4.55270E-08
 4.08392E-08
 3.58409E-08
 3.13431E-08
 2.74106E-08
 2.40188E-08
 2.11105E-08
 1.86207E-08
 1.64876E-08
 1.46564E-08
 1.29037E-08
 1.11163E-08
 8.86785E-09
 5.95408E-09
 4.52362E-08
 4.01080E-08
 3.48742E-08
 3.03286E-08
 2.64632E-08
 2.31890E-08
 2.04090E-08
 1.80390E-08
 1.60098E-08
 1.42654E-08
 1.25912E-08
 1.08778E-08
 8.71053E-09
 5.87949E-09
 4.46622E-08
 3.87360E-08
 3.31831E-08
 2.86618E-08
 2.49781E-08
 2.19285E-08
 1.93644E-08
 1.71830E-08
 1.53113E-08
 1.36955E-08
 1.21365E-08
 1.05305E-08
 8.48090E-09
 5.76992E-09
 4.34603E-08
 3.61783E-08
 3.04229E-08
 2.61993E-08
 2.29202E-08
 2.02486E-08
 1.80036E-08
 1.60819E-08
 1.44187E-08
 1.29694E-08
 1.15573E-08
 1.00875E-08
 8.18669E-09
 5.62830E-09
 4.02634E-08
 3.11764E-08
 2.61724E-08
 2.28734E-08
 2.03275E-08
 1.82092E-08
 1.63836E-08
 1.47838E-08
 1.33707E-08
 1.21176E-08
 1.08769E-08
 9.56542E-09
 7.83765E-09
 5.45824E-09
 2.38420E-08
 2.21762E-08
 2.05120E-08
 1.89066E-08
 1.73776E-08
 1.59380E-08
 1.45960E-08
 1.33556E-08
 1.22168E-08
 1.11773E-08
 1.01227E-08
 8.98334E-09
 7.44492E-09
 5.26397E-09
 6.06374E-09
 1.23454E-08
 1.42078E-08
 1.44381E-08
 1.40248E-08
 1.33350E-08
 1.25303E-08
 1.16915E-08
 1.08616E-08
 1.00643E-08
 9.22251E-09
 8.28191E-09
 6.96529E-09
 5.02179E-09
 2.58052E-09
 6.49435E-09
 8.86791E-09
 1.00360E-08
 1.04528E-08
 1.04282E-08
 1.01493E-08
 9.72793E-09
 9.23257E-09
 8.70550E-09
 8.10738E-09
 7.39959E-09
 6.34986E-09
 4.70210E-09
 1.13848E-09
 3.08402E-09
 4.64622E-09
 5.76309E-09
 6.47888E-09
 6.87559E-09
 7.03493E-09
 7.02498E-09
 6.89832E-09
 6.69411E-09
 6.40632E-09
 6.01214E-09
 5.34464E-09
 4.15178E-09
 4.00507E-10
 1.12029E-09
 1.78120E-09
 2.35700E-09
 2.83410E-09
 3.21000E-09
 3.49015E-09
 3.68463E-09
 3.80556E-09
 3.86533E-09
 3.87304E-09
 3.81914E-09
 3.62948E-09
 3.10595E-09
 4.29575E-10
 1.20038E-09
 1.90497E-09
 2.51445E-09
 3.01449E-09
 3.40339E-09
 3.68823E-09
 3.88099E-09
 3.99560E-09
 4.04597E-09
 4.04094E-09
 3.97017E-09
 3.75344E-09
 3.18656E-09
 1.29169E-09
 3.48300E-09
 5.20799E-09
 6.40365E-09
 7.13562E-09
 7.50939E-09
 7.62454E-09
 7.56090E-09
 7.37818E-09
 7.11959E-09
 6.77531E-09
 6.32031E-09
 5.57390E-09
 4.28119E-09
 3.14630E-09
 7.79068E-09
 1.04099E-08
 1.15441E-08
 1.18182E-08
 1.16230E-08
 1.11779E-08
 1.06065E-08
 9.98027E-09
 9.34098E-09
 8.63707E-09
 7.82450E-09
 6.65049E-09
 4.86062E-09
 8.31470E-09
 1.59658E-08
 1.74225E-08
 1.70631E-08
 1.61477E-08
 1.50581E-08
 1.39371E-08
 1.28464E-08
 1.18146E-08
 1.08543E-08
 9.86629E-09
 8.78676E-09
 7.31268E-09
 5.19829E-09
 4.01502E-08
 3.10376E-08
 2.60708E-08
 2.27989E-08
 2.02711E-08
 1.81655E-08
 1.63491E-08
 1.47563E-08
 1.33485E-08
 1.20995E-08
 1.08624E-08
 9.55430E-09
 7.83019E-09
 5.45458E-09
 7.29837E-08
 4.51359E-08
 3.39141E-08
 2.79228E-08
 2.39163E-08
 2.08877E-08
 1.84440E-08
 1.64011E-08
 1.46586E-08
 1.31547E-08
 1.16993E-08
 1.01928E-08
 8.25485E-09
 5.66053E-09
 7.80945E-08
 5.24769E-08
 3.96697E-08
 3.21819E-08
 2.71109E-08
 2.33315E-08
 2.03445E-08
 1.78984E-08
 1.58508E-08
 1.41125E-08
 1.24560E-08
 1.07668E-08
 8.63300E-09
 5.84108E-09
 7.97935E-08
 5.59709E-08
 4.32814E-08
 3.52851E-08
 2.96280E-08
 2.53385E-08
 2.19399E-08
 1.91694E-08
 1.68677E-08
 1.49304E-08
 1.31013E-08
 1.12548E-08
 8.95239E-09
 5.99172E-09
 8.05518E-08
 5.77552E-08
 4.54301E-08
 3.73520E-08
 3.14298E-08
 2.68390E-08
 2.31634E-08
 2.01581E-08
 1.76647E-08
 1.55735E-08
 1.36092E-08
 1.16383E-08
 9.20230E-09
 6.10853E-09
 8.09224E-08
 5.86794E-08
 4.66350E-08
 3.85965E-08
 3.25731E-08
 2.78253E-08
 2.39855E-08
 2.08313E-08
 1.82114E-08
 1.60164E-08
 1.39594E-08
 1.19027E-08
 9.37419E-09
 6.18836E-09
 8.10796E-08
 5.90817E-08
 4.71798E-08
 3.91809E-08
 3.31269E-08
 2.83136E-08
 2.43986E-08
 2.11727E-08
 1.84902E-08
 1.62429E-08
 1.41388E-08
 1.20381E-08
 9.46210E-09
 6.22904E-09
 8.10811E-08
 5.90855E-08
 4.71850E-08
 3.91866E-08
 3.31323E-08
 2.83184E-08
 2.44027E-08
 2.11760E-08
 1.84929E-08
 1.62451E-08
 1.41405E-08
 1.20395E-08
 9.46297E-09
 6.22945E-09
 8.09273E-08
 5.86919E-08
 4.66517E-08
 3.86142E-08
 3.25898E-08
 2.78398E-08
 2.39978E-08
 2.08414E-08
 1.82197E-08
 1.60231E-08
 1.39647E-08
 1.19067E-08
 9.37678E-09
 6.18957E-09
 8.05621E-08
 5.77804E-08
 4.54621E-08
 3.73843E-08
 3.14589E-08
 2.68638E-08
 2.31838E-08
 2.01747E-08
 1.76781E-08
 1.55844E-08
 1.36178E-08
 1.16448E-08
 9.20653E-09
 6.11050E-09
 7.98148E-08
 5.60191E-08
 4.33366E-08
 3.53359E-08
 2.96709E-08
 2.53735E-08
 2.19682E-08
 1.91921E-08
 1.68859E-08
 1.49451E-08
 1.31129E-08
 1.12636E-08
 8.95810E-09
 5.99440E-09
 7.81464E-08
 5.25740E-08
 3.97608E-08
 3.22553E-08
 2.71683E-08
 2.33763E-08
 2.03797E-08
 1.79263E-08
 1.58731E-08
 1.41303E-08
 1.24701E-08
 1.07775E-08
 8.64000E-09
 5.84440E-09
 7.31711E-08
 4.53440E-08
 3.40529E-08
 2.80185E-08
 2.39857E-08
 2.09400E-08
 1.84844E-08
 1.64328E-08
 1.46838E-08
 1.31749E-08
 1.17153E-08
 1.02050E-08
 8.26291E-09
 5.66440E-09
 4.21364E-08
 3.13663E-08
 2.62374E-08
 2.29051E-08
 2.03459E-08
 1.82212E-08
 1.63920E-08
 1.47900E-08
 1.33754E-08
 1.21213E-08
 1.08797E-08
 9.56755E-09
 7.83905E-09
 5.45892E-09
 8.47970E-09
 1.61584E-08
 1.75566E-08
 1.71581E-08
 1.62180E-08
 1.51120E-08
 1.39794E-08
 1.28802E-08
 1.18419E-08
 1.08766E-08
 9.88422E-09
 8.80066E-09
 7.32213E-09
 5.20303E-09
 3.18110E-09
 7.86275E-09
 1.04855E-08
 1.16105E-08
 1.18737E-08
 1.16687E-08
 1.12155E-08
 1.06376E-08
 1.00061E-08
 9.36251E-09
 8.65473E-09
 7.83846E-09
 6.66022E-09
 4.86567E-09
 1.30063E-09
 3.50559E-09
 5.23833E-09
 6.43652E-09
 7.16778E-09
 7.53920E-09
 7.65136E-09
 7.58462E-09
 7.39896E-09
 7.13769E-09
 6.79076E-09
 6.33303E-09
 5.58321E-09
 4.28636E-09
 4.31437E-10
 1.20548E-09
 1.91278E-09
 2.52425E-09
 3.02556E-09
 3.41509E-09
 3.70007E-09
 3.89259E-09
 4.00670E-09
 4.05643E-09
 4.05058E-09
 3.97877E-09
 3.76043E-09
 3.19106E-09
 4.57318E-10
 1.27678E-09
 2.02294E-09
 2.66428E-09
 3.18580E-09
 3.58660E-09
 3.87536E-09
 4.06594E-09
 4.17401E-09
 4.21501E-09
 4.19748E-09
 4.11037E-09
 3.86779E-09
 3.26015E-09
 1.43412E-09
 3.85549E-09
 5.73536E-09
 7.00755E-09
 7.75609E-09
 8.10819E-09
 8.18069E-09
 8.06501E-09
 7.82799E-09
 7.51688E-09
 7.11828E-09
 6.60517E-09
 5.78408E-09
 4.39828E-09
 3.61753E-09
 8.90730E-09
 1.17876E-08
 1.29258E-08
 1.30871E-08
 1.27408E-08
 1.21422E-08
 1.14295E-08
 1.06788E-08
 9.93259E-09
 9.12796E-09
 8.21601E-09
 6.92504E-09
 5.00335E-09
 9.64784E-09
 1.85846E-08
 2.00858E-08
 1.93857E-08
 1.80857E-08
 1.66542E-08
 1.52478E-08
 1.39236E-08
 1.27021E-08
 1.15879E-08
 1.04614E-08
 9.25074E-09
 7.62908E-09
 5.35668E-09
 4.34243E-08
 3.61082E-08
 3.03537E-08
 2.61412E-08
 2.28733E-08
 2.02111E-08
 1.79735E-08
 1.60577E-08
 1.43991E-08
 1.29535E-08
 1.15446E-08
 1.00778E-08
 8.18021E-09
 5.62516E-09
 7.80945E-08
 5.24769E-08
 3.96697E-08
 3.21819E-08
 2.71109E-08
 2.33315E-08
 2.03445E-08
 1.78984E-08
 1.58508E-08
 1.41125E-08
 1.24560E-08
 1.07668E-08
 8.63300E-09
 5.84108E-09
 8.40234E-08
 6.11625E-08
 4.65028E-08
 3.71901E-08
 3.08181E-08
 2.61303E-08
 2.24951E-08
 1.95747E-08
 1.71728E-08
 1.51654E-08
 1.32807E-08
 1.13867E-08
 9.03654E-09
 6.03050E-09
 8.60436E-08
 6.53147E-08
 5.07704E-08
 4.08200E-08
 3.37280E-08
 2.84237E-08
 2.42983E-08
 2.09969E-08
 1.83004E-08
 1.60649E-08
 1.39845E-08
 1.19141E-08
 9.37759E-09
 6.18862E-09
 8.69414E-08
 6.74202E-08
 5.32896E-08
 4.32222E-08
 3.58016E-08
 3.01333E-08
 2.56788E-08
 2.21022E-08
 1.91838E-08
 1.67721E-08
 1.45384E-08
 1.23287E-08
 9.64458E-09
 6.31126E-09
 8.73763E-08
 6.85015E-08
 5.46918E-08
 4.46601E-08
 3.71118E-08
 3.12538E-08
 2.66048E-08
 2.28542E-08
 1.97895E-08
 1.72591E-08
 1.49205E-08
 1.26146E-08
 9.82827E-09
 6.39512E-09
 8.75595E-08
 6.89692E-08
 5.53225E-08
 4.53327E-08
 3.77446E-08
 3.18076E-08
 2.70695E-08
 2.32352E-08
 2.00982E-08
 1.75081E-08
 1.51162E-08
 1.27611E-08
 9.92223E-09
 6.43785E-09
 8.75612E-08
 6.89736E-08
 5.53285E-08
 4.53392E-08
 3.77508E-08
 3.18130E-08
 2.70741E-08
 2.32390E-08
 2.01013E-08
 1.75106E-08
 1.51181E-08
 1.27625E-08
 9.92316E-09
 6.43828E-09
 8.73820E-08
 6.85161E-08
 5.47112E-08
 4.46805E-08
 3.71309E-08
 3.12704E-08
 2.66186E-08
 2.28654E-08
 1.97986E-08
 1.72665E-08
 1.49263E-08
 1.26190E-08
 9.83104E-09
 6.39638E-09
 8.69536E-08
 6.74499E-08
 5.33271E-08
 4.32596E-08
 3.58349E-08
 3.01614E-08
 2.57018E-08
 2.21208E-08
 1.91987E-08
 1.67841E-08
 1.45478E-08
 1.23357E-08
 9.64910E-09
 6.31333E-09
 8.60690E-08
 6.53718E-08
 5.08353E-08
 4.08792E-08
 3.37776E-08
 2.84637E-08
 2.43302E-08
 2.10223E-08
 1.83206E-08
 1.60810E-08
 1.39971E-08
 1.19235E-08
 9.38369E-09
 6.19143E-09
 8.40850E-08
 6.12781E-08
 4.66108E-08
 3.72762E-08
 3.08846E-08
 2.61816E-08
 2.25349E-08
 1.96059E-08
 1.71974E-08
 1.51851E-08
 1.32960E-08
 1.13983E-08
 9.04402E-09
 6.03398E-09
 7.83070E-08
 5.27213E-08
 3.98346E-08
 3.22946E-08
 2.71916E-08
 2.33914E-08
 2.03902E-08
 1.79339E-08
 1.58788E-08
 1.41348E-08
 1.24734E-08
 1.07800E-08
 8.64160E-09
 5.84515E-09
 4.54547E-08
 3.64874E-08
 3.05515E-08
 2.62663E-08
 2.29603E-08
 2.02750E-08
 1.80221E-08
 1.60954E-08
 1.44289E-08
 1.29774E-08
 1.15634E-08
 1.00921E-08
 8.18966E-09
 5.62971E-09
 9.83563E-09
 1.88111E-08
 2.02450E-08
 1.94973E-08
 1.81672E-08
 1.67158E-08
 1.52955E-08
 1.39613E-08
 1.27323E-08
 1.16123E-08
 1.04809E-08
 9.26571E-09
 7.63914E-09
 5.36164E-09
 3.65882E-09
 8.99272E-09
 1.18766E-08
 1.30031E-08
 1.31509E-08
 1.27927E-08
 1.21845E-08
 1.14641E-08
 1.07073E-08
 9.95610E-09
 9.14709E-09
 8.23100E-09
 6.93537E-09
 5.00862E-09
 1.44450E-09
 3.88160E-09
 5.77019E-09
 7.04498E-09
 7.79236E-09
 8.14151E-09
 8.21040E-09
 8.09108E-09
 7.85066E-09
 7.53649E-09
 7.13491E-09
 6.61876E-09
 5.79393E-09
 4.40367E-09
 4.59371E-10
 1.28240E-09
 2.03151E-09
 2.67501E-09
 3.19787E-09
 3.59930E-09
 3.88814E-09
 4.07840E-09
 4.18589E-09
 4.22616E-09
 4.20770E-09
 4.11945E-09
 3.87511E-09
 3.26482E-09
 4.80875E-10
 1.34167E-09
 2.12316E-09
 2.79158E-09
 3.33131E-09
 3.74209E-09
 4.03399E-09
 4.22245E-09
 4.32469E-09
 4.35746E-09
 4.32905E-09
 4.22783E-09
 3.96310E-09
 3.32098E-09
 1.54947E-09
 4.15972E-09
 6.17145E-09
 7.51285E-09
 8.27989E-09
 8.61656E-09
 8.65419E-09
 8.49452E-09
 8.21095E-09
 7.85453E-09
 7.40899E-09
 6.84572E-09
 5.96047E-09
 4.49552E-09
 3.94709E-09
 9.72253E-09
 1.28480E-08
 1.40352E-08
 1.41351E-08
 1.36799E-08
 1.29600E-08
 1.21305E-08
 1.12746E-08
 1.04368E-08
 9.54538E-09
 8.54771E-09
 7.15615E-09
 5.12213E-09
 1.03491E-08
 2.01829E-08
 2.19567E-08
 2.11692E-08
 1.96520E-08
 1.79814E-08
 1.63543E-08
 1.48399E-08
 1.34592E-08
 1.22136E-08
 1.09682E-08
 9.64448E-09
 7.89582E-09
 5.48865E-09
 4.46462E-08
 3.86992E-08
 3.31398E-08
 2.86208E-08
 2.49426E-08
 2.18989E-08
 1.93402E-08
 1.71632E-08
 1.52952E-08
 1.36825E-08
 1.21260E-08
 1.05225E-08
 8.47561E-09
 5.76740E-09
 7.97935E-08
 5.59709E-08
 4.32814E-08
 3.52851E-08
 2.96280E-08
 2.53385E-08
 2.19399E-08
 1.91694E-08
 1.68677E-08
 1.49304E-08
 1.31013E-08
 1.12548E-08
 8.95239E-09
 5.99172E-09
 8.60436E-08
 6.53147E-08
 5.07704E-08
 4.08200E-08
 3.37280E-08
 2.84237E-08
 2.42983E-08
 2.09969E-08
 1.83004E-08
 1.60649E-08
 1.39845E-08
 1.19141E-08
 9.37759E-09
 6.18862E-09
 8.82416E-08
 6.98650E-08
 5.54812E-08
 4.48386E-08
 3.69459E-08
 3.09504E-08
 2.62750E-08
 2.25472E-08
 1.95225E-08
 1.70343E-08
 1.47385E-08
 1.24752E-08
 9.73714E-09
 6.35304E-09
 8.92328E-08
 7.21941E-08
 5.82723E-08
 4.74994E-08
 3.92373E-08
 3.28324E-08
 2.77873E-08
 2.37517E-08
 2.04798E-08
 1.77966E-08
 1.53320E-08
 1.29165E-08
 1.00187E-08
 6.48062E-09
 8.97152E-08
 7.33937E-08
 5.98272E-08
 4.90914E-08
 4.06840E-08
 3.40647E-08
 2.88011E-08
 2.45707E-08
 2.11361E-08
 1.83214E-08
 1.57415E-08
 1.32209E-08
 1.02125E-08
 6.56786E-09
 8.99186E-08
 7.39128E-08
 6.05264E-08
 4.98355E-08
 4.13820E-08
 3.46733E-08
 2.93095E-08
 2.49855E-08
 2.14705E-08
 1.85897E-08
 1.59512E-08
 1.33769E-08
 1.03116E-08
 6.61233E-09
 8.99205E-08
 7.39177E-08
 6.05331E-08
 4.98427E-08
 4.13888E-08
 3.46793E-08
 2.93146E-08
 2.49896E-08
 2.14738E-08
 1.85924E-08
 1.59533E-08
 1.33784E-08
 1.03126E-08
 6.61277E-09
 8.97216E-08
 7.34099E-08
 5.98487E-08
 4.91140E-08
 4.07050E-08
 3.40829E-08
 2.88162E-08
 2.45830E-08
 2.11460E-08
 1.83293E-08
 1.57477E-08
 1.32255E-08
 1.02154E-08
 6.56918E-09
 8.92463E-08
 7.22270E-08
 5.83138E-08
 4.75408E-08
 3.92742E-08
 3.28633E-08
 2.78126E-08
 2.37719E-08
 2.04960E-08
 1.78095E-08
 1.53421E-08
 1.29240E-08
 1.00235E-08
 6.48277E-09
 8.82694E-08
 6.99280E-08
 5.55530E-08
 4.49041E-08
 3.70006E-08
 3.09945E-08
 2.63100E-08
 2.25749E-08
 1.95444E-08
 1.70516E-08
 1.47520E-08
 1.24853E-08
 9.74357E-09
 6.35596E-09
 8.61100E-08
 6.54405E-08
 5.08893E-08
 4.09153E-08
 3.38015E-08
 2.84801E-08
 2.43419E-08
 2.10309E-08
 1.83271E-08
 1.60860E-08
 1.40009E-08
 1.19264E-08
 9.38547E-09
 6.19224E-09
 8.00142E-08
 5.62314E-08
 4.34615E-08
 3.54095E-08
 2.97172E-08
 2.54045E-08
 2.19900E-08
 1.92080E-08
 1.68980E-08
 1.49544E-08
 1.31200E-08
 1.12688E-08
 8.96145E-09
 5.99595E-09
 4.66870E-08
 3.90975E-08
 3.33548E-08
 2.87588E-08
 2.50388E-08
 2.19694E-08
 1.93934E-08
 1.72043E-08
 1.53275E-08
 1.37082E-08
 1.21462E-08
 1.05377E-08
 8.48556E-09
 5.77212E-09
 1.05446E-08
 2.04248E-08
 2.21307E-08
 2.12924E-08
 1.97420E-08
 1.80491E-08
 1.64066E-08
 1.48809E-08
 1.34918E-08
 1.22399E-08
 1.09890E-08
 9.66036E-09
 7.90639E-09
 5.49379E-09
 3.99199E-09
 9.81606E-09
 1.29462E-08
 1.41206E-08
 1.42053E-08
 1.37368E-08
 1.30061E-08
 1.21680E-08
 1.13052E-08
 1.04620E-08
 9.56577E-09
 8.56359E-09
 7.16699E-09
 5.12760E-09
 1.56091E-09
 4.18850E-09
 6.20980E-09
 7.55394E-09
 8.31956E-09
 8.65282E-09
 8.68636E-09
 8.52260E-09
 8.23523E-09
 7.87544E-09
 7.42663E-09
 6.86005E-09
 5.97078E-09
 4.50110E-09
 4.83090E-10
 1.34773E-09
 2.13239E-09
 2.80310E-09
 3.34423E-09
 3.75564E-09
 4.04758E-09
 4.23565E-09
 4.33724E-09
 4.36919E-09
 4.33978E-09
 4.23731E-09
 3.97071E-09
 3.32579E-09
 4.99299E-10
 1.39245E-09
 2.20164E-09
 2.89135E-09
 3.44541E-09
 3.86403E-09
 4.15832E-09
 4.34502E-09
 4.44256E-09
 4.46873E-09
 4.43164E-09
 4.31919E-09
 4.03695E-09
 3.36780E-09
 1.63477E-09
 4.38662E-09
 6.50089E-09
 7.89957E-09
 8.68511E-09
 9.01286E-09
 9.02506E-09
 8.83175E-09
 8.51184E-09
 8.11969E-09
 7.63698E-09
 7.03391E-09
 6.09785E-09
 4.57065E-09
 4.16194E-09
 1.02712E-08
 1.35936E-08
 1.48467E-08
 1.49245E-08
 1.44014E-08
 1.35960E-08
 1.26794E-08
 1.17426E-08
 1.08332E-08
 9.87336E-09
 8.80778E-09
 7.33654E-09
 5.21405E-09
 1.07356E-08
 2.11324E-08
 2.31746E-08
 2.24182E-08
 2.08043E-08
 1.89884E-08
 1.72095E-08
 1.55553E-08
 1.40533E-08
 1.27057E-08
 1.13667E-08
 9.95353E-09
 8.10426E-09
 5.59086E-09
 4.52281E-08
 4.00879E-08
 3.48484E-08
 3.03021E-08
 2.64390E-08
 2.31680E-08
 2.03914E-08
 1.80245E-08
 1.59979E-08
 1.42556E-08
 1.25834E-08
 1.08719E-08
 8.70663E-09
 5.87763E-09
 8.05518E-08
 5.77552E-08
 4.54301E-08
 3.73520E-08
 3.14298E-08
 2.68390E-08
 2.31634E-08
 2.01581E-08
 1.76647E-08
 1.55735E-08
 1.36092E-08
 1.16383E-08
 9.20230E-09
 6.10853E-09
 8.69414E-08
 6.74202E-08
 5.32896E-08
 4.32222E-08
 3.58016E-08
 3.01333E-08
 2.56788E-08
 2.21022E-08
 1.91838E-08
 1.67721E-08
 1.45384E-08
 1.23287E-08
 9.64458E-09
 6.31126E-09
 8.92328E-08
 7.21941E-08
 5.82723E-08
 4.74994E-08
 3.92373E-08
 3.28324E-08
 2.77873E-08
 2.37517E-08
 2.04798E-08
 1.77966E-08
 1.53320E-08
 1.29165E-08
 1.00187E-08
 6.48062E-09
 9.02809E-08
 7.46638E-08
 6.12432E-08
 5.03400E-08
 4.16868E-08
 3.48433E-08
 2.94005E-08
 2.50331E-08
 2.14951E-08
 1.86022E-08
 1.59569E-08
 1.33789E-08
 1.03118E-08
 6.61206E-09
 9.07949E-08
 7.59435E-08
 6.29045E-08
 5.20427E-08
 4.32342E-08
 3.61602E-08
 3.04817E-08
 2.59042E-08
 2.21910E-08
 1.91569E-08
 1.63880E-08
 1.36979E-08
 1.05135E-08
 6.70195E-09
 9.10124E-08
 7.64988E-08
 6.36528E-08
 5.28394E-08
 4.39811E-08
 3.68105E-08
 3.10239E-08
 2.63455E-08
 2.25456E-08
 1.94404E-08
 1.66088E-08
 1.38614E-08
 1.06167E-08
 6.74778E-09
 9.10145E-08
 7.65040E-08
 6.36600E-08
 5.28471E-08
 4.39884E-08
 3.68169E-08
 3.10292E-08
 2.63499E-08
 2.25491E-08
 1.94433E-08
 1.66110E-08
 1.38630E-08
 1.06177E-08
 6.74824E-09
 9.08017E-08
 7.59608E-08
 6.29275E-08
 5.20670E-08
 4.32567E-08
 3.61796E-08
 3.04978E-08
 2.59173E-08
 2.22015E-08
 1.91653E-08
 1.63946E-08
 1.37028E-08
 1.05165E-08
 6.70331E-09
 9.02952E-08
 7.46988E-08
 6.12875E-08
 5.03843E-08
 4.17262E-08
 3.48764E-08
 2.94274E-08
 2.50546E-08
 2.15122E-08
 1.86158E-08
 1.59675E-08
 1.33868E-08
 1.03167E-08
 6.61427E-09
 8.92621E-08
 7.22607E-08
 5.83486E-08
 4.75693E-08
 3.92958E-08
 3.28795E-08
 2.78247E-08
 2.37811E-08
 2.05030E-08
 1.78149E-08
 1.53463E-08
 1.29271E-08
 1.00254E-08
 6.48363E-09
 8.70101E-08
 6.75515E-08
 5.34149E-08
 4.33235E-08
 3.58800E-08
 3.01936E-08
 2.57253E-08
 2.21384E-08
 1.92121E-08
 1.67945E-08
 1.45558E-08
 1.23415E-08
 9.65278E-09
 6.31499E-09
 8.07757E-08
 5.80230E-08
 4.56184E-08
 3.74838E-08
 3.15248E-08
 2.69095E-08
 2.32168E-08
 2.01992E-08
 1.76968E-08
 1.55989E-08
 1.36288E-08
 1.16529E-08
 9.21172E-09
 6.11288E-09
 4.72726E-08
 4.04945E-08
 3.50725E-08
 3.04480E-08
 2.65414E-08
 2.32432E-08
 2.04482E-08
 1.80682E-08
 1.60322E-08
 1.42828E-08
 1.26046E-08
 1.08878E-08
 8.71696E-09
 5.88249E-09
 1.09342E-08
 2.13814E-08
 2.33567E-08
 2.25486E-08
 2.09001E-08
 1.90607E-08
 1.72651E-08
 1.55988E-08
 1.40878E-08
 1.27334E-08
 1.13885E-08
 9.97014E-09
 8.11524E-09
 5.59615E-09
 4.20875E-09
 1.03693E-08
 1.36974E-08
 1.49375E-08
 1.49994E-08
 1.44621E-08
 1.36450E-08
 1.27191E-08
 1.17749E-08
 1.08597E-08
 9.89474E-09
 8.82436E-09
 7.34779E-09
 5.21967E-09
 1.64693E-09
 4.41724E-09
 6.54174E-09
 7.94335E-09
 8.72733E-09
 9.05137E-09
 9.05914E-09
 8.86139E-09
 8.53739E-09
 8.14162E-09
 7.65541E-09
 7.04882E-09
 6.10852E-09
 4.57637E-09
 5.01640E-10
 1.39884E-09
 2.21138E-09
 2.90348E-09
 3.45899E-09
 3.87825E-09
 4.17255E-09
 4.35881E-09
 4.45564E-09
 4.48092E-09
 4.44276E-09
 4.32899E-09
 4.04478E-09
 3.37272E-09
 5.11931E-10
 1.42728E-09
 2.25553E-09
 2.95992E-09
 3.52388E-09
 3.94793E-09
 4.24389E-09
 4.42935E-09
 4.52360E-09
 4.54516E-09
 4.50202E-09
 4.38177E-09
 4.08740E-09
 3.39964E-09
 1.69050E-09
 4.53580E-09
 6.71971E-09
 8.15926E-09
 8.95981E-09
 9.28345E-09
 9.27950E-09
 9.06376E-09
 8.71912E-09
 8.30241E-09
 7.79398E-09
 7.16331E-09
 6.19204E-09
 4.62187E-09
 4.29039E-09
 1.06058E-08
 1.40618E-08
 1.53714E-08
 1.54472E-08
 1.48873E-08
 1.40291E-08
 1.30557E-08
 1.20646E-08
 1.11063E-08
 1.00994E-08
 8.98688E-09
 7.46040E-09
 5.27679E-09
 1.09460E-08
 2.16690E-08
 2.38999E-08
 2.31992E-08
 2.15522E-08
 1.96589E-08
 1.77883E-08
 1.60442E-08
 1.44615E-08
 1.30447E-08
 1.16414E-08
 1.01665E-08
 8.24749E-09
 5.66067E-09
 4.55230E-08
 4.08291E-08
 3.58272E-08
 3.13284E-08
 2.73966E-08
 2.40064E-08
 2.10999E-08
 1.86119E-08
 1.64803E-08
 1.46504E-08
 1.28989E-08
 1.11127E-08
 8.86545E-09
 5.95295E-09
 8.09224E-08
 5.86794E-08
 4.66350E-08
 3.85965E-08
 3.25731E-08
 2.78253E-08
 2.39855E-08
 2.08313E-08
 1.82114E-08
 1.60164E-08
 1.39594E-08
 1.19027E-08
 9.37419E-09
 6.18836E-09
 8.73763E-08
 6.85015E-08
 5.46918E-08
 4.46601E-08
 3.71118E-08
 3.12538E-08
 2.66048E-08
 2.28542E-08
 1.97895E-08
 1.72591E-08
 1.49205E-08
 1.26146E-08
 9.82827E-09
 6.39512E-09
 8.97152E-08
 7.33937E-08
 5.98272E-08
 4.90914E-08
 4.06840E-08
 3.40647E-08
 2.88011E-08
 2.45707E-08
 2.11361E-08
 1.83214E-08
 1.57415E-08
 1.32209E-08
 1.02125E-08
 6.56786E-09
 9.07949E-08
 7.59435E-08
 6.29045E-08
 5.20427E-08
 4.32342E-08
 3.61602E-08
 3.04817E-08
 2.59042E-08
 2.21910E-08
 1.91569E-08
 1.63880E-08
 1.36979E-08
 1.05135E-08
 6.70195E-09
 9.13277E-08
 7.72715E-08
 6.46312E-08
 5.38155E-08
 4.48469E-08
 3.75331E-08
 3.16082E-08
 2.68109E-08
 2.29142E-08
 1.97321E-08
 1.68341E-08
 1.40271E-08
 1.07207E-08
 6.79367E-09
 9.15539E-08
 7.78493E-08
 6.54106E-08
 5.46459E-08
 4.56259E-08
 3.82112E-08
 3.21732E-08
 2.72701E-08
 2.32826E-08
 2.00262E-08
 1.70625E-08
 1.41957E-08
 1.08267E-08
 6.84043E-09
 9.15560E-08
 7.78547E-08
 6.54181E-08
 5.46539E-08
 4.56335E-08
 3.82179E-08
 3.21788E-08
 2.72747E-08
 2.32863E-08
 2.00291E-08
 1.70648E-08
 1.41973E-08
 1.08278E-08
 6.84090E-09
 9.13348E-08
 7.72895E-08
 6.46552E-08
 5.38407E-08
 4.48704E-08
 3.75533E-08
 3.16250E-08
 2.68245E-08
 2.29251E-08
 1.97408E-08
 1.68408E-08
 1.40320E-08
 1.07238E-08
 6.79506E-09
 9.08097E-08
 7.59798E-08
 6.29504E-08
 5.20888E-08
 4.32753E-08
 3.61947E-08
 3.05097E-08
 2.59267E-08
 2.22088E-08
 1.91710E-08
 1.63990E-08
 1.37060E-08
 1.05186E-08
 6.70421E-09
 8.97453E-08
 7.34623E-08
 5.99060E-08
 4.91639E-08
 4.07448E-08
 3.41138E-08
 2.88399E-08
 2.46013E-08
 2.11602E-08
 1.83405E-08
 1.57563E-08
 1.32318E-08
 1.02193E-08
 6.57094E-09
 8.74460E-08
 6.86356E-08
 5.48206E-08
 4.47648E-08
 3.71933E-08
 3.13166E-08
 2.66533E-08
 2.28918E-08
 1.98189E-08
 1.72823E-08
 1.49385E-08
 1.26279E-08
 9.83669E-09
 6.39892E-09
 8.11478E-08
 5.89507E-08
 4.68276E-08
 3.87324E-08
 3.26718E-08
 2.78986E-08
 2.40411E-08
 2.08741E-08
 1.82448E-08
 1.60427E-08
 1.39798E-08
 1.19178E-08
 9.38386E-09
 6.19280E-09
 4.75690E-08
 4.12394E-08
 3.60559E-08
 3.14788E-08
 2.75028E-08
 2.40845E-08
 2.11589E-08
 1.86573E-08
 1.65159E-08
 1.46786E-08
 1.29208E-08
 1.11290E-08
 8.87606E-09
 5.95790E-09
 1.11461E-08
 2.19214E-08
 2.40863E-08
 2.33338E-08
 2.16517E-08
 1.97341E-08
 1.78462E-08
 1.60895E-08
 1.44974E-08
 1.30734E-08
 1.16640E-08
 1.01836E-08
 8.25875E-09
 5.66606E-09
 4.33819E-09
 1.07063E-08
 1.41688E-08
 1.54655E-08
 1.55251E-08
 1.49504E-08
 1.40800E-08
 1.30969E-08
 1.20981E-08
 1.11338E-08
 1.01215E-08
 9.00394E-09
 7.47193E-09
 5.28251E-09
 1.70309E-09
 4.56755E-09
 6.76212E-09
 8.20477E-09
 9.00371E-09
 9.32347E-09
 9.31487E-09
 9.09448E-09
 8.74555E-09
 8.32504E-09
 7.81296E-09
 7.17863E-09
 6.20295E-09
 4.62769E-09
 5.14356E-10
 1.43391E-09
 2.26561E-09
 2.97247E-09
 3.53792E-09
 3.96261E-09
 4.25856E-09
 4.44354E-09
 4.53704E-09
 4.55767E-09
 4.51341E-09
 4.39179E-09
 4.09538E-09
 3.40463E-09
 5.18372E-10
 1.44505E-09
 2.28304E-09
 2.99494E-09
 3.56400E-09
 3.99084E-09
 4.28765E-09
 4.47247E-09
 4.56503E-09
 4.58422E-09
 4.53796E-09
 4.41370E-09
 4.11310E-09
 3.41581E-09
 1.71802E-09
 4.60977E-09
 6.82889E-09
 8.28976E-09
 9.09872E-09
 9.42096E-09
 9.40926E-09
 9.18234E-09
 8.82517E-09
 8.39593E-09
 7.87432E-09
 7.22949E-09
 6.24012E-09
 4.64793E-09
 4.35067E-09
 1.07644E-08
 1.42875E-08
 1.56287E-08
 1.57074E-08
 1.51318E-08
 1.42487E-08
 1.32474E-08
 1.22291E-08
 1.12461E-08
 1.02152E-08
 9.07853E-09
 7.52369E-09
 5.30873E-09
 1.10401E-08
 2.19133E-08
 2.42392E-08
 2.35745E-08
 2.19198E-08
 1.99939E-08
 1.80806E-08
 1.62929E-08
 1.46700E-08
 1.32181E-08
 1.17821E-08
 1.02755E-08
 8.32070E-09
 5.69622E-09
 4.56505E-08
 4.11569E-08
 3.62752E-08
 3.18145E-08
 2.78630E-08
 2.44229E-08
 2.14565E-08
 1.89100E-08
 1.67264E-08
 1.48524E-08
 1.30604E-08
 1.12360E-08
 8.94666E-09
 5.99132E-09
 8.10796E-08
 5.90817E-08
 4.71798E-08
 3.91809E-08
 3.31269E-08
 2.83136E-08
 2.43986E-08
 2.11727E-08
 1.84902E-08
 1.62429E-08
 1.41388E-08
 1.20381E-08
 9.46210E-09
 6.22904E-09
 8.75595E-08
 6.89692E-08
 5.53225E-08
 4.53327E-08
 3.77446E-08
 3.18076E-08
 2.70695E-08
 2.32352E-08
 2.00982E-08
 1.75081E-08
 1.51162E-08
 1.27611E-08
 9.92223E-09
 6.43785E-09
 8.99186E-08
 7.39128E-08
 6.05264E-08
 4.98355E-08
 4.13820E-08
 3.46733E-08
 2.93095E-08
 2.49855E-08
 2.14705E-08
 1.85897E-08
 1.59512E-08
 1.33769E-08
 1.03116E-08
 6.61233E-09
 9.10124E-08
 7.64988E-08
 6.36528E-08
 5.28394E-08
 4.39811E-08
 3.68105E-08
 3.10239E-08
 2.63455E-08
 2.25456E-08
 1.94404E-08
 1.66088E-08
 1.38614E-08
 1.06167E-08
 6.74778E-09
 9.15539E-08
 7.78493E-08
 6.54106E-08
 5.46459E-08
 4.56259E-08
 3.82112E-08
 3.21732E-08
 2.72701E-08
 2.32826E-08
 2.00262E-08
 1.70625E-08
 1.41957E-08
 1.08267E-08
 6.84043E-09
 9.17842E-08
 7.84377E-08
 6.62050E-08
 5.54927E-08
 4.64206E-08
 3.89032E-08
 3.27497E-08
 2.77385E-08
 2.36581E-08
 2.03256E-08
 1.72948E-08
 1.43669E-08
 1.09342E-08
 6.88767E-09
 9.17864E-08
 7.84433E-08
 6.62126E-08
 5.55009E-08
 4.64284E-08
 3.89100E-08
 3.27554E-08
 2.77431E-08
 2.36618E-08
 2.03286E-08
 1.72971E-08
 1.43686E-08
 1.09353E-08
 6.88814E-09
 9.15611E-08
 7.78675E-08
 6.54351E-08
 5.46716E-08
 4.56498E-08
 3.82319E-08
 3.21904E-08
 2.72840E-08
 2.32937E-08
 2.00351E-08
 1.70693E-08
 1.42007E-08
 1.08299E-08
 6.84183E-09
 9.10275E-08
 7.65356E-08
 6.36996E-08
 5.28863E-08
 4.40230E-08
 3.68457E-08
 3.10525E-08
 2.63683E-08
 2.25638E-08
 1.94548E-08
 1.66199E-08
 1.38696E-08
 1.06218E-08
 6.75006E-09
 8.99491E-08
 7.39822E-08
 6.06064E-08
 4.99093E-08
 4.14440E-08
 3.47233E-08
 2.93492E-08
 2.50167E-08
 2.14951E-08
 1.86091E-08
 1.59662E-08
 1.33879E-08
 1.03186E-08
 6.61544E-09
 8.76297E-08
 6.91044E-08
 5.54529E-08
 4.54391E-08
 3.78276E-08
 3.18716E-08
 2.71190E-08
 2.32736E-08
 2.01282E-08
 1.75317E-08
 1.51344E-08
 1.27745E-08
 9.93076E-09
 6.44169E-09
 8.13055E-08
 5.93544E-08
 4.73743E-08
 3.93187E-08
 3.32272E-08
 2.83884E-08
 2.44553E-08
 2.12163E-08
 1.85241E-08
 1.62696E-08
 1.41594E-08
 1.20535E-08
 9.47190E-09
 6.23352E-09
 4.76971E-08
 4.15688E-08
 3.65059E-08
 3.19669E-08
 2.79710E-08
 2.45025E-08
 2.15168E-08
 1.89564E-08
 1.67627E-08
 1.48810E-08
 1.30827E-08
 1.12526E-08
 8.95741E-09
 5.99632E-09
 1.12408E-08
 2.21672E-08
 2.44274E-08
 2.37111E-08
 2.20210E-08
 2.00705E-08
 1.81396E-08
 1.63390E-08
 1.47065E-08
 1.32473E-08
 1.18051E-08
 1.02929E-08
 8.33211E-09
 5.70166E-09
 4.39889E-09
 1.08661E-08
 1.43959E-08
 1.57244E-08
 1.57867E-08
 1.51962E-08
 1.43007E-08
 1.32895E-08
 1.22633E-08
 1.12741E-08
 1.02376E-08
 9.09584E-09
 7.53537E-09
 5.31451E-09
 1.73081E-09
 4.64205E-09
 6.87206E-09
 8.33611E-09
 9.14346E-09
 9.46174E-09
 9.44529E-09
 9.21360E-09
 8.85205E-09
 8.41892E-09
 7.89358E-09
 7.24501E-09
 6.25116E-09
 4.65380E-09
 5.20840E-10
 1.45179E-09
 2.29329E-09
 3.00771E-09
 3.57827E-09
 4.00575E-09
 4.30254E-09
 4.48688E-09
 4.57865E-09
 4.59690E-09
 4.54949E-09
 4.42383E-09
 4.12116E-09
 3.42084E-09
 5.18436E-10
 1.44523E-09
 2.28331E-09
 2.99529E-09
 3.56440E-09
 3.99127E-09
 4.28809E-09
 4.47290E-09
 4.56545E-09
 4.58461E-09
 4.53832E-09
 4.41402E-09
 4.11335E-09
 3.41597E-09
 1.71829E-09
 4.61049E-09
 6.82997E-09
 8.29105E-09
 9.10010E-09
 9.42233E-09
 9.41055E-09
 9.18352E-09
 8.82623E-09
 8.39686E-09
 7.87512E-09
 7.23015E-09
 6.24060E-09
 4.64819E-09
 4.35125E-09
 1.07659E-08
 1.42897E-08
 1.56313E-08
 1.57100E-08
 1.51342E-08
 1.42509E-08
 1.32493E-08
 1.22308E-08
 1.12475E-08
 1.02163E-08
 9.07944E-09
 7.52432E-09
 5.30905E-09
 1.10410E-08
 2.19157E-08
 2.42425E-08
 2.35782E-08
 2.19234E-08
 1.99972E-08
 1.80835E-08
 1.62953E-08
 1.46720E-08
 1.32199E-08
 1.17835E-08
 1.02766E-08
 8.32143E-09
 5.69658E-09
 4.56517E-08
 4.11600E-08
 3.62795E-08
 3.18192E-08
 2.78675E-08
 2.44270E-08
 2.14601E-08
 1.89130E-08
 1.67289E-08
 1.48544E-08
 1.30620E-08
 1.12372E-08
 8.94747E-09
 5.99170E-09
 8.10811E-08
 5.90855E-08
 4.71850E-08
 3.91866E-08
 3.31323E-08
 2.83184E-08
 2.44027E-08
 2.11760E-08
 1.84929E-08
 1.62451E-08
 1.41405E-08
 1.20395E-08
 9.46297E-09
 6.22945E-09
 8.75612E-08
 6.89736E-08
 5.53285E-08
 4.53392E-08
 3.77508E-08
 3.18130E-08
 2.70741E-08
 2.32390E-08
 2.01013E-08
 1.75106E-08
 1.51181E-08
 1.27625E-08
 9.92316E-09
 6.43828E-09
 8.99205E-08
 7.39177E-08
 6.05331E-08
 4.98427E-08
 4.13888E-08
 3.46793E-08
 2.93146E-08
 2.49896E-08
 2.14738E-08
 1.85924E-08
 1.59533E-08
 1.33784E-08
 1.03126E-08
 6.61277E-09
 9.10145E-08
 7.65040E-08
 6.36600E-08
 5.28471E-08
 4.39884E-08
 3.68169E-08
 3.10292E-08
 2.63499E-08
 2.25491E-08
 1.94433E-08
 1.66110E-08
 1.38630E-08
 1.06177E-08
 6.74824E-09
 9.15560E-08
 7.78547E-08
 6.54181E-08
 5.46539E-08
 4.56335E-08
 3.82179E-08
 3.21788E-08
 2.72747E-08
 2.32863E-08
 2.00291E-08
 1.70648E-08
 1.41973E-08
 1.08278E-08
 6.84090E-09
 9.17864E-08
 7.84433E-08
 6.62126E-08
 5.55009E-08
 4.64284E-08
 3.89100E-08
 3.27554E-08
 2.77431E-08
 2.36618E-08
 2.03286E-08
 1.72971E-08
 1.43686E-08
 1.09353E-08
 6.88814E-09
 9.17885E-08
 7.84488E-08
 6.62201E-08
 5.55091E-08
 4.64361E-08
 3.89168E-08
 3.27611E-08
 2.77478E-08
 2.36656E-08
 2.03316E-08
 1.72994E-08
 1.43703E-08
 1.09363E-08
 6.88861E-09
 9.15632E-08
 7.78730E-08
 6.54425E-08
 5.46796E-08
 4.56574E-08
 3.82385E-08
 3.21960E-08
 2.72886E-08
 2.32974E-08
 2.00380E-08
 1.70716E-08
 1.42024E-08
 1.08309E-08
 6.84230E-09
 9.10295E-08
 7.65409E-08
 6.37067E-08
 5.28940E-08
 4.40303E-08
 3.68521E-08
 3.10578E-08
 2.63727E-08
 2.25673E-08
 1.94577E-08
 1.66221E-08
 1.38712E-08
 1.06229E-08
 6.75052E-09
 8.99510E-08
 7.39871E-08
 6.06131E-08
 4.99165E-08
 4.14508E-08
 3.47293E-08
 2.93542E-08
 2.50208E-08
 2.14984E-08
 1.86118E-08
 1.59683E-08
 1.33895E-08
 1.03196E-08
 6.61588E-09
 8.76315E-08
 6.91089E-08
 5.54589E-08
 4.54456E-08
 3.78338E-08
 3.18771E-08
 2.71236E-08
 2.32773E-08
 2.01313E-08
 1.75342E-08
 1.51364E-08
 1.27760E-08
 9.93170E-09
 6.44212E-09
 8.13070E-08
 5.93582E-08
 4.73795E-08
 3.93244E-08
 3.32326E-08
 2.83932E-08
 2.44594E-08
 2.12197E-08
 1.85269E-08
 1.62719E-08
 1.41612E-08
 1.20548E-08
 9.47277E-09
 6.23393E-09
 4.76983E-08
 4.15719E-08
 3.65102E-08
 3.19716E-08
 2.79756E-08
 2.45066E-08
 2.15203E-08
 1.89594E-08
 1.67651E-08
 1.48830E-08
 1.30843E-08
 1.12538E-08
 8.95822E-09
 5.99670E-09
 1.12417E-08
 2.21695E-08
 2.44307E-08
 2.37147E-08
 2.20246E-08
 2.00738E-08
 1.81426E-08
 1.63415E-08
 1.47085E-08
 1.32490E-08
 1.18065E-08
 1.02939E-08
 8.33284E-09
 5.70202E-09
 4.39948E-09
 1.08676E-08
 1.43981E-08
 1.57269E-08
 1.57892E-08
 1.51986E-08
 1.43029E-08
 1.32914E-08
 1.22649E-08
 1.12755E-08
 1.02388E-08
 9.09675E-09
 7.53600E-09
 5.31483E-09
 1.73109E-09
 4.64278E-09
 6.87315E-09
 8.33741E-09
 9.14484E-09
 9.46312E-09
 9.44658E-09
 9.21479E-09
 8.85311E-09
 8.41986E-09
 7.89439E-09
 7.24567E-09
 6.25164E-09
 4.65406E-09
 5.20904E-10
 1.45197E-09
 2.29356E-09
 3.00806E-09
 3.57867E-09
 4.00618E-09
 4.30298E-09
 4.48731E-09
 4.57907E-09
 4.59729E-09
 4.54985E-09
 4.42415E-09
 4.12142E-09
 3.42100E-09
 5.12122E-10
 1.42781E-09
 2.25635E-09
 2.96095E-09
 3.52507E-09
 3.94920E-09
 4.24518E-09
 4.43062E-09
 4.52482E-09
 4.54632E-09
 4.50308E-09
 4.38272E-09
 4.08816E-09
 3.40012E-09
 1.69132E-09
 4.53801E-09
 6.72296E-09
 8.16314E-09
 8.96392E-09
 9.28752E-09
 9.28334E-09
 9.06727E-09
 8.72225E-09
 8.30517E-09
 7.79635E-09
 7.16527E-09
 6.19346E-09
 4.62264E-09
 4.29222E-09
 1.06106E-08
 1.40686E-08
 1.53791E-08
 1.54550E-08
 1.48945E-08
 1.40356E-08
 1.30613E-08
 1.20694E-08
 1.11105E-08
 1.01029E-08
 8.98958E-09
 7.46227E-09
 5.27773E-09
 1.09489E-08
 2.16765E-08
 2.39103E-08
 2.32105E-08
 2.15632E-08
 1.96689E-08
 1.77970E-08
 1.60516E-08
 1.44677E-08
 1.30498E-08
 1.16456E-08
 1.01697E-08
 8.24965E-09
 5.66172E-09
 4.55270E-08
 4.08392E-08
 3.58409E-08
 3.13431E-08
 2.74106E-08
 2.40188E-08
 2.11105E-08
 1.86207E-08
 1.64876E-08
 1.46564E-08
 1.29037E-08
 1.11163E-08
 8.86785E-09
 5.95408E-09
 8.09273E-08
 5.86919E-08
 4.66517E-08
 3.86142E-08
 3.25898E-08
 2.78398E-08
 2.39978E-08
 2.08414E-08
 1.82197E-08
 1.60231E-08
 1.39647E-08
 1.19067E-08
 9.37678E-09
 6.18957E-09
 8.73820E-08
 6.85161E-08
 5.47112E-08
 4.46805E-08
 3.71309E-08
 3.12704E-08
 2.66186E-08
 2.28654E-08
 1.97986E-08
 1.72665E-08
 1.49263E-08
 1.26190E-08
 9.83104E-09
 6.39638E-09
 8.97216E-08
 7.34099E-08
 5.98487E-08
 4.91140E-08
 4.07050E-08
 3.40829E-08
 2.88162E-08
 2.45830E-08
 2.11460E-08
 1.83293E-08
 1.57477E-08
 1.32255E-08
 1.02154E-08
 6.56918E-09
 9.08017E-08
 7.59608E-08
 6.29275E-08
 5.20670E-08
 4.32567E-08
 3.61796E-08
 3.04978E-08
 2.59173E-08
 2.22015E-08
 1.91653E-08
 1.63946E-08
 1.37028E-08
 1.05165E-08
 6.70331E-09
 9.13348E-08
 7.72895E-08
 6.46552E-08
 5.38407E-08
 4.48704E-08
 3.75533E-08
 3.16250E-08
 2.68245E-08
 2.29251E-08
 1.97408E-08
 1.68408E-08
 1.40320E-08
 1.07238E-08
 6.79506E-09
 9.15611E-08
 7.78675E-08
 6.54351E-08
 5.46716E-08
 4.56498E-08
 3.82319E-08
 3.21904E-08
 2.72840E-08
 2.32937E-08
 2.00351E-08
 1.70693E-08
 1.42007E-08
 1.08299E-08
 6.84183E-09
 9.15632E-08
 7.78730E-08
 6.54425E-08
 5.46796E-08
 4.56574E-08
 3.82385E-08
 3.21960E-08
 2.72886E-08
 2.32974E-08
 2.00380E-08
 1.70716E-08
 1.42024E-08
 1.08309E-08
 6.84230E-09
 9.13419E-08
 7.73074E-08
 6.46792E-08
 5.38660E-08
 4.48939E-08
 3.75736E-08
 3.16418E-08
 2.68381E-08
 2.29360E-08
 1.97495E-08
 1.68476E-08
 1.40370E-08
 1.07269E-08
 6.79644E-09
 9.08165E-08
 7.59971E-08
 6.29735E-08
 5.21130E-08
 4.32978E-08
 3.62141E-08
 3.05258E-08
 2.59398E-08
 2.22193E-08
 1.91794E-08
 1.64055E-08
 1.37109E-08
 1.05216E-08
 6.70557E-09
 8.97517E-08
 7.34785E-08
 5.99276E-08
 4.91866E-08
 4.07659E-08
 3.41320E-08
 2.88551E-08
 2.46136E-08
 2.11701E-08
 1.83484E-08
 1.57625E-08
 1.32364E-08
 1.02223E-08
 6.57225E-09
 8.74518E-08
 6.86502E-08
 5.48401E-08
 4.47853E-08
 3.72124E-08
 3.13332E-08
 2.66671E-08
 2.29031E-08
 1.98281E-08
 1.72897E-08
 1.49442E-08
 1.26322E-08
 9.83946E-09
 6.40018E-09
 8.11527E-08
 5.89632E-08
 4.68444E-08
 3.87502E-08
 3.26885E-08
 2.79133E-08
 2.40534E-08
 2.08842E-08
 1.82530E-08
 1.60494E-08
 1.39851E-08
 1.19218E-08
 9.38646E-09
 6.19400E-09
 4.75730E-08
 4.12496E-08
 3.60697E-08
 3.14935E-08
 2.75169E-08
 2.40970E-08
 2.11695E-08
 1.86662E-08
 1.65232E-08
 1.46845E-08
 1.29256E-08
 1.11327E-08
 8.87846E-09
 5.95904E-09
 1.11490E-08
 2.19290E-08
 2.40966E-08
 2.33452E-08
 2.16628E-08
 1.97441E-08
 1.78549E-08
 1.60969E-08
 1.45036E-08
 1.30785E-08
 1.16682E-08
 1.01868E-08
 8.26092E-09
 5.66711E-09
 4.34004E-09
 1.07112E-08
 1.41756E-08
 1.54733E-08
 1.55329E-08
 1.49577E-08
 1.40866E-08
 1.31026E-08
 1.21030E-08
 1.11379E-08
 1.01249E-08
 9.00665E-09
 7.47381E-09
 5.28346E-09
 1.70392E-09
 4.56977E-09
 6.76540E-09
 8.20868E-09
 9.00785E-09
 9.32756E-09
 9.31873E-09
 9.09800E-09
 8.74869E-09
 8.32781E-09
 7.81534E-09
 7.18059E-09
 6.20438E-09
 4.62846E-09
 5.14548E-10
 1.43443E-09
 2.26643E-09
 2.97351E-09
 3.53912E-09
 3.96389E-09
 4.25986E-09
 4.44482E-09
 4.53826E-09
 4.55883E-09
 4.51447E-09
 4.39274E-09
 4.09615E-09
 3.40511E-09
 4.99610E-10
 1.39331E-09
 2.20297E-09
 2.89304E-09
 3.44734E-09
 3.86609E-09
 4.16043E-09
 4.34710E-09
 4.44455E-09
 4.47061E-09
 4.43337E-09
 4.32073E-09
 4.03819E-09
 3.36859E-09
 1.63617E-09
 4.39036E-09
 6.50635E-09
 7.90603E-09
 8.69190E-09
 9.01954E-09
 9.03133E-09
 8.83746E-09
 8.51693E-09
 8.12418E-09
 7.64084E-09
 7.03709E-09
 6.10017E-09
 4.57191E-09
 4.16527E-09
 1.02798E-08
 1.36056E-08
 1.48599E-08
 1.49376E-08
 1.44134E-08
 1.36067E-08
 1.26886E-08
 1.17505E-08
 1.08399E-08
 9.87891E-09
 8.81219E-09
 7.33959E-09
 5.21559E-09
 1.07412E-08
 2.11466E-08
 2.31935E-08
 2.24381E-08
 2.08231E-08
 1.90051E-08
 1.72238E-08
 1.55673E-08
 1.40633E-08
 1.27140E-08
 1.13734E-08
 9.95877E-09
 8.10778E-09
 5.59258E-09
 4.52362E-08
 4.01080E-08
 3.48742E-08
 3.03286E-08
 2.64632E-08
 2.31890E-08
 2.04090E-08
 1.80390E-08
 1.60098E-08
 1.42654E-08
 1.25912E-08
 1.08778E-08
 8.71053E-09
 5.87949E-09
 8.05621E-08
 5.77804E-08
 4.54621E-08
 3.73843E-08
 3.14589E-08
 2.68638E-08
 2.31838E-08
 2.01747E-08
 1.76781E-08
 1.55844E-08
 1.36178E-08
 1.16448E-08
 9.20653E-09
 6.11050E-09
 8.69536E-08
 6.74499E-08
 5.33271E-08
 4.32596E-08
 3.58349E-08
 3.01614E-08
 2.57018E-08
 2.21208E-08
 1.91987E-08
 1.67841E-08
 1.45478E-08
 1.23357E-08
 9.64910E-09
 6.31333E-09
 8.92463E-08
 7.22270E-08
 5.83138E-08
 4.75408E-08
 3.92742E-08
 3.28633E-08
 2.78126E-08
 2.37719E-08
 2.04960E-08
 1.78095E-08
 1.53421E-08
 1.29240E-08
 1.00235E-08
 6.48277E-09
 9.02952E-08
 7.46988E-08
 6.12875E-08
 5.03843E-08
 4.17262E-08
 3.48764E-08
 2.94274E-08
 2.50546E-08
 2.15122E-08
 1.86158E-08
 1.59675E-08
 1.33868E-08
 1.03167E-08
 6.61427E-09
 9.08097E-08
 7.59798E-08
 6.29504E-08
 5.20888E-08
 4.32753E-08
 3.61947E-08
 3.05097E-08
 2.59267E-08
 2.22088E-08
 1.91710E-08
 1.63990E-08
 1.37060E-08
 1.05186E-08
 6.70421E-09
 9.10275E-08
 7.65356E-08
 6.36996E-08
 5.28863E-08
 4.40230E-08
 3.68457E-08
 3.10525E-08
 2.63683E-08
 2.25638E-08
 1.94548E-08
 1.66199E-08
 1.38696E-08
 1.06218E-08
 6.75006E-09
 9.10295E-08
 7.65409E-08
 6.37067E-08
 5.28940E-08
 4.40303E-08
 3.68521E-08
 3.10578E-08
 2.63727E-08
 2.25673E-08
 1.94577E-08
 1.66221E-08
 1.38712E-08
 1.06229E-08
 6.75052E-09
 9.08165E-08
 7.59971E-08
 6.29735E-08
 5.21130E-08
 4.32978E-08
 3.62141E-08
 3.05258E-08
 2.59398E-08
 2.22193E-08
 1.91794E-08
 1.64055E-08
 1.37109E-08
 1.05216E-08
 6.70557E-09
 9.03095E-08
 7.47338E-08
 6.13318E-08
 5.04286E-08
 4.17657E-08
 3.49095E-08
 2.94543E-08
 2.50762E-08
 2.15294E-08
 1.86295E-08
 1.59781E-08
 1.33946E-08
 1.03217E-08
 6.61649E-09
 8.92756E-08
 7.22936E-08
 5.83902E-08
 4.76108E-08
 3.93328E-08
 3.29105E-08
 2.78499E-08
 2.38014E-08
 2.05192E-08
 1.78279E-08
 1.53564E-08
 1.29346E-08
 1.00302E-08
 6.48578E-09
 8.70223E-08
 6.75812E-08
 5.34525E-08
 4.33609E-08
 3.59135E-08
 3.02218E-08
 2.57484E-08
 2.21570E-08
 1.92270E-08
 1.68065E-08
 1.45652E-08
 1.23486E-08
 9.65730E-09
 6.31706E-09
 8.07861E-08
 5.80483E-08
 4.56505E-08
 3.75161E-08
 3.15540E-08
 2.69343E-08
 2.32373E-08
 2.02159E-08
 1.77103E-08
 1.56098E-08
 1.36375E-08
 1.16594E-08
 9.21596E-09
 6.11485E-09
 4.72807E-08
 4.05146E-08
 3.50985E-08
 3.04746E-08
 2.65658E-08
 2.32642E-08
 2.04658E-08
 1.80828E-08
 1.60441E-08
 1.42925E-08
 1.26124E-08
 1.08937E-08
 8.72088E-09
 5.88435E-09
 1.09399E-08
 2.13957E-08
 2.33757E-08
 2.25687E-08
 2.09191E-08
 1.90775E-08
 1.72795E-08
 1.56109E-08
 1.40979E-08
 1.27417E-08
 1.13953E-08
 9.97538E-09
 8.11877E-09
 5.59787E-09
 4.21212E-09
 1.03780E-08
 1.37094E-08
 1.49509E-08
 1.50126E-08
 1.44742E-08
 1.36558E-08
 1.27284E-08
 1.17829E-08
 1.08664E-08
 9.90031E-09
 8.82878E-09
 7.35084E-09
 5.22122E-09
 1.64834E-09
 4.42101E-09
 6.54724E-09
 7.94985E-09
 8.73417E-09
 9.05809E-09
 9.06543E-09
 8.86713E-09
 8.54251E-09
 8.14613E-09
 7.65929E-09
 7.05201E-09
 6.11084E-09
 4.57764E-09
 5.01953E-10
 1.39971E-09
 2.21271E-09
 2.90518E-09
 3.46093E-09
 3.88032E-09
 4.17467E-09
 4.36090E-09
 4.45764E-09
 4.48281E-09
 4.44449E-09
 4.33054E-09
 4.04603E-09
 3.37350E-09
 4.81297E-10
 1.34283E-09
 2.12496E-09
 2.79386E-09
 3.33391E-09
 3.74488E-09
 4.03683E-09
 4.22525E-09
 4.32738E-09
 4.36000E-09
 4.33140E-09
 4.22992E-09
 3.96479E-09
 3.32206E-09
 1.55147E-09
 4.16503E-09
 6.17911E-09
 7.52179E-09
 8.28921E-09
 8.62564E-09
 8.66267E-09
 8.50222E-09
 8.21782E-09
 7.86058E-09
 7.41420E-09
 6.85002E-09
 5.96361E-09
 4.49725E-09
 3.95240E-09
 9.73593E-09
 1.28659E-08
 1.40543E-08
 1.41534E-08
 1.36965E-08
 1.29746E-08
 1.21431E-08
 1.12853E-08
 1.04458E-08
 9.55287E-09
 8.55365E-09
 7.16027E-09
 5.12424E-09
 1.03592E-08
 2.02072E-08
 2.19869E-08
 2.11992E-08
 1.96791E-08
 1.80047E-08
 1.63740E-08
 1.48563E-08
 1.34727E-08
 1.22249E-08
 1.09773E-08
 9.65154E-09
 7.90059E-09
 5.49099E-09
 4.46622E-08
 3.87360E-08
 3.31831E-08
 2.86618E-08
 2.49781E-08
 2.19285E-08
 1.93644E-08
 1.71830E-08
 1.53113E-08
 1.36955E-08
 1.21365E-08
 1.05305E-08
 8.48090E-09
 5.76992E-09
 7.98148E-08
 5.60191E-08
 4.33366E-08
 3.53359E-08
 2.96709E-08
 2.53735E-08
 2.19682E-08
 1.91921E-08
 1.68859E-08
 1.49451E-08
 1.31129E-08
 1.12636E-08
 8.95810E-09
 5.99440E-09
 8.60690E-08
 6.53718E-08
 5.08353E-08
 4.08792E-08
 3.37776E-08
 2.84637E-08
 2.43302E-08
 2.10223E-08
 1.83206E-08
 1.60810E-08
 1.39971E-08
 1.19235E-08
 9.38369E-09
 6.19143E-09
 8.82694E-08
 6.99280E-08
 5.55530E-08
 4.49041E-08
 3.70006E-08
 3.09945E-08
 2.63100E-08
 2.25749E-08
 1.95444E-08
 1.70516E-08
 1.47520E-08
 1.24853E-08
 9.74357E-09
 6.35596E-09
 8.92621E-08
 7.22607E-08
 5.83486E-08
 4.75693E-08
 3.92958E-08
 3.28795E-08
 2.78247E-08
 2.37811E-08
 2.05030E-08
 1.78149E-08
 1.53463E-08
 1.29271E-08
 1.00254E-08
 6.48363E-09
 8.97453E-08
 7.34623E-08
 5.99060E-08
 4.91639E-08
 4.07448E-08
 3.41138E-08
 2.88399E-08
 2.46013E-08
 2.11602E-08
 1.83405E-08
 1.57563E-08
 1.32318E-08
 1.02193E-08
 6.57094E-09
 8.99491E-08
 7.39822E-08
 6.06064E-08
 4.99093E-08
 4.14440E-08
 3.47233E-08
 2.93492E-08
 2.50167E-08
 2.14951E-08
 1.86091E-08
 1.59662E-08
 1.33879E-08
 1.03186E-08
 6.61544E-09
 8.99510E-08
 7.39871E-08
 6.06131E-08
 4.99165E-08
 4.14508E-08
 3.47293E-08
 2.93542E-08
 2.50208E-08
 2.14984E-08
 1.86118E-08
 1.59683E-08
 1.33895E-08
 1.03196E-08
 6.61588E-09
 8.97517E-08
 7.34785E-08
 5.99276E-08
 4.91866E-08
 4.07659E-08
 3.41320E-08
 2.88551E-08
 2.46136E-08
 2.11701E-08
 1.83484E-08
 1.57625E-08
 1.32364E-08
 1.02223E-08
 6.57225E-09
 8.92756E-08
 7.22936E-08
 5.83902E-08
 4.76108E-08
 3.93328E-08
 3.29105E-08
 2.78499E-08
 2.38014E-08
 2.05192E-08
 1.78279E-08
 1.53564E-08
 1.29346E-08
 1.00302E-08
 6.48578E-09
 8.82973E-08
 6.99912E-08
 5.56249E-08
 4.49698E-08
 3.70555E-08
 3.10386E-08
 2.63450E-08
 2.26026E-08
 1.95663E-08
 1.70691E-08
 1.47655E-08
 1.24954E-08
 9.75001E-09
 6.35889E-09
 8.61354E-08
 6.54978E-08
 5.09544E-08
 4.09746E-08
 3.38512E-08
 2.85203E-08
 2.43739E-08
 2.10563E-08
 1.83473E-08
 1.61022E-08
 1.40136E-08
 1.19358E-08
 9.39158E-09
 6.19505E-09
 8.00356E-08
 5.62798E-08
 4.35168E-08
 3.54605E-08
 2.97603E-08
 2.54397E-08
 2.20183E-08
 1.92308E-08
 1.69163E-08
 1.49691E-08
 1.31316E-08
 1.12776E-08
 8.96717E-09
 5.99863E-09
 4.67031E-08
 3.91346E-08
 3.33983E-08
 2.88000E-08
 2.50744E-08
 2.19991E-08
 1.94178E-08
 1.72242E-08
 1.53436E-08
 1.37213E-08
 1.21566E-08
 1.05457E-08
 8.49085E-09
 5.77465E-09
 1.05548E-08
 2.04493E-08
 2.21610E-08
 2.13226E-08
 1.97692E-08
 1.80726E-08
 1.64263E-08
 1.48974E-08
 1.35054E-08
 1.22511E-08
 1.09981E-08
 9.66744E-09
 7.91117E-09
 5.49614E-09
 3.99735E-09
 9.82959E-09
 1.29642E-08
 1.41399E-08
 1.42238E-08
 1.37536E-08
 1.30208E-08
 1.21806E-08
 1.13160E-08
 1.04710E-08
 9.57328E-09
 8.56954E-09
 7.17113E-09
 5.12971E-09
 1.56293E-09
 4.19385E-09
 6.21752E-09
 7.56295E-09
 8.32894E-09
 8.66195E-09
 8.69488E-09
 8.53033E-09
 8.24213E-09
 7.88151E-09
 7.43186E-09
 6.86436E-09
 5.97393E-09
 4.50283E-09
 4.83515E-10
 1.34890E-09
 2.13419E-09
 2.80539E-09
 3.34685E-09
 3.75844E-09
 4.05043E-09
 4.23847E-09
 4.33995E-09
 4.37175E-09
 4.34214E-09
 4.23941E-09
 3.97241E-09
 3.32687E-09
 4.57834E-10
 1.27820E-09
 2.02513E-09
 2.66707E-09
 3.18898E-09
 3.59000E-09
 3.87883E-09
 4.06937E-09
 4.17731E-09
 4.21813E-09
 4.20037E-09
 4.11295E-09
 3.86989E-09
 3.26150E-09
 1.43671E-09
 3.86229E-09
 5.74505E-09
 7.01872E-09
 7.76761E-09
 8.11933E-09
 8.19105E-09
 8.07440E-09
 7.83636E-09
 7.52426E-09
 7.12465E-09
 6.61044E-09
 5.78795E-09
 4.40043E-09
 3.62545E-09
 8.92654E-09
 1.18120E-08
 1.29508E-08
 1.31104E-08
 1.27615E-08
 1.21602E-08
 1.14449E-08
 1.06919E-08
 9.94360E-09
 9.13708E-09
 8.22327E-09
 6.93012E-09
 5.00597E-09
 9.66657E-09
 1.86252E-08
 2.01308E-08
 1.94269E-08
 1.81209E-08
 1.66836E-08
 1.52721E-08
 1.39437E-08
 1.27187E-08
 1.16015E-08
 1.04725E-08
 9.25936E-09
 7.63493E-09
 5.35959E-09
 4.34603E-08
 3.61783E-08
 3.04229E-08
 2.61993E-08
 2.29202E-08
 2.02486E-08
 1.80036E-08
 1.60819E-08
 1.44187E-08
 1.29694E-08
 1.15573E-08
 1.00875E-08
 8.18669E-09
 5.62830E-09
 7.81464E-08
 5.25740E-08
 3.97608E-08
 3.22553E-08
 2.71683E-08
 2.33763E-08
 2.03797E-08
 1.79263E-08
 1.58731E-08
 1.41303E-08
 1.24701E-08
 1.07775E-08
 8.64000E-09
 5.84440E-09
 8.40850E-08
 6.12781E-08
 4.66108E-08
 3.72762E-08
 3.08846E-08
 2.61816E-08
 2.25349E-08
 1.96059E-08
 1.71974E-08
 1.51851E-08
 1.32960E-08
 1.13983E-08
 9.04402E-09
 6.03398E-09
 8.61100E-08
 6.54405E-08
 5.08893E-08
 4.09153E-08
 3.38015E-08
 2.84801E-08
 2.43419E-08
 2.10309E-08
 1.83271E-08
 1.60860E-08
 1.40009E-08
 1.19264E-08
 9.38547E-09
 6.19224E-09
 8.70101E-08
 6.75515E-08
 5.34149E-08
 4.33235E-08
 3.58800E-08
 3.01936E-08
 2.57253E-08
 2.21384E-08
 1.92121E-08
 1.67945E-08
 1.45558E-08
 1.23415E-08
 9.65278E-09
 6.31499E-09
 8.74460E-08
 6.86356E-08
 5.48206E-08
 4.47648E-08
 3.71933E-08
 3.13166E-08
 2.66533E-08
 2.28918E-08
 1.98189E-08
 1.72823E-08
 1.49385E-08
 1.26279E-08
 9.83669E-09
 6.39892E-09
 8.76297E-08
 6.91044E-08
 5.54529E-08
 4.54391E-08
 3.78276E-08
 3.18716E-08
 2.71190E-08
 2.32736E-08
 2.01282E-08
 1.75317E-08
 1.51344E-08
 1.27745E-08
 9.93076E-09
 6.44169E-09
 8.76315E-08
 6.91089E-08
 5.54589E-08
 4.54456E-08
 3.78338E-08
 3.18771E-08
 2.71236E-08
 2.32773E-08
 2.01313E-08
 1.75342E-08
 1.51364E-08
 1.27760E-08
 9.93170E-09
 6.44212E-09
 8.74518E-08
 6.86502E-08
 5.48401E-08
 4.47853E-08
 3.72124E-08
 3.13332E-08
 2.66671E-08
 2.29031E-08
 1.98281E-08
 1.72897E-08
 1.49442E-08
 1.26322E-08
 9.83946E-09
 6.40018E-09
 8.70223E-08
 6.75812E-08
 5.34525E-08
 4.33609E-08
 3.59135E-08
 3.02218E-08
 2.57484E-08
 2.21570E-08
 1.92270E-08
 1.68065E-08
 1.45652E-08
 1.23486E-08
 9.65730E-09
 6.31706E-09
 8.61354E-08
 6.54978E-08
 5.09544E-08
 4.09746E-08
 3.38512E-08
 2.85203E-08
 2.43739E-08
 2.10563E-08
 1.83473E-08
 1.61022E-08
 1.40136E-08
 1.19358E-08
 9.39158E-09
 6.19505E-09
 8.41467E-08
 6.13940E-08
 4.67190E-08
 3.73626E-08
 3.09512E-08
 2.62329E-08
 2.25748E-08
 1.96371E-08
 1.72221E-08
 1.52047E-08
 1.33114E-08
 1.14098E-08
 9.05150E-09
 6.03747E-09
 7.83592E-08
 5.28190E-08
 3.99261E-08
 3.23683E-08
 2.72492E-08
 2.34363E-08
 2.04255E-08
 1.79618E-08
 1.59011E-08
 1.41526E-08
 1.24875E-08
 1.07907E-08
 8.64861E-09
 5.84847E-09
 4.54911E-08
 3.65581E-08
 3.06211E-08
 2.63248E-08
 2.30075E-08
 2.03127E-08
 1.80523E-08
 1.61197E-08
 1.44486E-08
 1.29934E-08
 1.15762E-08
 1.01019E-08
 8.19615E-09
 5.63285E-09
 9.85461E-09
 1.88522E-08
 2.02903E-08
 1.95387E-08
 1.82026E-08
 1.67454E-08
 1.53199E-08
 1.39815E-08
 1.27489E-08
 1.16260E-08
 1.04920E-08
 9.27435E-09
 7.64500E-09
 5.36455E-09
 3.66684E-09
 9.01216E-09
 1.19013E-08
 1.30284E-08
 1.31743E-08
 1.28135E-08
 1.22025E-08
 1.14795E-08
 1.07203E-08
 9.96715E-09
 9.15624E-09
 8.23829E-09
 6.94046E-09
 5.01125E-09
 1.44711E-09
 3.88846E-09
 5.77997E-09
 7.05623E-09
 7.80395E-09
 8.15271E-09
 8.22081E-09
 8.10051E-09
 7.85906E-09
 7.54390E-09
 7.14130E-09
 6.62405E-09
 5.79782E-09
 4.40582E-09
 4.59891E-10
 1.28383E-09
 2.03372E-09
 2.67781E-09
 3.20107E-09
 3.60272E-09
 3.89163E-09
 4.08185E-09
 4.18921E-09
 4.22929E-09
 4.21061E-09
 4.12204E-09
 3.87722E-09
 3.26617E-09
 4.30163E-10
 1.20200E-09
 1.90748E-09
 2.51763E-09
 3.01812E-09
 3.40728E-09
 3.69221E-09
 3.88493E-09
 3.99940E-09
 4.04958E-09
 4.04428E-09
 3.97317E-09
 3.75590E-09
 3.18814E-09
 1.29475E-09
 3.49099E-09
 5.21925E-09
 6.41649E-09
 7.14878E-09
 7.52207E-09
 7.63632E-09
 7.57158E-09
 7.38772E-09
 7.12803E-09
 6.78260E-09
 6.32638E-09
 5.57840E-09
 4.28371E-09
 3.15713E-09
 7.81581E-09
 1.04402E-08
 1.15739E-08
 1.18453E-08
 1.16467E-08
 1.11983E-08
 1.06239E-08
 9.99506E-09
 9.35352E-09
 8.64749E-09
 7.83283E-09
 6.65635E-09
 4.86369E-09
 8.35083E-09
 1.60304E-08
 1.74834E-08
 1.71142E-08
 1.61894E-08
 1.50921E-08
 1.39649E-08
 1.28692E-08
 1.18334E-08
 1.08699E-08
 9.87891E-09
 8.79662E-09
 7.31943E-09
 5.20170E-09
 4.02634E-08
 3.11764E-08
 2.61724E-08
 2.28734E-08
 2.03275E-08
 1.82092E-08
 1.63836E-08
 1.47838E-08
 1.33707E-08
 1.21176E-08
 1.08769E-08
 9.56542E-09
 7.83765E-09
 5.45824E-09
 7.31711E-08
 4.53440E-08
 3.40529E-08
 2.80185E-08
 2.39857E-08
 2.09400E-08
 1.84844E-08
 1.64328E-08
 1.46838E-08
 1.31749E-08
 1.17153E-08
 1.02050E-08
 8.26291E-09
 5.66440E-09
 7.83070E-08
 5.27213E-08
 3.98346E-08
 3.22946E-08
 2.71916E-08
 2.33914E-08
 2.03902E-08
 1.79339E-08
 1.58788E-08
 1.41348E-08
 1.24734E-08
 1.07800E-08
 8.64160E-09
 5.84515E-09
 8.00142E-08
 5.62314E-08
 4.34615E-08
 3.54095E-08
 2.97172E-08
 2.54045E-08
 2.19900E-08
 1.92080E-08
 1.68980E-08
 1.49544E-08
 1.31200E-08
 1.12688E-08
 8.96145E-09
 5.99595E-09
 8.07757E-08
 5.80230E-08
 4.56184E-08
 3.74838E-08
 3.15248E-08
 2.69095E-08
 2.32168E-08
 2.01992E-08
 1.76968E-08
 1.55989E-08
 1.36288E-08
 1.16529E-08
 9.21172E-09
 6.11288E-09
 8.11478E-08
 5.89507E-08
 4.68276E-08
 3.87324E-08
 3.26718E-08
 2.78986E-08
 2.40411E-08
 2.08741E-08
 1.82448E-08
 1.60427E-08
 1.39798E-08
 1.19178E-08
 9.38386E-09
 6.19280E-09
 8.13055E-08
 5.93544E-08
 4.73743E-08
 3.93187E-08
 3.32272E-08
 2.83884E-08
 2.44553E-08
 2.12163E-08
 1.85241E-08
 1.62696E-08
 1.41594E-08
 1.20535E-08
 9.47190E-09
 6.23352E-09
 8.13070E-08
 5.93582E-08
 4.73795E-08
 3.93244E-08
 3.32326E-08
 2.83932E-08
 2.44594E-08
 2.12197E-08
 1.85269E-08
 1.62719E-08
 1.41612E-08
 1.20548E-08
 9.47277E-09
 6.23393E-09
 8.11527E-08
 5.89632E-08
 4.68444E-08
 3.87502E-08
 3.26885E-08
 2.79133E-08
 2.40534E-08
 2.08842E-08
 1.82530E-08
 1.60494E-08
 1.39851E-08
 1.19218E-08
 9.38646E-09
 6.19400E-09
 8.07861E-08
 5.80483E-08
 4.56505E-08
 3.75161E-08
 3.15540E-08
 2.69343E-08
 2.32373E-08
 2.02159E-08
 1.77103E-08
 1.56098E-08
 1.36375E-08
 1.16594E-08
 9.21596E-09
 6.11485E-09
 8.00356E-08
 5.62798E-08
 4.35168E-08
 3.54605E-08
 2.97603E-08
 2.54397E-08
 2.20183E-08
 1.92308E-08
 1.69163E-08
 1.49691E-08
 1.31316E-08
 1.12776E-08
 8.96717E-09
 5.99863E-09
 7.83592E-08
 5.28190E-08
 3.99261E-08
 3.23683E-08
 2.72492E-08
 2.34363E-08
 2.04255E-08
 1.79618E-08
 1.59011E-08
 1.41526E-08
 1.24875E-08
 1.07907E-08
 8.64861E-09
 5.84847E-09
 7.33594E-08
 4.55531E-08
 3.41923E-08
 2.81145E-08
 2.40554E-08
 2.09924E-08
 1.85249E-08
 1.64645E-08
 1.47091E-08
 1.31952E-08
 1.17314E-08
 1.02172E-08
 8.27098E-09
 5.66828E-09
 4.22516E-08
 3.15066E-08
 2.63398E-08
 2.29800E-08
 2.04026E-08
 1.82651E-08
 1.64266E-08
 1.48176E-08
 1.33977E-08
 1.21394E-08
 1.08942E-08
 9.57870E-09
 7.84653E-09
 5.46259E-09
 8.51660E-09
 1.62240E-08
 1.76182E-08
 1.72095E-08
 1.62600E-08
 1.51462E-08
 1.40073E-08
 1.29031E-08
 1.18608E-08
 1.08922E-08
 9.89688E-09
 8.81054E-09
 7.32889E-09
 5.20643E-09
 3.19209E-09
 7.88820E-09
 1.05161E-08
 1.16406E-08
 1.19009E-08
 1.16926E-08
 1.12360E-08
 1.06551E-08
 1.00209E-08
 9.37509E-09
 8.66518E-09
 7.84682E-09
 6.66609E-09
 4.86874E-09
 1.30373E-09
 3.51366E-09
 5.24969E-09
 6.44947E-09
 7.18103E-09
 7.55195E-09
 7.66319E-09
 7.59535E-09
 7.40854E-09
 7.14616E-09
 6.79808E-09
 6.33912E-09
 5.58772E-09
 4.28888E-09
 4.32029E-10
 1.20711E-09
 1.91530E-09
 2.52745E-09
 3.02922E-09
 3.41901E-09
 3.70406E-09
 3.89654E-09
 4.01052E-09
 4.06005E-09
 4.05394E-09
 3.98178E-09
 3.76290E-09
 3.19265E-09
 3.99490E-10
 1.11751E-09
 1.77694E-09
 2.35166E-09
 2.82807E-09
 3.20362E-09
 3.48370E-09
 3.67831E-09
 3.79949E-09
 3.85961E-09
 3.86776E-09
 3.81442E-09
 3.62562E-09
 3.10343E-09
 1.13453E-09
 3.07410E-09
 4.63305E-09
 5.74904E-09
 6.46535E-09
 6.86322E-09
 7.02394E-09
 7.01534E-09
 6.88994E-09
 6.68685E-09
 6.40014E-09
 6.00706E-09
 5.34092E-09
 4.14970E-09
 2.56771E-09
 6.46859E-09
 8.84212E-09
 1.00145E-08
 1.04357E-08
 1.04147E-08
 1.01385E-08
 9.71924E-09
 9.22549E-09
 8.69968E-09
 8.10265E-09
 7.39588E-09
 6.34729E-09
 4.70075E-09
 6.01683E-09
 1.22966E-08
 1.41780E-08
 1.44194E-08
 1.40122E-08
 1.33260E-08
 1.25236E-08
 1.16864E-08
 1.08576E-08
 1.00610E-08
 9.21995E-09
 8.27994E-09
 6.96396E-09
 5.02113E-09
 2.38420E-08
 2.21762E-08
 2.05120E-08
 1.89066E-08
 1.73776E-08
 1.59380E-08
 1.45960E-08
 1.33556E-08
 1.22168E-08
 1.11773E-08
 1.01227E-08
 8.98334E-09
 7.44492E-09
 5.26397E-09
 4.21364E-08
 3.13663E-08
 2.62374E-08
 2.29051E-08
 2.03459E-08
 1.82212E-08
 1.63920E-08
 1.47900E-08
 1.33754E-08
 1.21213E-08
 1.08797E-08
 9.56755E-09
 7.83905E-09
 5.45892E-09
 4.54547E-08
 3.64874E-08
 3.05515E-08
 2.62663E-08
 2.29603E-08
 2.02750E-08
 1.80221E-08
 1.60954E-08
 1.44289E-08
 1.29774E-08
 1.15634E-08
 1.00921E-08
 8.18966E-09
 5.62971E-09
 4.66870E-08
 3.90975E-08
 3.33548E-08
 2.87588E-08
 2.50388E-08
 2.19694E-08
 1.93934E-08
 1.72043E-08
 1.53275E-08
 1.37082E-08
 1.21462E-08
 1.05377E-08
 8.48556E-09
 5.77212E-09
 4.72726E-08
 4.04945E-08
 3.50725E-08
 3.04480E-08
 2.65414E-08
 2.32432E-08
 2.04482E-08
 1.80682E-08
 1.60322E-08
 1.42828E-08
 1.26046E-08
 1.08878E-08
 8.71696E-09
 5.88249E-09
 4.75690E-08
 4.12394E-08
 3.60559E-08
 3.14788E-08
 2.75028E-08
 2.40845E-08
 2.11589E-08
 1.86573E-08
 1.65159E-08
 1.46786E-08
 1.29208E-08
 1.11290E-08
 8.87606E-09
 5.95790E-09
 4.76971E-08
 4.15688E-08
 3.65059E-08
 3.19669E-08
 2.79710E-08
 2.45025E-08
 2.15168E-08
 1.89564E-08
 1.67627E-08
 1.48810E-08
 1.30827E-08
 1.12526E-08
 8.95741E-09
 5.99632E-09
 4.76983E-08
 4.15719E-08
 3.65102E-08
 3.19716E-08
 2.79756E-08
 2.45066E-08
 2.15203E-08
 1.89594E-08
 1.67651E-08
 1.48830E-08
 1.30843E-08
 1.12538E-08
 8.95822E-09
 5.99670E-09
 4.75730E-08
 4.12496E-08
 3.60697E-08
 3.14935E-08
 2.75169E-08
 2.40970E-08
 2.11695E-08
 1.86662E-08
 1.65232E-08
 1.46845E-08
 1.29256E-08
 1.11327E-08
 8.87846E-09
 5.95904E-09
 4.72807E-08
 4.05146E-08
 3.50985E-08
 3.04746E-08
 2.65658E-08
 2.32642E-08
 2.04658E-08
 1.80828E-08
 1.60441E-08
 1.42925E-08
 1.26124E-08
 1.08937E-08
 8.72088E-09
 5.88435E-09
 4.67031E-08
 3.91346E-08
 3.33983E-08
 2.88000E-08
 2.50744E-08
 2.19991E-08
 1.94178E-08
 1.72242E-08
 1.53436E-08
 1.37213E-08
 1.21566E-08
 1.05457E-08
 8.49085E-09
 5.77465E-09
 4.54911E-08
 3.65581E-08
 3.06211E-08
 2.63248E-08
 2.30075E-08
 2.03127E-08
 1.80523E-08
 1.61197E-08
 1.44486E-08
 1.29934E-08
 1.15762E-08
 1.01019E-08
 8.19615E-09
 5.63285E-09
 4.22516E-08
 3.15066E-08
 2.63398E-08
 2.29800E-08
 2.04026E-08
 1.82651E-08
 1.64266E-08
 1.48176E-08
 1.33977E-08
 1.21394E-08
 1.08942E-08
 9.57870E-09
 7.84653E-09
 5.46259E-09
 2.49409E-08
 2.23870E-08
 2.06330E-08
 1.89893E-08
 1.74386E-08
 1.59848E-08
 1.46329E-08
 1.33850E-08
 1.22407E-08
 1.11968E-08
 1.01384E-08
 8.99547E-09
 7.45315E-09
 5.26807E-09
 6.11924E-09
 1.24277E-08
 1.42777E-08
 1.44941E-08
 1.40698E-08
 1.33714E-08
 1.25600E-08
 1.17159E-08
 1.08818E-08
 1.00810E-08
 9.23622E-09
 8.29269E-09
 6.97274E-09
 5.02561E-09
 2.59308E-09
 6.52276E-09
 8.90125E-09
 1.00683E-08
 1.04820E-08
 1.04537E-08
 1.01712E-08
 9.74665E-09
 9.24853E-09
 8.71910E-09
 8.11874E-09
 7.40873E-09
 6.35636E-09
 4.70555E-09
 1.14181E-09
 3.09268E-09
 4.65837E-09
 5.77692E-09
 6.49303E-09
 6.88925E-09
 7.04764E-09
 7.03654E-09
 6.90869E-09
 6.70332E-09
 6.41432E-09
 6.01884E-09
 5.34965E-09
 4.15462E-09
 4.01146E-10
 1.12205E-09
 1.78392E-09
 2.36047E-09
 2.83807E-09
 3.21426E-09
 3.49452E-09
 3.68896E-09
 3.80976E-09
 3.86932E-09
 3.87676E-09
 3.82249E-09
 3.63224E-09
 3.10775E-09
 3.63082E-10
 1.01710E-09
 1.62151E-09
 2.15349E-09
 2.60036E-09
 2.95867E-09
 3.23186E-09
 3.42765E-09
 3.55591E-09
 3.62711E-09
 3.65067E-09
 3.61807E-09
 3.46314E-09
 2.99636E-09
 9.50945E-10
 2.59544E-09
 3.95749E-09
 4.97609E-09
 5.66943E-09
 6.09124E-09
 6.30182E-09
 6.35518E-09
 6.29534E-09
 6.15654E-09
 5.93729E-09
 5.61761E-09
 5.04806E-09
 3.98157E-09
 1.90677E-09
 4.95147E-09
 7.03142E-09
 8.23553E-09
 8.81623E-09
 8.98880E-09
 8.90262E-09
 8.65633E-09
 8.31466E-09
 7.92025E-09
 7.44817E-09
 6.86636E-09
 5.96809E-09
 4.49703E-09
 3.46462E-09
 8.16012E-09
 1.04720E-08
 1.13696E-08
 1.15277E-08
 1.12943E-08
 1.08523E-08
 1.03038E-08
 9.70804E-09
 9.10092E-09
 8.43139E-09
 7.65590E-09
 6.52899E-09
 4.79575E-09
 6.06374E-09
 1.23454E-08
 1.42078E-08
 1.44381E-08
 1.40248E-08
 1.33350E-08
 1.25303E-08
 1.16915E-08
 1.08616E-08
 1.00643E-08
 9.22251E-09
 8.28191E-09
 6.96529E-09
 5.02179E-09
 8.47970E-09
 1.61584E-08
 1.75566E-08
 1.71581E-08
 1.62180E-08
 1.51120E-08
 1.39794E-08
 1.28802E-08
 1.18419E-08
 1.08766E-08
 9.88422E-09
 8.80066E-09
 7.32213E-09
 5.20303E-09
 9.83563E-09
 1.88111E-08
 2.02450E-08
 1.94973E-08
 1.81672E-08
 1.67158E-08
 1.52955E-08
 1.39613E-08
 1.27323E-08
 1.16123E-08
 1.04809E-08
 9.26571E-09
 7.63914E-09
 5.36164E-09
 1.05446E-08
 2.04248E-08
 2.21307E-08
 2.12924E-08
 1.97420E-08
 1.80491E-08
 1.64066E-08
 1.48809E-08
 1.34918E-08
 1.22399E-08
 1.09890E-08
 9.66036E-09
 7.90639E-09
 5.49379E-09
 1.09342E-08
 2.13814E-08
 2.33567E-08
 2.25486E-08
 2.09001E-08
 1.90607E-08
 1.72651E-08
 1.55988E-08
 1.40878E-08
 1.27334E-08
 1.13885E-08
 9.97014E-09
 8.11524E-09
 5.59615E-09
 1.11461E-08
 2.19214E-08
 2.40863E-08
 2.33338E-08
 2.16517E-08
 1.97341E-08
 1.78462E-08
 1.60895E-08
 1.44974E-08
 1.30734E-08
 1.16640E-08
 1.01836E-08
 8.25875E-09
 5.66606E-09
 1.12408E-08
 2.21672E-08
 2.44274E-08
 2.37111E-08
 2.20210E-08
 2.00705E-08
 1.81396E-08
 1.63390E-08
 1.47065E-08
 1.32473E-08
 1.18051E-08
 1.02929E-08
 8.33211E-09
 5.70166E-09
 1.12417E-08
 2.21695E-08
 2.44307E-08
 2.37147E-08
 2.20246E-08
 2.00738E-08
 1.81426E-08
 1.63415E-08
 1.47085E-08
 1.32490E-08
 1.18065E-08
 1.02939E-08
 8.33284E-09
 5.70202E-09
 1.11490E-08
 2.19290E-08
 2.40966E-08
 2.33452E-08
 2.16628E-08
 1.97441E-08
 1.78549E-08
 1.60969E-08
 1.45036E-08
 1.30785E-08
 1.16682E-08
 1.01868E-08
 8.26092E-09
 5.66711E-09
 1.09399E-08
 2.13957E-08
 2.33757E-08
 2.25687E-08
 2.09191E-08
 1.90775E-08
 1.72795E-08
 1.56109E-08
 1.40979E-08
 1.27417E-08
 1.13953E-08
 9.97538E-09
 8.11877E-09
 5.59787E-09
 1.05548E-08
 2.04493E-08
 2.21610E-08
 2.13226E-08
 1.97692E-08
 1.80726E-08
 1.64263E-08
 1.48974E-08
 1.35054E-08
 1.22511E-08
 1.09981E-08
 9.66744E-09
 7.91117E-09
 5.49614E-09
 9.85461E-09
 1.88522E-08
 2.02903E-08
 1.95387E-08
 1.82026E-08
 1.67454E-08
 1.53199E-08
 1.39815E-08
 1.27489E-08
 1.16260E-08
 1.04920E-08
 9.27435E-09
 7.64500E-09
 5.36455E-09
 8.51660E-09
 1.62240E-08
 1.76182E-08
 1.72095E-08
 1.62600E-08
 1.51462E-08
 1.40073E-08
 1.29031E-08
 1.18608E-08
 1.08922E-08
 9.89688E-09
 8.81054E-09
 7.32889E-09
 5.20643E-09
 6.11924E-09
 1.24277E-08
 1.42777E-08
 1.44941E-08
 1.40698E-08
 1.33714E-08
 1.25600E-08
 1.17159E-08
 1.08818E-08
 1.00810E-08
 9.23622E-09
 8.29269E-09
 6.97274E-09
 5.02561E-09
 3.49919E-09
 8.22316E-09
 1.05328E-08
 1.14215E-08
 1.15707E-08
 1.13299E-08
 1.08819E-08
 1.03284E-08
 9.72865E-09
 9.11822E-09
 8.44567E-09
 7.66726E-09
 6.53697E-09
 4.79993E-09
 1.92157E-09
 4.98547E-09
 7.07183E-09
 8.27495E-09
 8.85185E-09
 9.01997E-09
 8.92952E-09
 8.67941E-09
 8.33440E-09
 7.93715E-09
 7.46236E-09
 6.87786E-09
 5.97635E-09
 4.50150E-09
 9.56333E-10
 2.60941E-09
 3.97701E-09
 4.99818E-09
 5.69192E-09
 6.11284E-09
 6.32187E-09
 6.37340E-09
 6.31167E-09
 6.17106E-09
 5.94994E-09
 5.62824E-09
 5.05606E-09
 3.98618E-09
 3.64496E-10
 1.02100E-09
 1.62752E-09
 2.16112E-09
 2.60910E-09
 2.96804E-09
 3.24145E-09
 3.43718E-09
 3.56515E-09
 3.63591E-09
 3.65888E-09
 3.62550E-09
 3.46930E-09
 3.00044E-09
 3.18556E-10
 8.94053E-10
 1.43027E-09
 1.90837E-09
 2.31697E-09
 2.65179E-09
 2.91418E-09
 3.10930E-09
 3.24448E-09
 3.32792E-09
 3.36936E-09
 3.36162E-09
 3.24849E-09
 2.85234E-09
 7.49135E-10
 2.06328E-09
 3.19320E-09
 4.08495E-09
 4.73526E-09
 5.17048E-09
 5.42813E-09
 5.54619E-09
 5.55828E-09
 5.49230E-09
 5.35140E-09
 5.11890E-09
 4.66709E-09
 3.75767E-09
 1.29882E-09
 3.48277E-09
 5.16786E-09
 6.31072E-09
 6.99735E-09
 7.34182E-09
 7.44364E-09
 7.37903E-09
 7.20358E-09
 6.95707E-09
 6.62906E-09
 6.19463E-09
 5.47835E-09
 4.22695E-09
 1.91072E-09
 4.96011E-09
 7.04095E-09
 8.24413E-09
 8.82347E-09
 8.99476E-09
 8.90752E-09
 8.66038E-09
 8.31801E-09
 7.92305E-09
 7.45047E-09
 6.86819E-09
 5.96938E-09
 4.49772E-09
 2.58052E-09
 6.49435E-09
 8.86791E-09
 1.00360E-08
 1.04528E-08
 1.04282E-08
 1.01493E-08
 9.72793E-09
 9.23257E-09
 8.70550E-09
 8.10738E-09
 7.39959E-09
 6.34986E-09
 4.70210E-09
 3.18110E-09
 7.86275E-09
 1.04855E-08
 1.16105E-08
 1.18737E-08
 1.16687E-08
 1.12155E-08
 1.06376E-08
 1.00061E-08
 9.36251E-09
 8.65473E-09
 7.83846E-09
 6.66022E-09
 4.86567E-09
 3.65882E-09
 8.99272E-09
 1.18766E-08
 1.30031E-08
 1.31509E-08
 1.27927E-08
 1.21845E-08
 1.14641E-08
 1.07073E-08
 9.95610E-09
 9.14709E-09
 8.23100E-09
 6.93537E-09
 5.00862E-09
 3.99199E-09
 9.81606E-09
 1.29462E-08
 1.41206E-08
 1.42053E-08
 1.37368E-08
 1.30061E-08
 1.21680E-08
 1.13052E-08
 1.04620E-08
 9.56577E-09
 8.56359E-09
 7.16699E-09
 5.12760E-09
 4.20875E-09
 1.03693E-08
 1.36974E-08
 1.49375E-08
 1.49994E-08
 1.44621E-08
 1.36450E-08
 1.27191E-08
 1.17749E-08
 1.08597E-08
 9.89474E-09
 8.82436E-09
 7.34779E-09
 5.21967E-09
 4.33819E-09
 1.07063E-08
 1.41688E-08
 1.54655E-08
 1.55251E-08
 1.49504E-08
 1.40800E-08
 1.30969E-08
 1.20981E-08
 1.11338E-08
 1.01215E-08
 9.00394E-09
 7.47193E-09
 5.28251E-09
 4.39889E-09
 1.08661E-08
 1.43959E-08
 1.57244E-08
 1.57867E-08
 1.51962E-08
 1.43007E-08
 1.32895E-08
 1.22633E-08
 1.12741E-08
 1.02376E-08
 9.09584E-09
 7.53537E-09
 5.31451E-09
 4.39948E-09
 1.08676E-08
 1.43981E-08
 1.57269E-08
 1.57892E-08
 1.51986E-08
 1.43029E-08
 1.32914E-08
 1.22649E-08
 1.12755E-08
 1.02388E-08
 9.09675E-09
 7.53600E-09
 5.31483E-09
 4.34004E-09
 1.07112E-08
 1.41756E-08
 1.54733E-08
 1.55329E-08
 1.49577E-08
 1.40866E-08
 1.31026E-08
 1.21030E-08
 1.11379E-08
 1.01249E-08
 9.00665E-09
 7.47381E-09
 5.28346E-09
 4.21212E-09
 1.03780E-08
 1.37094E-08
 1.49509E-08
 1.50126E-08
 1.44742E-08
 1.36558E-08
 1.27284E-08
 1.17829E-08
 1.08664E-08
 9.90031E-09
 8.82878E-09
 7.35084E-09
 5.22122E-09
 3.99735E-09
 9.82959E-09
 1.29642E-08
 1.41399E-08
 1.42238E-08
 1.37536E-08
 1.30208E-08
 1.21806E-08
 1.13160E-08
 1.04710E-08
 9.57328E-09
 8.56954E-09
 7.17113E-09
 5.12971E-09
 3.66684E-09
 9.01216E-09
 1.19013E-08
 1.30284E-08
 1.31743E-08
 1.28135E-08
 1.22025E-08
 1.14795E-08
 1.07203E-08
 9.96715E-09
 9.15624E-09
 8.23829E-09
 6.94046E-09
 5.01125E-09
 3.19209E-09
 7.88820E-09
 1.05161E-08
 1.16406E-08
 1.19009E-08
 1.16926E-08
 1.12360E-08
 1.06551E-08
 1.00209E-08
 9.37509E-09
 8.66518E-09
 7.84682E-09
 6.66609E-09
 4.86874E-09
 2.59308E-09
 6.52276E-09
 8.90125E-09
 1.00683E-08
 1.04820E-08
 1.04537E-08
 1.01712E-08
 9.74665E-09
 9.24853E-09
 8.71910E-09
 8.11874E-09
 7.40873E-09
 6.35636E-09
 4.70555E-09
 1.92157E-09
 4.98547E-09
 7.07183E-09
 8.27495E-09
 8.85185E-09
 9.01997E-09
 8.92952E-09
 8.67941E-09
 8.33440E-09
 7.93715E-09
 7.46236E-09
 6.87786E-09
 5.97635E-09
 4.50150E-09
 1.30599E-09
 3.50067E-09
 5.19151E-09
 6.33601E-09
 7.02190E-09
 7.36450E-09
 7.46404E-09
 7.39710E-09
 7.21946E-09
 6.97095E-09
 6.64096E-09
 6.20447E-09
 5.48560E-09
 4.23101E-09
 7.52660E-10
 2.07262E-09
 3.20672E-09
 4.10083E-09
 4.75202E-09
 5.18709E-09
 5.44396E-09
 5.56090E-09
 5.57174E-09
 5.50447E-09
 5.36218E-09
 5.12812E-09
 4.67418E-09
 3.76188E-09
 3.19688E-10
 8.97182E-10
 1.43513E-09
 1.91461E-09
 2.32419E-09
 2.65961E-09
 2.92229E-09
 3.11744E-09
 3.25246E-09
 3.33559E-09
 3.37660E-09
 3.36824E-09
 3.25406E-09
 2.85611E-09
 2.52293E-10
 7.10132E-10
 1.14216E-09
 1.53518E-09
 1.88022E-09
 2.17263E-09
 2.41155E-09
 2.59900E-09
 2.73891E-09
 2.83632E-09
 2.90121E-09
 2.92859E-09
 2.87844E-09
 2.59585E-09
 5.06931E-10
 1.41141E-09
 2.22549E-09
 2.91335E-09
 3.46099E-09
 3.87142E-09
 4.15798E-09
 4.33859E-09
 4.43211E-09
 4.45618E-09
 4.41859E-09
 4.30726E-09
 4.02867E-09
 3.36608E-09
 7.49969E-10
 2.06547E-09
 3.19632E-09
 4.08855E-09
 4.73899E-09
 5.17410E-09
 5.43153E-09
 5.54929E-09
 5.56109E-09
 5.49481E-09
 5.35360E-09
 5.12077E-09
 4.66851E-09
 3.75850E-09
 9.53129E-10
 2.60102E-09
 3.96512E-09
 4.98450E-09
 5.67776E-09
 6.09904E-09
 6.30889E-09
 6.36148E-09
 6.30090E-09
 6.16142E-09
 5.94149E-09
 5.62110E-09
 5.05066E-09
 3.98305E-09
 1.13848E-09
 3.08402E-09
 4.64622E-09
 5.76309E-09
 6.47888E-09
 6.87559E-09
 7.03493E-09
 7.02498E-09
 6.89832E-09
 6.69411E-09
 6.40632E-09
 6.01214E-09
 5.34464E-09
 4.15178E-09
 1.30063E-09
 3.50559E-09
 5.23833E-09
 6.43652E-09
 7.16778E-09
 7.53920E-09
 7.65136E-09
 7.58462E-09
 7.39896E-09
 7.13769E-09
 6.79076E-09
 6.33303E-09
 5.58321E-09
 4.28636E-09
 1.44450E-09
 3.88160E-09
 5.77019E-09
 7.04498E-09
 7.79236E-09
 8.14151E-09
 8.21040E-09
 8.09108E-09
 7.85066E-09
 7.53649E-09
 7.13491E-09
 6.61876E-09
 5.79393E-09
 4.40367E-09
 1.56091E-09
 4.18850E-09
 6.20980E-09
 7.55394E-09
 8.31956E-09
 8.65282E-09
 8.68636E-09
 8.52260E-09
 8.23523E-09
 7.87544E-09
 7.42663E-09
 6.86005E-09
 5.97078E-09
 4.50110E-09
 1.64693E-09
 4.41724E-09
 6.54174E-09
 7.94335E-09
 8.72733E-09
 9.05137E-09
 9.05914E-09
 8.86139E-09
 8.53739E-09
 8.14162E-09
 7.65541E-09
 7.04882E-09
 6.10852E-09
 4.57637E-09
 1.70309E-09
 4.56755E-09
 6.76212E-09
 8.20477E-09
 9.00371E-09
 9.32347E-09
 9.31487E-09
 9.09448E-09
 8.74555E-09
 8.32504E-09
 7.81296E-09
 7.17863E-09
 6.20295E-09
 4.62769E-09
 1.73081E-09
 4.64205E-09
 6.87206E-09
 8.33611E-09
 9.14346E-09
 9.46174E-09
 9.44529E-09
 9.21360E-09
 8.85205E-09
 8.41892E-09
 7.89358E-09
 7.24501E-09
 6.25116E-09
 4.65380E-09
 1.73109E-09
 4.64278E-09
 6.87315E-09
 8.33741E-09
 9.14484E-09
 9.46312E-09
 9.44658E-09
 9.21479E-09
 8.85311E-09
 8.41986E-09
 7.89439E-09
 7.24567E-09
 6.25164E-09
 4.65406E-09
 1.70392E-09
 4.56977E-09
 6.76540E-09
 8.20868E-09
 9.00785E-09
 9.32756E-09
 9.31873E-09
 9.09800E-09
 8.74869E-09
 8.32781E-09
 7.81534E-09
 7.18059E-09
 6.20438E-09
 4.62846E-09
 1.64834E-09
 4.42101E-09
 6.54724E-09
 7.94985E-09
 8.73417E-09
 9.05809E-09
 9.06543E-09
 8.86713E-09
 8.54251E-09
 8.14613E-09
 7.65929E-09
 7.05201E-09
 6.11084E-09
 4.57764E-09
 1.56293E-09
 4.19385E-09
 6.21752E-09
 7.56295E-09
 8.32894E-09
 8.66195E-09
 8.69488E-09
 8.53033E-09
 8.24213E-09
 7.88151E-09
 7.43186E-09
 6.86436E-09
 5.97393E-09
 4.50283E-09
 1.44711E-09
 3.88846E-09
 5.77997E-09
 7.05623E-09
 7.80395E-09
 8.15271E-09
 8.22081E-09
 8.10051E-09
 7.85906E-09
 7.54390E-09
 7.14130E-09
 6.62405E-09
 5.79782E-09
 4.40582E-09
 1.30373E-09
 3.51366E-09
 5.24969E-09
 6.44947E-09
 7.18103E-09
 7.55195E-09
 7.66319E-09
 7.59535E-09
 7.40854E-09
 7.14616E-09
 6.79808E-09
 6.33912E-09
 5.58772E-09
 4.28888E-09
 1.14181E-09
 3.09268E-09
 4.65837E-09
 5.77692E-09
 6.49303E-09
 6.88925E-09
 7.04764E-09
 7.03654E-09
 6.90869E-09
 6.70332E-09
 6.41432E-09
 6.01884E-09
 5.34965E-09
 4.15462E-09
 9.56333E-10
 2.60941E-09
 3.97701E-09
 4.99818E-09
 5.69192E-09
 6.11284E-09
 6.32187E-09
 6.37340E-09
 6.31167E-09
 6.17106E-09
 5.94994E-09
 5.62824E-09
 5.05606E-09
 3.98618E-09
 7.52660E-10
 2.07262E-09
 3.20672E-09
 4.10083E-09
 4.75202E-09
 5.18709E-09
 5.44396E-09
 5.56090E-09
 5.57174E-09
 5.50447E-09
 5.36218E-09
 5.12812E-09
 4.67418E-09
 3.76188E-09
 5.08708E-10
 1.41624E-09
 2.23278E-09
 2.92235E-09
 3.47098E-09
 3.88180E-09
 4.16830E-09
 4.34856E-09
 4.44153E-09
 4.46495E-09
 4.42658E-09
 4.31430E-09
 4.03430E-09
 3.36961E-09
 2.53054E-10
 7.12250E-10
 1.14549E-09
 1.53951E-09
 1.88532E-09
 2.17827E-09
 2.41751E-09
 2.60509E-09
 2.74498E-09
 2.84226E-09
 2.90690E-09
 2.93390E-09
 2.88303E-09
 2.59909E-09
 1.56211E-10
 4.41555E-10
 7.15879E-10
 9.73040E-10
 1.20819E-09
 1.41795E-09
 1.60045E-09
 1.75510E-09
 1.88245E-09
 1.98383E-09
 2.06873E-09
 2.13603E-09
 2.17219E-09
 2.07241E-09
 2.52506E-10
 7.10726E-10
 1.14309E-09
 1.53639E-09
 1.88164E-09
 2.17420E-09
 2.41321E-09
 2.60070E-09
 2.74060E-09
 2.83797E-09
 2.90279E-09
 2.93006E-09
 2.87971E-09
 2.59675E-09
 3.19049E-10
 8.95413E-10
 1.43238E-09
 1.91107E-09
 2.32008E-09
 2.65514E-09
 2.91764E-09
 3.11277E-09
 3.24787E-09
 3.33117E-09
 3.37242E-09
 3.36441E-09
 3.25083E-09
 2.85393E-09
 3.63838E-10
 1.01918E-09
 1.62470E-09
 2.15753E-09
 2.60496E-09
 2.96357E-09
 3.23686E-09
 3.43259E-09
 3.56069E-09
 3.63164E-09
 3.65488E-09
 3.62187E-09
 3.46628E-09
 2.99844E-09
 4.00507E-10
 1.12029E-09
 1.78120E-09
 2.35700E-09
 2.83410E-09
 3.21000E-09
 3.49015E-09
 3.68463E-09
 3.80556E-09
 3.86533E-09
 3.87304E-09
 3.81914E-09
 3.62948E-09
 3.10595E-09
 4.31437E-10
 1.20548E-09
 1.91278E-09
 2.52425E-09
 3.02556E-09
 3.41509E-09
 3.70007E-09
 3.89259E-09
 4.00670E-09
 4.05643E-09
 4.05058E-09
 3.97877E-09
 3.76043E-09
 3.19106E-09
 4.59371E-10
 1.28240E-09
 2.03151E-09
 2.67501E-09
 3.19787E-09
 3.59930E-09
 3.88814E-09
 4.07840E-09
 4.18589E-09
 4.22616E-09
 4.20770E-09
 4.11945E-09
 3.87511E-09
 3.26482E-09
 4.83090E-10
 1.34773E-09
 2.13239E-09
 2.80310E-09
 3.34423E-09
 3.75564E-09
 4.04758E-09
 4.23565E-09
 4.33724E-09
 4.36919E-09
 4.33978E-09
 4.23731E-09
 3.97071E-09
 3.32579E-09
 5.01640E-10
 1.39884E-09
 2.21138E-09
 2.90348E-09
 3.45899E-09
 3.87825E-09
 4.17255E-09
 4.35881E-09
 4.45564E-09
 4.48092E-09
 4.44276E-09
 4.32899E-09
 4.04478E-09
 3.37272E-09
 5.14356E-10
 1.43391E-09
 2.26561E-09
 2.97247E-09
 3.53792E-09
 3.96261E-09
 4.25856E-09
 4.44354E-09
 4.53704E-09
 4.55767E-09
 4.51341E-09
 4.39179E-09
 4.09538E-09
 3.40463E-09
 5.20840E-10
 1.45179E-09
 2.29329E-09
 3.00771E-09
 3.57827E-09
 4.00575E-09
 4.30254E-09
 4.48688E-09
 4.57865E-09
 4.59690E-09
 4.54949E-09
 4.42383E-09
 4.12116E-09
 3.42084E-09
 5.20904E-10
 1.45197E-09
 2.29356E-09
 3.00806E-09
 3.57867E-09
 4.00618E-09
 4.30298E-09
 4.48731E-09
 4.57907E-09
 4.59729E-09
 4.54985E-09
 4.42415E-09
 4.12142E-09
 3.42100E-09
 5.14548E-10
 1.43443E-09
 2.26643E-09
 2.97351E-09
 3.53912E-09
 3.96389E-09
 4.25986E-09
 4.44482E-09
 4.53826E-09
 4.55883E-09
 4.51447E-09
 4.39274E-09
 4.09615E-09
 3.40511E-09
 5.01953E-10
 1.39971E-09
 2.21271E-09
 2.90518E-09
 3.46093E-09
 3.88032E-09
 4.17467E-09
 4.36090E-09
 4.45764E-09
 4.48281E-09
 4.44449E-09
 4.33054E-09
 4.04603E-09
 3.37350E-09
 4.83515E-10
 1.34890E-09
 2.13419E-09
 2.80539E-09
 3.34685E-09
 3.75844E-09
 4.05043E-09
 4.23847E-09
 4.33995E-09
 4.37175E-09
 4.34214E-09
 4.23941E-09
 3.97241E-09
 3.32687E-09
 4.59891E-10
 1.28383E-09
 2.03372E-09
 2.67781E-09
 3.20107E-09
 3.60272E-09
 3.89163E-09
 4.08185E-09
 4.18921E-09
 4.22929E-09
 4.21061E-09
 4.12204E-09
 3.87722E-09
 3.26617E-09
 4.32029E-10
 1.20711E-09
 1.91530E-09
 2.52745E-09
 3.02922E-09
 3.41901E-09
 3.70406E-09
 3.89654E-09
 4.01052E-09
 4.06005E-09
 4.05394E-09
 3.98178E-09
 3.76290E-09
 3.19265E-09
 4.01146E-10
 1.12205E-09
 1.78392E-09
 2.36047E-09
 2.83807E-09
 3.21426E-09
 3.49452E-09
 3.68896E-09
 3.80976E-09
 3.86932E-09
 3.87676E-09
 3.82249E-09
 3.63224E-09
 3.10775E-09
 3.64496E-10
 1.02100E-09
 1.62752E-09
 2.16112E-09
 2.60910E-09
 2.96804E-09
 3.24145E-09
 3.43718E-09
 3.56515E-09
 3.63591E-09
 3.65888E-09
 3.62550E-09
 3.46930E-09
 3.00044E-09
 3.19688E-10
 8.97182E-10
 1.43513E-09
 1.91461E-09
 2.32419E-09
 2.65961E-09
 2.92229E-09
 3.11744E-09
 3.25246E-09
 3.33559E-09
 3.37660E-09
 3.36824E-09
 3.25406E-09
 2.85611E-09
 2.53054E-10
 7.12250E-10
 1.14549E-09
 1.53951E-09
 1.88532E-09
 2.17827E-09
 2.41751E-09
 2.60509E-09
 2.74498E-09
 2.84226E-09
 2.90690E-09
 2.93390E-09
 2.88303E-09
 2.59909E-09
 1.56552E-10
 4.42511E-10
 7.17407E-10
 9.75074E-10
 1.21065E-09
 1.42075E-09
 1.60349E-09
 1.75832E-09
 1.88576E-09
 1.98717E-09
 2.07203E-09
 2.13924E-09
 2.17512E-09
 2.07467E-09
