 -4.3334953e-001
  3.9783327e-013
  3.9783327e-013
  3.9783317e-013
  3.9782852e-013
  3.9758567e-013
  4.0663898e-013
  3.8687587e-013
  3.9805178e-013
  3.9826381e-013
  4.0510002e-013
  2.9059086e-013
  3.9891491e-013
  3.9721008e-013
  3.9709734e-013
  4.1390129e-015
  3.9954199e-013
  3.9780182e-013
  4.0706534e-013
  3.4914131e-013
  3.9781346e-013
  3.9824265e-013
  4.0595404e-013
  3.6490669e-013
  3.9750758e-013
  3.9815612e-013
  4.0459816e-013
  3.8028890e-013
  3.9792780e-013
  3.9841498e-013
  4.0554608e-013
  4.0470584e-013
  3.9753449e-013
  3.9741482e-013
  3.6290109e-013
  4.0677223e-013
  3.9822865e-013
  3.9738780e-013
  3.8617392e-013
  4.0634419e-013
  3.9804626e-013
  3.9848427e-013
  2.8719904e-013
  4.0661505e-013
  3.9717916e-013
  3.9929201e-013
  4.0487305e-013
  4.0616169e-013
  3.9866247e-013
  3.9905678e-013
  4.0233401e-013
  3.9781139e-013
  3.9851121e-013
  3.9932926e-013
  3.9968158e-013
  3.9852119e-013
  3.9774296e-013
  4.0721634e-013
  1.5093189e-013
  3.8045842e-013
 -3.6247137e-013
  3.9783327e-013
  3.9783231e-013
  3.9798161e-013
  3.9925697e-013
  3.8861290e-013
  4.1145296e-013
 -1.6238465e-013
  4.1169251e-013
 -4.5453103e-013
 -4.0627346e-013
  4.0563695e-013
 -4.5179864e-013
  1.6820336e-013
  4.5610274e-013
  3.8873245e-013
 -1.2006528e-013
  1.5683220e-013
 -1.5791927e-013
  2.7243951e-013
  3.7673990e-013
 -3.9209704e-013
 -4.0257540e-013
  3.2910318e-013
  3.3992863e-013
 -4.5487271e-013
  1.6941137e-013
  3.4390386e-013
 -6.2168638e-014
 -3.1102204e-013
  1.8133155e-013
 -4.6120111e-013
  4.0884374e-013
  2.1602485e-013
  1.3896225e-013
 -1.6459536e-013
 -3.7690498e-013
  2.2643104e-013
  4.5312226e-013
  4.2319540e-013
 -2.0500758e-013
  1.7666427e-013
  4.1606769e-013
  2.0246190e-013
  1.6112749e-013
  4.1377080e-013
 -3.5337164e-013
 -3.8407150e-013
 -1.7073710e-013
 -4.3307375e-013
  1.6487880e-013
  9.3784873e-014
 -3.7177457e-013
  4.0523244e-013
 -2.9400335e-013
 -3.9503895e-013
  4.0202873e-013
  4.0720221e-013
  1.5092698e-013
  3.8045843e-013
 -3.6247137e-013
  3.9783103e-013
  3.9860760e-013
  2.2133610e-013
 -3.4078431e-013
  3.1805777e-013
 -3.6162157e-013
 -2.6058740e-013
  2.8794123e-013
  3.4737507e-012
  2.9708879e-013
  4.0610563e-013
  4.5427141e-013
  1.5749423e-013
 -6.4435782e-013
 -1.0548212e-011
  6.6216803e-014
  2.7971351e-013
 -4.5165798e-013
 -4.0932034e-013
 -5.2722351e-013
  4.5869899e-013
 -3.9155551e-013
 -3.6647136e-013
  2.6447266e-013
  1.0868912e-013
  2.1376054e-013
 -1.6862012e-012
  4.5455783e-013
 -3.2709735e-013
  1.6693624e-014
 -3.2728167e-013
 -3.3330101e-013
  4.5548948e-013
  4.1401794e-013
 -4.6330979e-013
 -3.1970871e-013
 -2.9671418e-013
  2.1570040e-012
 -3.9090992e-013
 -2.3889999e-013
 -2.3587590e-012
  3.5917187e-013
  3.6007120e-013
 -4.3745172e-013
  3.1521647e-013
 -4.4262853e-013
  4.6138252e-013
 -3.0646989e-013
 -3.8794758e-013
 -4.5614142e-013
  1.1189168e-012
  2.7812920e-013
 -2.1161906e-015
  1.7847823e-014
 -4.0449962e-013
 -4.1185614e-013
  4.0807774e-013
  1.5446519e-013
  3.8044415e-013
 -3.6247134e-013
  3.9742964e-013
  4.0435512e-013
  3.2050300e-013
 -1.4822623e-013
 -6.0833284e-011
 -6.8035275e-010
 -2.6669532e-010
 -4.0440261e-011
  1.8379105e-011
 -4.0115797e-010
 -3.6507156e-010
 -1.0817431e-010
 -7.2123175e-010
 -5.3962609e-010
 -2.3280793e-003
 -1.8657909e-010
 -5.5776733e-011
  3.3902142e-009
 -3.7149184e-010
 -9.1533756e-011
 -3.9171862e-011
 -1.7834818e-010
 -2.2164720e-010
 -1.1022153e-010
 -7.4403559e-011
 -9.9980013e-010
 -3.4381346e-010
 -8.7084000e-011
 -7.7570538e-011
 -3.4238877e-010
 -4.0934416e-010
 -9.2082560e-011
 -1.1317794e-010
  8.1419208e-011
  5.3513028e-010
 -4.6608510e-011
 -8.4587765e-011
 -4.0814566e-010
 -7.9681815e-009
 -4.5445325e-011
 -5.2913435e-011
  4.4143700e-010
 -3.8217450e-010
 -6.4859831e-011
 -4.1837807e-013
 -8.1403308e-010
 -1.0909861e-009
 -3.8882284e-011
 -1.8426193e-011
 -2.3067536e-010
 -5.7859207e-011
 -5.2507616e-012
  3.8679461e-011
  8.7817363e-011
  1.1300561e-015
  1.3390348e-012
 -1.7614275e-013
  3.9963689e-013
  3.8048571e-013
 -3.6247508e-013
  3.9075198e-013
 -2.1455759e-013
 -3.9246015e-013
 -3.0338465e-010
 -1.2932412e-002
 -7.0431844e-002
 -4.6623357e-002
 -8.6179438e-003
 -1.6562314e-002
 -8.5475711e-002
 -8.6533992e-002
 -2.3866626e-002
 -2.1252755e-002
 -1.0304825e-001
 -1.1425373e-001
 -2.8247222e-002
 -1.1898171e-002
 -4.6766572e-002
 -7.8762834e-002
 -1.9534364e-002
 -9.5949198e-003
 -3.7715263e-002
 -1.0087715e-001
 -2.3658445e-002
 -1.5869801e-002
 -6.2255223e-002
 -7.3289558e-002
 -1.8671650e-002
 -1.6562101e-002
 -7.2155385e-002
 -8.7244729e-002
 -1.9654252e-002
 -2.4142377e-002
 -1.0320115e-001
 -4.4383996e-002
 -9.9504295e-003
 -1.7259052e-002
 -8.7116881e-002
 -4.8033213e-002
 -9.6503446e-003
 -1.2008577e-002
 -8.6288429e-002
 -8.1524465e-002
 -1.3932087e-002
 -1.3821650e-009
 -4.2497743e-002
 -5.3149622e-002
 -8.3660820e-003
 -3.9306924e-003
 -4.9059631e-002
 -1.2296255e-002
 -5.7225276e-004
  8.3420121e-003
  1.8748646e-002
 -3.7865547e-011
  3.0877351e-011
 -1.6883107e-013
  1.7579403e-013
 -1.9847575e-013
 -3.5999042e-013
  3.5065916e-013
  4.0372467e-013
 -4.3201283e-013
 -3.3554259e-010
 -1.4172963e-002
 -8.1492985e-002
 -9.1828663e-002
  1.9431274e-002
 -1.0973115e-009
 -8.8360980e-002
 -1.0527807e-001
 -5.9106826e-003
 -2.2544254e-002
 -1.0634959e-001
 -1.2817955e-001
 -2.0841295e-002
 -1.2756648e-002
 -5.1335084e-002
 -1.0110955e-001
 -1.5207771e-009
 -6.7766810e-003
 -3.7956676e-002
 -9.4733130e-002
 -3.5927246e-002
 -2.3973573e-002
 -6.2704463e-002
 -9.4455182e-002
 -1.2863964e-009
 -2.9531040e-002
 -5.9360643e-002
 -7.2734415e-002
 -4.2130307e-002
 -4.9452241e-002
 -8.5890735e-002
 -4.0708255e-002
 -6.1157018e-003
 -2.1355618e-002
 -9.3289250e-002
 -4.5986642e-002
  5.5052465e-003
  1.0472734e-003
 -1.2138809e-001
 -8.3021697e-002
  3.2927465e-003
  1.3453263e-002
 -8.3631595e-002
 -5.7289799e-002
  1.0329339e-003
 -2.3592487e-003
 -7.3795613e-002
 -1.1369579e-002
  1.2738632e-002
  2.3521415e-002
 -5.7221327e-003
  3.1402745e-010
 -1.7966484e-013
 -3.0320539e-013
  1.6350600e-013
 -4.1137438e-013
 -3.5829970e-013
  3.6608037e-013
 -2.1931672e-013
  4.5515170e-013
 -3.2984748e-010
 -1.3901875e-002
 -7.9719467e-002
 -9.5928922e-002
 -1.9145965e-002
  1.5974644e-002
 -6.8949482e-002
 -1.0562149e-001
 -4.1502127e-002
  1.0656187e-002
 -1.0148122e-001
 -1.2195175e-001
 -5.3984594e-002
  3.4080131e-002
 -6.7303894e-002
 -7.6705830e-002
 -6.2964962e-002
  3.0507507e-002
 -4.4219148e-002
 -6.7535742e-002
 -5.3377111e-002
 -5.1917681e-002
 -4.8399310e-002
 -4.1348492e-002
 -7.3438126e-002
 -4.3609150e-002
 -3.1338306e-002
 -2.3779120e-002
 -1.1490171e-001
 -1.1447920e-001
 -9.6105683e-003
 -3.0194784e-003
 -2.8605492e-002
 -8.0693703e-002
 -4.4166867e-002
  2.5485085e-009
  7.6576679e-004
 -1.1049695e-001
 -6.2929486e-002
 -4.4830728e-002
  6.2418132e-003
 -6.3692111e-002
 -4.7135515e-002
 -2.6538190e-002
 -1.5837820e-003
 -2.6761312e-002
 -6.8873197e-002
  8.5149699e-003
  2.8391187e-002
 -1.7672508e-002
 -6.8139126e-004
 -1.3785940e-011
  4.0421470e-013
  1.7523626e-013
  2.3940667e-013
  3.7415866e-013
 -3.6244546e-013
  3.7554972e-013
 -4.1185240e-013
  2.5747730e-013
 -3.1626886e-010
 -1.3495300e-002
 -7.5183585e-002
 -7.3397830e-002
 -5.6456982e-002
 -1.7593565e-002
 -4.2813174e-002
 -5.3786135e-002
 -3.6656292e-002
 -7.9314472e-002
 -4.4076103e-002
 -9.3118460e-002
 -4.1207280e-002
 -4.6004771e-002
 -3.7150701e-002
 -8.2416144e-002
 -3.4252340e-002
 -5.2252416e-002
  1.3957758e-002
 -4.9221952e-002
 -7.9279499e-002
 -5.3004254e-002
 -3.2729503e-002
 -3.8722139e-002
 -1.1406939e-001
  3.8632028e-010
 -3.9257918e-002
 -5.6378749e-002
 -6.2848698e-002
 -7.5418696e-002
 -5.9872490e-002
 -7.6119770e-002
  2.2987985e-009
  2.5620546e-009
 -6.1642120e-002
 -4.4269076e-002
 -4.0640179e-002
 -1.2736611e-002
 -6.3651347e-002
 -5.5246893e-002
 -2.9058842e-002
 -3.1631294e-002
 -3.2926197e-002
 -3.8731350e-002
 -2.2993788e-002
 -9.1973588e-003
 -4.9761776e-002
  1.0516205e-002
 -3.1352247e-002
 -5.1058773e-003
 -1.1973481e-010
  3.2714384e-015
 -2.5665959e-013
  3.6772071e-013
  3.0378863e-014
  3.8085698e-013
 -3.6247206e-013
  3.7824333e-013
  7.4684311e-014
  7.7869893e-014
 -3.1310141e-010
 -1.3374448e-002
 -7.4781277e-002
 -7.9816165e-002
 -3.7202739e-002
 -2.0337061e-002
 -1.0085629e-001
 -4.2724507e-002
 -2.1077198e-002
 -6.5973184e-002
 -8.8829347e-002
 -2.8553850e-002
 -2.0948220e-002
 -7.9141914e-002
 -5.6116889e-002
 -3.6139846e-002
 -1.6680768e-002
 -5.2796579e-002
 -7.1705273e-002
 -2.8592365e-002
 -3.1589895e-002
 -5.3578188e-002
 -6.0079853e-002
 -5.4409947e-002
 -1.9768202e-002
 -6.3082409e-002
 -5.4495617e-002
 -5.2220341e-002
 -7.3391279e-002
 -3.5633286e-002
 -4.7077404e-002
 -2.4860998e-002
 -1.0114296e-001
  2.2433200e-002
 -1.4476643e-002
 -7.9342764e-002
 -6.4932847e-002
 -1.6355378e-002
 -3.0273443e-002
 -7.8880512e-002
 -5.4069431e-002
  2.5082712e-002
 -4.9327130e-002
 -5.9317905e-002
 -1.4313919e-009
 -1.5886946e-010
 -3.6819049e-002
 -4.8054950e-002
 -7.4940070e-003
 -2.0329488e-010
 -2.3946254e-013
  2.8524857e-013
  4.5324977e-013
  4.0747303e-013
  1.4950452e-013
  3.8046342e-013
 -3.6247138e-013
  3.8102992e-013
  3.0405018e-013
  1.3783169e-012
 -3.1048051e-010
 -1.3245890e-002
 -7.3602156e-002
 -7.5515324e-002
 -4.9366069e-002
 -4.5133727e-002
 -4.7550377e-002
 -3.0937058e-002
 -8.7848528e-002
 -3.1423262e-002
 -6.8621761e-002
 -1.2392744e-002
 -7.1369513e-002
 -9.6458434e-002
 -4.3055719e-002
 -1.0965720e-002
  1.6252506e-009
 -7.5109060e-002
 -5.4776906e-002
 -5.9996151e-002
 -4.2809290e-003
 -5.8787241e-002
 -2.7025721e-002
 -1.3023951e-001
 -1.9666254e-002
 -3.4763831e-002
 -9.2925090e-002
  2.5636860e-003
 -1.0380931e-001
  3.3989168e-003
 -1.0719156e-001
 -3.7998817e-002
  2.4836618e-003
 -1.0469962e-001
  1.7208161e-002
 -1.1335656e-001
  2.9956546e-002
  2.6436449e-002
 -8.1188644e-002
 -7.7638657e-002
 -3.1069856e-002
  4.7550975e-002
 -1.1355887e-001
 -6.0827176e-002
 -2.0935974e-009
  2.9273595e-002
 -9.7316175e-002
 -3.0076568e-002
 -1.2305625e-009
  3.5485503e-013
 -4.1462480e-012
  4.5943631e-013
  4.0005733e-013
  4.0723681e-013
  1.5088076e-013
  3.8045860e-013
 -3.6247137e-013
  3.8711927e-013
 -4.0436343e-013
 -4.5767000e-013
 -3.0408943e-010
 -1.2981232e-002
 -7.0199926e-002
 -5.4925532e-002
 -3.3904708e-002
 -6.2599592e-002
 -6.3654933e-002
 -6.1617112e-002
 -7.9510363e-002
 -3.7089031e-002
 -2.7566938e-002
 -3.3062840e-002
 -1.1437819e-001
 -3.5480048e-002
 -4.6481638e-003
 -4.7851179e-002
 -1.4552243e-001
 -4.9913584e-002
  3.5433368e-002
 -3.9022952e-002
 -8.1894217e-002
 -7.5455200e-002
 -4.9636989e-002
  3.8035755e-002
 -7.0489700e-002
 -7.1857985e-002
 -7.0089200e-002
  1.7195134e-003
  1.9407252e-002
 -8.5799553e-002
 -4.4868527e-002
 -1.0675417e-001
 -3.0004010e-003
 -4.8095638e-002
 -3.9607710e-002
 -5.1252445e-002
 -3.3073817e-002
 -7.1680296e-002
 -6.2897678e-003
 -6.7077341e-002
  7.5143691e-002
 -7.5269035e-002
 -4.8633308e-002
 -5.2138292e-002
 -5.6903066e-002
 -1.2018070e-002
 -6.2868959e-002
 -1.4434625e-002
 -3.4925202e-010
  4.5897449e-013
 -4.5613570e-013
 -1.7015697e-013
  4.0263669e-013
  4.0720985e-013
  1.5092960e-013
  3.8045843e-013
 -3.6247137e-013
  3.8901719e-013
 -3.7450523e-013
 -3.1147817e-013
 -3.0286113e-010
 -1.2906695e-002
 -7.0600088e-002
 -7.2133023e-002
 -2.8599790e-002
 -9.6577243e-002
 -7.5264977e-002
 -3.5749525e-002
 -5.1154545e-002
 -7.4486153e-002
 -1.5337855e-002
 -8.0892459e-002
 -1.1922713e-002
 -1.0660707e-002
 -2.6105044e-002
 -7.4916864e-002
 -3.1856912e-002
  1.9174218e-002
 -1.0233341e-001
 -1.0629386e-001
 -2.8469019e-002
  1.6459132e-002
 -8.2320262e-002
 -9.1095064e-002
 -3.6850562e-003
 -6.0689260e-002
 -1.3531074e-001
 -7.8062178e-002
 -3.1767987e-002
 -2.3876780e-002
  1.6746150e-003
  1.1197174e-002
 -6.7296808e-002
  4.7494246e-002
 -1.3535205e-001
 -3.8324703e-002
 -2.0142524e-003
 -1.7083535e-002
 -3.1745924e-002
 -8.3952552e-002
 -9.0711072e-002
 -3.3398138e-009
 -3.4442792e-002
 -2.2031847e-002
  6.1197743e-002
 -1.0839285e-001
 -1.0182125e-001
 -1.6235660e-002
 -3.8589986e-010
 -4.2752707e-013
 -3.7592158e-013
 -4.5727771e-013
  4.0089013e-013
  4.0721352e-013
  1.5093015e-013
  3.8045842e-013
 -3.6247137e-013
  3.9025533e-013
 -3.3625971e-013
  1.9505461e-013
 -2.9822684e-010
 -1.2709859e-002
 -6.7528659e-002
 -4.7840081e-002
 -5.2672290e-002
 -8.1664839e-002
 -3.1031350e-002
 -9.3748788e-002
 -4.3932280e-002
 -8.9318050e-002
 -3.8137996e-002
 -6.5473551e-002
 -1.8980681e-002
  1.0308162e-002
 -7.8196954e-002
  6.6249927e-003
 -4.1126636e-002
 -2.4128701e-002
 -8.9791548e-002
 -4.2852869e-002
  1.4291848e-002
 -6.7281020e-002
 -1.6575192e-001
 -9.5638277e-002
  7.5061179e-003
  2.1417080e-002
 -1.7545016e-001
  3.5294639e-002
  1.5071314e-002
 -1.0787100e-001
  5.5679174e-002
 -2.0108400e-002
  4.6880170e-003
 -1.6947269e-001
 -9.3567049e-002
 -3.1590862e-003
 -1.9459177e-002
 -5.9277271e-002
 -6.8161377e-002
 -4.4030800e-002
  2.2787091e-002
 -2.2089098e-002
 -1.8258836e-002
 -4.8561669e-002
 -9.1833693e-002
 -7.3503084e-002
 -4.0332086e-002
 -8.8558289e-003
 -2.0736931e-010
  3.6288801e-013
  1.8862679e-013
  2.9499571e-013
  3.9807513e-013
  4.0721693e-013
  1.5093033e-013
  3.8045842e-013
 -3.6247137e-013
  3.8943906e-013
  1.4927410e-013
 -3.6477575e-013
 -2.9638321e-010
 -1.2648701e-002
 -6.6630403e-002
 -4.0601677e-002
 -6.7150093e-002
 -5.9566730e-002
 -9.2483865e-002
 -8.5803724e-002
 -4.6634721e-002
 -5.0041746e-002
 -3.6899889e-002
 -6.0821829e-002
 -3.8439673e-002
 -5.1257137e-002
 -1.7820337e-002
 -7.9245374e-003
 -6.7023454e-002
 -1.2896037e-001
 -1.0209673e-002
 -8.9484706e-002
 -8.0031809e-002
  7.5272959e-002
 -5.4093217e-002
  4.4461687e-002
 -5.4714730e-002
 -1.0537067e-001
  1.5722922e-002
 -5.4069622e-011
 -1.0570266e-001
 -1.3203306e-001
 -7.2365479e-002
 -1.4718482e-001
  5.8032725e-002
  9.0522566e-002
 -2.0364141e-002
 -5.7298459e-002
 -1.4628653e-001
 -2.8732238e-002
  1.0829645e-002
  2.1698771e-002
 -1.3411683e-001
  7.9520712e-003
 -8.3078362e-002
 -1.9596775e-001
  7.1517268e-002
  5.6926710e-003
 -5.6235166e-002
 -1.1141878e-002
 -2.6164698e-010
  3.1828664e-013
 -1.6934350e-013
 -3.6383053e-013
  4.0058718e-013
  4.0721131e-013
  1.5093050e-013
  3.8045842e-013
 -3.6247137e-013
  3.8913931e-013
  3.8575309e-013
  3.1762547e-013
 -2.9653675e-010
 -1.2657864e-002
 -6.7085201e-002
 -4.4960445e-002
 -7.3925769e-002
 -4.8180722e-002
 -6.6805912e-002
 -2.2022114e-002
 -7.9218687e-002
 -6.2901632e-002
 -3.8403275e-002
 -5.7814509e-002
 -5.0431013e-002
 -4.6909112e-002
 -4.4746679e-002
 -8.3165913e-002
 -8.3219589e-002
  2.8521628e-009
 -4.8476385e-003
 -2.9092699e-002
 -1.2023313e-001
 -9.4693041e-002
 -2.6162118e-009
 -1.0777566e-001
  5.9777763e-002
 -5.7624000e-003
 -6.1340350e-002
 -1.5676681e-001
  2.7165595e-002
 -2.1018518e-002
  3.8807921e-002
 -4.4893343e-002
 -7.2530661e-002
 -3.3478592e-009
 -7.2829558e-002
 -1.4576942e-002
 -9.1961665e-002
 -4.7694562e-002
 -3.2074161e-003
  3.0540020e-002
 -1.4799486e-002
 -9.5020602e-002
 -1.4012272e-001
 -1.7966826e-002
 -4.9535916e-002
  1.2913094e-002
 -9.7584384e-002
 -1.4784042e-002
 -3.4651742e-010
  1.0205633e-013
 -2.8259151e-013
 -4.0390574e-013
  4.0093542e-013
  4.0721009e-013
  1.5093062e-013
  3.8045842e-013
 -3.6247137e-013
  3.8955179e-013
  4.0374225e-013
  3.2743744e-013
 -2.9711221e-010
 -1.2668295e-002
 -6.7673736e-002
 -5.0196755e-002
 -3.7012761e-002
 -6.6804669e-002
 -7.8766984e-002
 -6.4259030e-002
 -1.9966579e-002
 -5.0277101e-002
 -9.4813541e-002
 -4.0938499e-002
 -5.0115603e-002
 -5.6003016e-002
 -8.3392641e-002
 -1.2282197e-002
 -6.2269654e-003
 -5.6390819e-002
 -2.8542310e-002
 -9.0933455e-002
 -3.3353154e-002
 -3.0402774e-002
 -7.5832478e-002
 -3.4965476e-002
 -3.7276917e-002
 -1.0748178e-001
  2.1252429e-002
 -3.4755502e-002
  1.3120350e-002
 -9.4878126e-002
  5.8280174e-003
 -4.2314507e-002
 -1.1903558e-001
 -4.9328917e-003
 -1.0101150e-001
  4.7418281e-002
 -1.6342393e-002
  9.6095571e-003
 -1.4333189e-001
 -7.2203506e-002
 -5.0428279e-002
 -8.9961385e-002
  1.0608762e-002
 -2.6960500e-002
 -2.6172757e-002
 -3.3793530e-002
 -6.8487081e-002
 -1.0836301e-002
 -2.5350151e-010
  9.8101591e-014
 -3.8861775e-013
 -3.6177773e-013
  4.0078345e-013
  4.0721004e-013
  1.5093073e-013
  3.8045842e-013
 -3.6247137e-013
  3.9025388e-013
  3.7148986e-013
  1.2168145e-012
 -2.9694558e-010
 -1.2671781e-002
 -6.8246214e-002
 -5.8551409e-002
 -3.4528715e-002
 -7.2978194e-002
 -2.8495284e-002
 -1.0370196e-001
 -2.6348389e-002
 -1.2221144e-001
 -2.8953321e-002
 -4.9243695e-002
 -8.5971799e-002
  2.1764280e-009
 -1.7527115e-002
 -6.4024339e-002
 -1.2067284e-001
 -1.1447048e-001
 -7.0374118e-002
  9.4863957e-002
 -4.7036394e-002
  3.9847272e-002
 -6.8581875e-002
 -8.1301604e-002
 -1.2385270e-002
 -5.5298589e-002
 -3.5132064e-002
 -5.3094424e-002
 -3.5588549e-002
 -8.8218500e-003
 -7.8886992e-002
  2.9681995e-002
 -3.8789870e-002
  3.9210591e-010
 -3.3458922e-002
 -2.3215573e-002
 -6.3125628e-002
 -1.0318766e-001
 -1.0385934e-003
 -1.0392430e-001
 -1.7527532e-002
 -9.1576323e-002
 -1.3947120e-001
 -4.0229808e-002
 -4.4103668e-002
  1.7290273e-002
 -2.2917311e-002
 -5.3652465e-003
 -1.2573880e-010
  1.7971015e-015
 -3.2893109e-014
 -3.8771116e-013
  4.0091494e-013
  4.0720974e-013
  1.5093083e-013
  3.8045842e-013
 -3.6247137e-013
  3.9075310e-013
  3.5311753e-013
  4.1882623e-013
 -2.9676066e-010
 -1.2662075e-002
 -6.8456918e-002
 -6.3286134e-002
 -4.5561049e-002
 -4.3652917e-002
 -5.3923817e-002
 -8.4317444e-002
 -9.2965580e-002
 -4.2776390e-002
  2.8211879e-002
 -9.9136518e-002
 -3.2271188e-002
 -4.4694306e-002
 -6.4021450e-002
 -6.3029841e-002
 -1.0667121e-001
 -2.4313697e-002
 -3.3560336e-002
 -6.7492665e-002
 -1.0157430e-001
 -2.6300579e-002
  2.7263306e-002
  3.1313688e-002
  9.8438662e-003
 -3.1611805e-002
 -6.9749164e-002
 -4.1500212e-002
 -6.7064944e-002
 -5.3555876e-002
  8.5967506e-003
 -7.2920919e-002
 -6.9529792e-002
  5.8577312e-003
 -5.8616872e-002
 -8.7019992e-002
 -1.6364710e-002
  1.3180756e-002
 -7.3765572e-002
 -1.4790243e-001
 -5.7494833e-002
 -3.5662333e-002
 -5.5900759e-002
 -8.2840863e-004
 -1.5814682e-002
 -7.7855161e-002
 -2.2582960e-002
 -3.8184463e-003
 -9.5163542e-011
  2.9311900e-015
 -3.9762494e-013
 -4.1070166e-013
  4.0102162e-013
  4.0720964e-013
  1.5093091e-013
  3.8045842e-013
 -3.6247137e-013
  3.4230889e-013
 -2.0664400e-013
 -3.4569002e-013
 -2.9782789e-010
 -1.2700100e-002
 -6.7924298e-002
 -6.0311588e-002
 -6.9688869e-002
 -4.0766081e-002
 -6.8065198e-002
 -6.9085308e-002
 -2.8890052e-002
 -3.4880816e-002
 -7.2153258e-002
 -1.3250983e-002
 -7.1616227e-002
 -1.1537080e-001
 -6.3429616e-002
  2.3060787e-002
 -6.1418933e-002
 -2.2167200e-002
 -5.8574940e-002
 -9.8190247e-003
 -5.4218888e-002
 -7.5072000e-002
  1.8910148e-002
 -5.0905447e-002
  2.0751201e-002
 -6.4240259e-002
 -4.7391814e-002
 -7.5167211e-002
 -6.1082691e-002
  6.2716975e-002
  3.8701759e-009
 -1.5422650e-002
 -6.6686422e-002
 -1.5846858e-001
 -9.8920453e-002
 -2.8261208e-002
 -8.3071162e-002
 -3.7544875e-002
 -5.5625438e-003
  2.9569083e-002
 -4.4929997e-002
 -7.7535340e-002
 -3.0134639e-009
 -1.4651228e-001
 -5.4513886e-009
 -9.2483319e-002
 -1.7246988e-002
 -2.8089560e-003
 -6.6156582e-011
  4.0189894e-013
  4.5840086e-013
 -3.8558187e-013
  4.0080830e-013
  4.0721023e-013
  1.5093099e-013
  3.8045842e-013
 -3.6247137e-013
  3.7158289e-013
 -4.1292031e-013
 -1.5240279e-012
 -3.5932461e-010
 -1.5102470e-002
 -6.5818699e-002
 -6.5422257e-002
 -6.2968732e-002
 -6.4569370e-002
 -4.4998542e-002
 -4.2959574e-002
 -3.1490467e-002
 -9.5845616e-002
 -8.4049488e-002
  1.0780823e-002
 -4.6366721e-003
 -7.6777018e-002
 -4.7093757e-002
 -1.3916828e-001
 -5.0769584e-002
 -6.1752219e-002
 -2.2425285e-002
  5.2615427e-002
  2.1322508e-002
 -8.0815860e-003
 -7.8873516e-002
 -1.1715360e-001
 -9.7572142e-002
 -2.3016707e-002
 -1.6391261e-002
 -9.0191103e-002
 -5.2917734e-002
  5.4696773e-002
  1.6274597e-002
 -1.1158364e-002
 -3.5351779e-002
 -8.7799952e-003
 -3.1874030e-002
 -1.0371220e-001
 -8.4412984e-002
 -3.0098104e-002
 -1.9251132e-001
 -4.0426402e-010
 -7.5142512e-003
 -1.6382834e-002
 -5.8187513e-002
 -1.1905796e-001
  1.9953805e-003
 -6.1446457e-002
 -3.3743462e-002
 -3.6112841e-003
 -8.4609339e-011
 -4.5910291e-013
 -1.9865508e-013
 -2.4474994e-013
  4.0018319e-013
  4.0721157e-013
  1.5093108e-013
  3.8045842e-013
 -3.6247137e-013
  2.3150397e-013
 -2.1068685e-013
 -2.8882319e-011
 -1.2242889e-003
 -3.4682057e-002
 -4.7583689e-002
 -5.5903959e-002
 -5.1623973e-002
 -6.0281924e-002
 -5.6945853e-002
 -3.2138232e-002
 -1.2213940e-002
 -2.5692048e-002
 -5.9125185e-002
 -8.1360406e-002
 -5.0211823e-002
 -6.9687080e-002
 -3.0414236e-002
 -5.1731652e-002
 -6.2633348e-003
  4.7068123e-002
 -3.3121861e-002
 -6.8139168e-002
 -1.1578861e-001
 -4.4702775e-002
 -2.3938445e-002
 -5.4300314e-002
 -1.3742718e-001
 -3.8951683e-009
 -3.8834143e-002
 -5.5466661e-002
 -1.8521843e-009
 -4.5657245e-002
 -1.2122120e-002
  4.5168005e-002
  1.0544742e-001
 -4.3288896e-002
 -1.3206548e-001
 -1.0095515e-001
 -1.0995651e-001
 -7.8112052e-002
  2.7541393e-002
 -1.4248762e-001
 -1.1768167e-001
 -1.0141297e-001
  8.2516766e-002
  1.7675805e-002
 -1.5555067e-001
 -4.7308568e-002
 -3.7032848e-002
 -3.6801340e-003
 -7.8240025e-011
  4.5740185e-013
  4.1944009e-013
 -1.8914148e-013
  3.9996099e-013
  4.0721203e-013
  1.5093110e-013
  3.8045842e-013
 -3.6247137e-013
 -2.3816942e-013
  1.7182010e-013
 -5.6704494e-011
 -2.4316083e-003
 -3.6475391e-002
 -4.6111813e-002
 -5.8817421e-002
 -5.3464532e-002
 -5.8430124e-002
 -6.2799175e-002
 -5.5953013e-002
 -2.8394460e-002
 -1.1800773e-001
 -3.0732746e-002
 -1.5568426e-002
 -7.4854877e-002
 -6.5111315e-002
 -1.2728941e-002
  2.1809685e-002
 -4.1664638e-002
 -8.9756029e-002
 -5.9407270e-003
  4.1419850e-009
 -1.5118424e-002
 -6.7232676e-002
 -5.6986747e-002
 -3.8527597e-002
 -6.4754280e-002
 -3.9220117e-002
 -1.0291303e-001
 -6.9941810e-002
  7.6862546e-002
  1.3859322e-009
 -5.6357969e-002
 -1.2805413e-001
 -1.4026916e-001
  1.3091873e-002
 -5.7033062e-002
 -4.6248876e-002
 -3.5105942e-002
 -6.3279166e-002
 -2.7228159e-002
 -4.9179383e-003
  5.2848104e-003
 -2.9691023e-002
  8.9038784e-003
 -1.6590254e-001
 -1.9291078e-002
 -9.3714295e-002
 -5.0887359e-002
 -3.6864799e-003
 -8.6823065e-011
  2.1696544e-013
 -4.5998579e-013
  1.3680676e-013
  3.9889424e-013
  4.0721415e-013
  1.5093120e-013
  3.8045842e-013
 -3.6247137e-013
  1.7866754e-013
 -1.0615499e-013
 -1.0009540e-010
 -4.2704679e-003
 -3.8639607e-002
 -4.4245442e-002
 -6.0658427e-002
 -5.8618089e-002
 -4.9525258e-002
 -4.0693819e-002
 -3.6350752e-002
 -2.6929760e-002
 -8.6428256e-002
 -4.7737213e-002
 -1.0792308e-001
 -5.8487311e-002
 -4.2115697e-002
 -3.9447453e-009
 -6.3775212e-002
 -6.4870507e-002
 -1.1893663e-001
 -2.3201302e-002
 -2.9286669e-002
  9.1010965e-004
  5.3058218e-003
 -4.3274108e-002
 -4.3299545e-002
 -3.1721820e-002
  2.1765573e-002
  3.9615913e-002
  1.6016891e-002
 -1.1797735e-001
 -1.6545568e-001
 -1.0585584e-001
 -1.6146393e-002
 -8.8495860e-002
  1.9603203e-002
 -2.3104470e-002
 -5.0799471e-002
 -3.4246905e-002
 -7.6823378e-002
 -3.3899918e-002
 -9.3354207e-002
 -2.7927794e-002
 -7.9039453e-003
 -1.4635968e-001
 -9.8114672e-002
  6.3501374e-002
 -2.6944359e-002
 -4.3636655e-002
 -3.1317963e-003
 -7.3568151e-011
  2.6252462e-014
 -4.0320787e-013
  1.4306921e-013
  3.9887495e-013
  4.0721419e-013
  1.5093120e-013
  3.8045842e-013
 -3.6247137e-013
 -3.6638470e-013
  1.7583901e-013
 -1.0518360e-010
 -4.4875403e-003
 -3.9224151e-002
 -4.3350722e-002
 -4.9900622e-002
 -5.2124651e-002
 -6.4514947e-002
 -4.6105156e-002
 -4.6860717e-002
 -8.5452439e-002
 -4.9242544e-002
 -8.7743642e-002
 -4.3553565e-002
 -9.8148753e-003
 -6.4027145e-002
 -1.0343143e-001
 -6.7237954e-002
 -7.8279938e-002
  4.9971155e-002
 -4.2878757e-002
 -3.0924440e-002
 -1.3489839e-002
 -1.5772268e-002
 -1.4899140e-002
 -3.1465633e-002
 -4.8948204e-002
 -5.9564440e-002
 -9.2195179e-002
 -5.7605900e-002
 -2.7941299e-002
 -1.1157866e-002
  3.9064498e-003
  1.3883952e-002
 -1.0342609e-001
 -1.4215057e-001
 -9.2830048e-002
 -7.9629179e-003
  7.0946427e-003
 -3.9753889e-002
 -1.0373064e-001
 -3.7967576e-002
 -1.0213631e-001
  1.7595622e-002
 -1.1781919e-001
  2.4554768e-003
 -6.4592554e-002
  1.7762991e-002
 -2.1124350e-002
  9.2743673e-011
  3.6572478e-013
  4.5119701e-013
  1.6975389e-013
  3.2743974e-013
  3.9813958e-013
  4.0721570e-013
  1.5093130e-013
  3.8045842e-013
 -3.6247137e-013
  3.9560907e-013
 -2.8815861e-013
 -1.3361816e-010
 -5.6833270e-003
 -4.1853143e-002
 -4.2215017e-002
 -5.8909380e-002
 -5.4464512e-002
 -4.7179465e-002
 -5.5894376e-002
 -2.0834261e-002
 -8.8756245e-002
 -5.7585514e-002
 -1.5071748e-002
 -1.4051997e-002
 -1.0349051e-001
 -7.1160233e-002
 -1.0581544e-001
 -1.9579566e-002
  4.3673061e-002
 -7.2729566e-002
 -7.1379849e-002
 -6.8126005e-002
 -3.4427232e-002
 -9.0862531e-003
 -8.6130869e-002
 -1.9024945e-002
  2.4459941e-002
 -8.5028078e-002
 -8.5439768e-002
 -1.4211391e-002
  4.4540589e-002
 -9.4546261e-003
 -8.3502008e-002
 -5.5454028e-002
 -9.2318609e-002
 -4.2395229e-002
  1.6923966e-002
 -5.2881578e-002
 -4.6252713e-002
 -1.2665396e-002
 -1.5932994e-002
 -5.4867058e-002
 -6.9892069e-002
 -1.4190449e-001
 -1.4872226e-001
  7.3205964e-002
 -6.2022021e-002
 -4.0573744e-002
 -2.5708888e-002
 -6.0265133e-010
 -1.9945974e-013
  4.1124415e-013
 -4.0859965e-013
  3.4039705e-013
  3.9809977e-013
  4.0721577e-013
  1.5093130e-013
  3.8045842e-013
 -3.6247137e-013
  1.5937696e-013
  2.4501551e-013
 -1.3534009e-010
 -5.8334193e-003
 -4.2854656e-002
 -4.2130888e-002
 -5.7402326e-002
 -6.1874375e-002
 -2.8800921e-002
 -4.2786880e-002
 -1.0975567e-001
 -1.4189321e-002
 -1.3694737e-002
 -1.7976479e-002
 -8.8601632e-002
 -5.1419820e-002
  1.7769793e-003
 -2.3218308e-002
 -5.2448091e-002
 -5.9773954e-002
 -4.0453683e-002
 -1.1783316e-002
  1.2175501e-002
 -8.2024020e-002
 -6.1733334e-002
 -7.6563462e-002
 -7.9578650e-002
 -2.5458903e-002
 -4.6405823e-002
 -9.2983994e-003
 -3.9981903e-002
 -7.4949033e-002
 -1.0150767e-001
 -4.9665694e-002
  4.1547648e-002
 -7.2439835e-002
 -3.0761679e-002
 -6.9993567e-002
 -8.0590002e-002
 -8.0274042e-002
 -4.5051862e-002
 -5.0258676e-002
 -5.7086892e-003
 -1.5665773e-003
 -8.7877133e-002
  6.8635170e-002
 -3.1978304e-002
 -1.4432080e-001
 -8.5358269e-002
 -2.7785003e-002
 -6.5092263e-010
 -4.4584399e-013
  3.9526551e-013
  1.8417212e-013
  3.5572093e-013
  3.9800001e-013
  4.0721600e-013
  1.5093133e-013
  3.8045842e-013
 -3.6247137e-013
  3.2787570e-013
  7.3360129e-015
 -1.4501257e-010
 -6.2045649e-003
 -4.5020644e-002
 -4.2258575e-002
 -4.9610873e-002
 -7.9372861e-002
 -7.0683503e-002
 -3.4291910e-009
  1.5480497e-003
 -5.2697534e-002
 -3.5260093e-002
 -6.8656353e-002
 -3.1098316e-002
 -5.3212221e-002
 -1.2681485e-001
 -4.3565249e-002
 -6.6914322e-002
 -4.3814197e-002
  3.7608913e-002
  3.3373895e-002
  3.2900902e-002
 -1.7602087e-002
 -1.1012764e-001
 -1.5855328e-001
 -8.3859465e-002
 -8.5078857e-002
 -9.0821072e-002
  1.6951220e-009
  3.2543738e-002
 -1.0694850e-002
 -6.8313676e-002
 -7.2507664e-002
 -4.2694147e-002
 -6.9006277e-002
 -3.6516709e-003
 -7.6578820e-002
 -1.2448280e-001
 -9.0335441e-002
 -2.9582965e-002
 -4.4833185e-003
 -1.6245860e-002
  3.3765543e-003
  6.3034165e-003
 -2.5393603e-002
 -1.1841120e-001
 -6.2514843e-002
 -4.9223660e-002
 -1.7571426e-002
 -4.1453510e-010
 -4.5257444e-013
 -1.7950336e-013
  4.0670398e-013
  3.9640741e-013
  3.9776802e-013
  4.0721650e-013
  1.5093140e-013
  3.8045842e-013
 -3.6247137e-013
  3.9519202e-013
  3.8688493e-013
 -1.6321542e-010
 -6.9628596e-003
 -4.9450961e-002
 -5.2676914e-002
 -4.4539146e-002
 -2.3694843e-002
 -2.0123872e-002
 -1.3199649e-001
 -6.9056345e-002
 -5.6011806e-003
 -4.4368901e-002
 -1.6343554e-002
  7.6485958e-009
 -3.5340055e-002
  4.4004625e-003
 -2.1848362e-002
 -7.6502137e-004
 -9.6263867e-002
 -1.0430261e-001
 -1.1165826e-001
 -5.4962129e-002
 -1.9993831e-002
 -1.6942456e-002
 -7.2059641e-002
 -8.4915460e-002
 -4.0408061e-002
 -4.7483976e-002
 -5.6788792e-002
 -5.4101994e-002
 -3.6877559e-002
 -2.7084744e-002
 -1.2550367e-001
 -1.7952537e-002
 -1.4416461e-002
 -3.2087706e-003
  2.1691211e-002
 -4.0498303e-002
 -5.0508763e-002
 -4.5548887e-002
 -1.4219535e-001
 -9.1389272e-002
 -7.2803700e-002
 -1.5837697e-002
 -2.4388396e-002
 -1.0781717e-001
 -2.0558522e-002
  9.6314536e-010
 -1.3955690e-002
 -3.2710295e-010
  4.8183536e-014
 -3.7212870e-013
 -3.3916429e-014
  3.9832454e-013
  3.9776298e-013
  4.0721651e-013
  1.5093140e-013
  3.8045842e-013
 -3.6247137e-013
  3.2471251e-013
 -4.4598782e-013
 -1.6550156e-010
 -7.0609570e-003
 -5.0585054e-002
 -6.2310038e-002
 -6.0506284e-002
 -2.2018859e-002
 -3.6059077e-002
 -2.3800566e-002
 -6.3797242e-002
 -6.2085541e-002
 -3.0588322e-002
 -4.1373890e-002
 -5.3424553e-002
 -3.0741197e-002
 -2.1289396e-002
  1.3561369e-002
 -9.8655587e-003
 -3.5541548e-002
 -8.7828973e-002
 -1.0679871e-001
 -1.3295359e-001
 -1.0427426e-001
 -4.6098093e-003
  8.8311775e-003
 -4.2963771e-002
 -8.8008537e-002
 -1.0472549e-002
 -4.8882296e-002
 -6.1507460e-002
 -6.5279857e-002
 -4.6444079e-002
  4.3449739e-003
 -1.8151448e-002
 -7.0024874e-003
  7.1819402e-003
 -6.6976917e-002
 -1.1402202e-001
 -8.4743776e-002
 -3.0110804e-002
 -3.9852338e-002
 -8.6941694e-002
 -9.5105903e-002
 -9.5795621e-002
 -6.6385666e-002
  4.6082840e-002
 -3.3970117e-002
 -7.9414334e-003
 -1.7189013e-002
 -4.0259176e-010
  2.1557774e-013
  4.3868079e-013
  4.5843368e-013
  3.9529892e-013
  3.9777298e-013
  4.0721649e-013
  1.5093140e-013
  3.8045842e-013
 -3.6247137e-013
 -3.7539514e-013
  2.6720799e-013
 -1.6774177e-010
 -7.1620529e-003
 -5.0878268e-002
 -5.1302585e-002
 -2.1198241e-002
 -2.4051805e-002
 -9.6017267e-002
 -7.0769588e-002
  2.4722019e-002
 -1.6071728e-002
 -1.0131015e-001
 -1.1962127e-001
 -1.6438614e-003
 -3.4855070e-002
 -1.0362191e-001
 -7.8616129e-002
  4.8749733e-003
 -2.4404821e-002
  6.2755312e-003
  6.8361444e-003
 -3.2973417e-002
 -7.8393583e-002
 -1.0442772e-001
 -2.3347095e-002
 -2.1069887e-002
 -3.0639285e-002
 -6.2085987e-002
 -7.3202826e-002
 -4.0320544e-002
 -7.0003287e-002
  7.1164508e-009
  4.1782950e-002
 -1.5133322e-002
 -2.0797741e-003
 -8.6531650e-002
 -1.6584301e-001
 -1.0069755e-001
 -9.3328131e-002
 -8.1802772e-002
 -5.5637683e-002
 -2.6797172e-002
 -5.0951119e-002
 -6.1016514e-002
 -3.3841033e-002
  5.0916634e-002
 -3.0355082e-002
 -9.7933302e-002
 -1.5774649e-002
 -4.3306301e-010
 -1.7706498e-013
 -4.2095755e-012
  4.1123415e-013
  4.0556715e-013
  3.9769600e-013
  4.0721668e-013
  1.5093145e-013
  3.8045842e-013
 -3.6247137e-013
  1.7961511e-013
 -6.7394038e-016
 -1.8174065e-010
 -7.7415485e-003
 -5.0626607e-002
 -4.9489459e-002
 -1.8610386e-002
 -7.4738574e-002
 -3.5622482e-002
 -2.6451886e-002
 -4.7837114e-002
 -3.0170327e-002
 -3.4542394e-002
  1.0054142e-002
 -8.5150059e-002
 -6.7683752e-002
 -4.7806436e-009
 -8.8396838e-002
 -7.9230489e-002
 -6.1315429e-002
 -2.7233649e-002
  7.3218180e-003
 -6.7506868e-002
 -3.5775428e-002
  1.1177436e-002
 -3.0156682e-002
 -2.1331980e-002
 -5.0097330e-002
 -1.1029193e-001
 -8.3324596e-002
 -3.0507718e-002
 -3.9074695e-002
 -1.8524812e-002
 -5.4770045e-002
 -1.2401519e-001
 -1.3971755e-001
 -1.2159397e-001
 -3.6448930e-002
  2.5860525e-002
  2.4718369e-002
 -2.6425255e-002
 -3.1345575e-002
 -7.1797492e-002
 -8.1065282e-002
 -1.0820712e-009
 -3.9926242e-002
 -4.7634743e-002
  3.0601538e-002
 -1.8433934e-002
 -1.3684136e-001
 -1.3566219e-002
 -3.1837437e-010
  4.5954507e-013
 -4.0216392e-013
  3.8716184e-013
  3.9784569e-013
  4.0721630e-013
  1.5093139e-013
  3.8045842e-013
 -3.6247137e-013
  1.8045024e-013
  3.4256389e-013
 -2.0857180e-010
 -8.8809984e-003
 -4.8906322e-002
 -5.0989688e-002
 -5.6849614e-002
 -7.1591432e-010
 -3.2772478e-002
 -6.7229731e-002
 -6.8533642e-002
  9.1994853e-003
  3.0357879e-003
 -4.1265507e-002
  1.5459198e-003
 -5.2646059e-003
 -7.9035010e-002
 -9.8083247e-002
 -3.3525561e-002
 -9.3497032e-002
 -9.5580484e-002
 -1.0129658e-001
  1.0163368e-002
  2.4366971e-002
 -1.2603270e-002
 -1.0165799e-001
 -1.0078083e-001
 -3.6476165e-002
  4.0944056e-009
 -6.7886857e-003
 -1.6023236e-002
 -5.7913741e-002
 -6.3460571e-002
 -1.5204265e-001
 -1.9953756e-001
 -1.1720104e-001
 -4.6644097e-002
  6.4670488e-002
 -8.6536307e-003
 -9.4101386e-002
 -1.9960557e-002
  4.0552096e-003
 -2.0944655e-002
  7.0861949e-004
 -1.7465407e-002
 -4.7796321e-002
 -1.1298917e-001
 -6.3791156e-002
  5.4483426e-002
 -8.8847430e-002
 -7.8918020e-003
 -1.8538175e-010
  3.0251119e-013
 -3.7239452e-013
  4.0085845e-013
  3.9775108e-013
  4.0721654e-013
  1.5093139e-013
  3.8045842e-013
 -3.6247137e-013
 -4.0890287e-013
  4.4899206e-013
 -2.2665891e-010
 -9.4122204e-003
 -4.5805963e-002
 -7.9699705e-010
 -5.5563866e-002
 -9.8755200e-002
 -3.2380077e-002
  7.4165209e-003
 -3.9482381e-002
 -4.6925120e-002
 -2.7052679e-002
  5.3671930e-003
 -7.8989494e-002
 -7.4577565e-002
  1.1421638e-002
 -1.6420624e-002
 -6.4146463e-002
 -7.9411135e-002
 -7.4938771e-002
 -9.4807728e-002
 -4.7687165e-002
 -1.7713187e-002
 -4.0071127e-004
  1.0217189e-003
 -1.6888781e-002
 -9.0689018e-002
 -5.8597813e-002
 -1.1771530e-002
 -6.9972672e-002
 -5.9839246e-002
 -7.6938476e-002
 -1.1286643e-001
 -6.6299387e-002
 -5.0320935e-002
 -7.6762501e-002
 -3.6469123e-002
 -5.0547161e-002
 -3.6293471e-002
 -6.3491311e-002
 -7.5771833e-002
  1.7972841e-009
  2.9505868e-002
 -1.0743178e-002
 -3.5879190e-002
 -7.1620277e-002
 -1.0277709e-001
 -2.0352546e-001
  9.5881710e-002
  6.8309262e-003
  1.6000475e-010
 -5.7791935e-013
  1.6580544e-013
  4.0099811e-013
  3.9769244e-013
  4.0721676e-013
  1.5093147e-013
  3.8045842e-013
 -3.6247137e-013
  4.0932748e-013
 -5.6051755e-012
 -2.0117070e-010
 -8.5961769e-003
 -4.0378811e-002
 -5.2881315e-002
 -2.9296315e-003
  2.0083094e-002
 -6.1828168e-003
  5.7838647e-003
 -3.0779131e-002
 -7.9375794e-002
 -1.1641746e-001
 -9.2721957e-002
  1.2507530e-002
 -2.5821529e-002
 -1.0554916e-001
 -3.2637753e-002
 -9.4734669e-003
 -3.4315850e-003
  3.6914578e-002
  1.3068015e-002
 -8.8139840e-002
 -1.4865655e-001
 -1.1225034e-001
 -6.6146408e-002
 -2.3633233e-002
 -6.3730491e-002
 -5.1792221e-002
 -4.6932517e-009
 -8.7451927e-002
 -1.0870569e-001
 -1.1369918e-001
 -6.0718289e-002
 -3.0291956e-002
 -2.2399251e-002
  9.0424208e-003
 -5.4780750e-002
 -9.9538288e-002
 -5.6648457e-002
 -5.9898493e-002
  2.1799372e-002
 -5.5714095e-002
 -2.0908988e-002
 -2.5925237e-002
 -5.1497024e-002
 -4.1705350e-002
 -2.8668516e-002
 -1.1282207e-001
 -1.9454739e-002
 -4.4657246e-010
 -4.3094408e-013
 -5.1904075e-013
  3.9069539e-013
  3.4889497e-013
  3.9804332e-013
  4.0721594e-013
  1.5093124e-013
  3.8045842e-013
 -3.6247137e-013
  3.5887309e-013
  3.8676502e-013
  7.3618778e-013
  1.0150636e-009
  1.0051202e-002
 -2.6979794e-002
 -4.4050455e-002
 -5.0174051e-002
 -8.7805615e-003
 -4.1396295e-002
 -6.1952174e-002
 -3.7711830e-002
 -2.7331894e-002
 -5.6121035e-002
 -5.3914068e-002
 -4.1863283e-002
 -3.1467691e-002
 -4.7517069e-002
 -4.1110026e-002
  1.4565358e-002
 -2.8144995e-002
 -2.2207725e-002
 -6.2565732e-002
 -1.2801060e-001
 -1.4363727e-001
 -1.2411014e-001
 -8.5838855e-002
 -2.9205132e-002
 -6.9004828e-002
 -5.9734731e-002
 -3.4768132e-002
 -1.0636095e-002
 -4.8057184e-002
 -2.9114961e-002
 -2.8276431e-002
  2.4850384e-009
 -7.5420415e-002
 -1.0801499e-002
  6.4430509e-007
 -1.7190487e-002
 -8.6302710e-002
 -7.7745334e-002
 -6.4985705e-002
 -4.4276176e-002
 -1.1081377e-001
 -4.6847490e-002
 -3.6982546e-002
 -1.4624241e-002
 -7.4647041e-003
 -4.6759980e-002
 -6.0138597e-003
 -1.4108093e-010
  3.9079950e-013
 -2.2495832e-013
 -3.3804358e-013
  4.0056360e-013
  4.0721081e-013
  1.5093097e-013
  3.8045842e-013
 -3.6247137e-013
 -3.1782667e-012
 -2.8108389e-013
 -1.8311605e-010
 -7.8235454e-003
  2.6797981e-002
  4.1178242e-002
 -3.1194414e-002
 -1.2476978e-002
 -8.7035790e-002
 -6.8587229e-002
 -1.6220153e-002
 -6.3079542e-002
 -1.3759084e-001
 -1.1058143e-001
 -8.0576657e-002
 -7.1510537e-002
  4.7270733e-002
  3.1912503e-002
  2.4574588e-002
 -7.3013393e-002
 -1.0837197e-001
 -7.8945252e-002
 -2.4117454e-002
  1.7729944e-002
 -4.4051689e-002
 -3.1073374e-002
 -7.6296746e-002
 -9.8710696e-002
 -8.7388499e-002
 -9.1402637e-002
 -9.7635091e-002
  3.9652166e-002
  2.5769809e-002
 -9.1388048e-003
 -7.4058666e-002
 -4.5166349e-002
 -1.7198204e-003
  5.2345303e-002
 -9.4306054e-002
 -6.3705109e-002
 -8.1310492e-002
 -1.3000926e-001
 -7.0621497e-002
 -2.1560283e-002
  2.3278204e-002
 -2.3271450e-002
 -9.8823761e-002
 -8.3824211e-002
 -8.4182468e-002
  3.6251468e-002
  8.2155469e-010
 -2.6566085e-013
  1.6361085e-013
 -4.4774565e-013
 -4.1038655e-013
  4.0100811e-013
  4.0720986e-013
  1.5092645e-013
  3.8045792e-013
 -3.6247130e-013
 -4.3245752e-013
  4.4502858e-013
  7.1176347e-013
 -3.6309063e-011
  1.2525182e-010
  1.9326450e-010
 -1.4542045e-010
 -6.2838260e-011
 -4.0773518e-010
 -7.7058034e-010
 -7.5645005e-011
 -2.9635336e-010
 -1.2237650e-009
 -3.8907010e-010
  3.7717299e-010
 -3.3854783e-010
  2.1734612e-010
  1.4949665e-010
  1.1558574e-010
  6.0074535e-010
 -5.0769394e-010
 -1.0023029e-009
 -1.1305596e-010
  7.9123962e-011
  3.8721289e-010
 -3.4711282e-011
 -3.5798142e-010
 -4.6276341e-010
 -1.3730516e-009
 -3.4409863e-009
 -4.5766694e-010
  1.8629072e-010
  1.2069047e-010
 -4.2721686e-011
 -3.4685768e-010
 -1.1359494e-009
 -8.0597318e-012
  2.4569143e-010
 -7.5758952e-010
 -2.9955765e-010
 -1.3203841e-009
 -6.1265762e-010
 -5.0315170e-010
 -1.0146997e-010
  1.1474904e-010
 -1.1014481e-010
 -4.6328513e-010
 -3.9572739e-010
 -1.0238486e-009
  1.6974910e-010
  7.6883785e-014
 -4.4730382e-013
 -4.0374606e-013
 -4.1052018e-013
  4.0172150e-013
  3.9772245e-013
  4.0728562e-013
  1.4516529e-013
  3.8030821e-013
 -3.6239974e-013
  4.0325300e-013
  4.4911922e-014
  2.7838999e-013
 -2.3700167e-013
 -1.8765546e-013
 -1.2784906e-013
  4.2181012e-013
 -2.9072151e-013
  4.5829746e-013
  3.3139504e-013
  5.5968932e-016
  3.7557882e-014
  3.7894200e-012
  4.2961824e-013
 -5.7252657e-012
 -4.5785257e-013
 -4.5863163e-013
 -2.0070159e-012
  3.6949687e-013
  3.8780108e-013
  3.2270874e-013
 -3.1170601e-013
 -4.0742476e-013
 -9.4477614e-014
  1.1401224e-013
  3.1010415e-013
 -4.4155141e-013
  2.6436750e-013
  3.5822681e-013
  3.9296350e-013
  2.6502461e-013
 -3.4194310e-013
 -3.5954302e-013
  1.7230620e-013
 -3.5012629e-013
  2.2902416e-013
 -2.0343169e-014
  1.1243390e-013
 -9.8550611e-014
 -1.2847479e-012
 -4.5163523e-013
  1.5502342e-011
  9.7671266e-013
 -4.2513063e-015
 -1.5423694e-013
  3.6007268e-012
  4.5659113e-014
  4.4918058e-013
  4.6027883e-013
 -4.5983743e-013
 -2.8423804e-014
 -1.6508458e-013
  3.3619687e-013
  4.0210949e-013
  4.0080635e-013
  4.0108088e-013
  3.9152077e-013
 -4.1191473e-013
  1.1741040e-013
 -3.9860588e-013
  3.0289335e-013
  2.9764260e-013
 -3.2793998e-013
  4.4876386e-014
 -2.3472791e-013
 -2.1483391e-013
  2.6463577e-013
  3.8819585e-013
  3.8352035e-013
  1.8308968e-013
 -4.6022728e-013
 -3.3239971e-013
 -1.8120832e-013
  4.1600986e-013
 -1.6588171e-013
 -3.2130694e-013
  1.7894468e-013
 -1.0931998e-013
  2.7377231e-013
 -4.0019969e-013
 -1.7044158e-013
  1.7346311e-013
 -3.8538679e-013
 -4.3074773e-013
  1.6273443e-013
  3.9991024e-013
  4.0897888e-013
 -4.1118148e-013
 -4.3853000e-013
  2.8195098e-013
 -4.0994749e-013
 -4.0927146e-013
  4.5963242e-013
  2.7733818e-013
  4.0020632e-013
  3.7386231e-013
 -4.4735949e-013
  3.9633834e-013
  3.0989809e-013
 -4.0525850e-013
 -3.8999054e-013
  4.0272324e-013
  2.4577596e-013
  1.6632252e-013
 -4.0881353e-013
  3.9924059e-013
  1.7417742e-013
 -1.8829992e-013
 -4.5840711e-013
 -1.7632565e-013
  4.5999364e-013
  6.9197097e-014
  3.0205111e-013
  3.0292881e-013
  3.0292894e-013
  3.0035148e-013
 -3.8394412e-013
  4.5769962e-013
  2.9260581e-013
  3.5331406e-014
 -3.5803131e-013
 -3.5802466e-013
 -3.5749477e-013
 -3.6132417e-013
 -3.9931594e-013
 -4.0803938e-013
 -1.4550215e-013
 -3.2253256e-013
  2.9739567e-013
 -7.8314683e-014
 -3.7938747e-013
 -1.0311987e-013
  4.0788487e-013
 -6.7706607e-014
  8.1130503e-014
  3.9593081e-013
 -4.1041969e-013
 -4.0018691e-013
 -3.9393310e-013
 -3.6423381e-013
  3.6652317e-013
  1.3741196e-013
  1.3372236e-013
 -1.0561929e-013
  4.0896442e-013
  2.1570179e-013
  3.7509643e-013
  3.9012201e-013
 -2.8523352e-015
 -7.2207363e-014
  3.0852865e-013
 -4.0944867e-013
 -3.7701007e-013
 -3.2255794e-013
  2.9322011e-013
 -1.8331317e-013
  3.4418729e-013
 -4.0723741e-013
  3.5441781e-013
 -2.6387970e-013
 -1.6773669e-013
  4.0865399e-013
  2.9241781e-013
 -3.2428003e-013
 -4.0906450e-013
 -6.4430728e-014
  3.6594636e-013
  4.6535006e-014
 -2.9116828e-013
 -3.3474532e-013
 -3.5833159e-013
 -3.5782264e-013
 -3.5802998e-013
 -3.5803136e-013
 -3.5802273e-013
 -3.6140503e-013
  3.3740090e-013
  4.0623144e-013
 -4.3902335e-013
 -1.7152315e-012
