 -1.6801192e+000
  8.7857580e-023
 -3.1497863e-022
 -1.6228077e-021
  5.1089877e-021
 -4.1016979e-021
  3.1171410e-021
 -7.3108576e-022
  3.6666188e-021
 -4.9122823e-021
  7.0654996e-021
 -3.1794500e-021
  2.3763516e-021
  1.2488063e-021
  6.2933454e-022
  1.7728638e-021
  9.8448283e-023
 -6.9470975e-022
 -1.7604945e-021
  1.5404723e-021
  1.1283100e-023
 -1.3834025e-021
  1.8364741e-021
  5.7070295e-022
  1.4284774e-021
 -1.2910847e-021
  5.4842758e-021
  1.8275996e-021
  7.9226647e-021
 -2.1279838e-021
  5.8229044e-021
 -5.2006031e-021
  6.3324996e-021
 -3.5187120e-021
  2.0278153e-021
  3.5823269e-022
 -1.0739770e-021
  8.7587554e-022
 -1.0048107e-021
  1.1286001e-021
 -4.9683503e-022
  1.6418532e-021
 -9.6989105e-022
 -4.3269899e-022
  4.8440429e-023
  2.6601582e-021
 -3.0283377e-021
  2.7573620e-021
 -1.2463941e-021
  2.3357857e-021
 -1.4731028e-021
  3.2387430e-021
 -3.2064706e-021
  3.0328214e-021
 -3.7574861e-021
  2.6133088e-021
 -2.6014524e-021
  5.6877455e-022
  9.2278031e-022
  7.4871849e-022
 -5.9727926e-022
 -1.6779643e-022
 -7.5822022e-021
  2.7479457e-020
 -1.5843317e-020
 -3.7479641e-022
  9.9351641e-021
  8.5074241e-021
 -2.6526635e-020
  3.6159658e-020
 -8.3533154e-020
  6.9003428e-020
 -4.9296191e-020
  3.2987045e-020
 -1.7604746e-021
 -3.8353129e-020
  3.2162659e-020
 -3.5457759e-020
  2.3497864e-020
 -2.0720328e-020
 -8.4122933e-021
 -7.6957706e-021
 -1.3608565e-020
  3.2775261e-020
 -1.6833065e-020
 -1.8349743e-021
  3.2918430e-020
 -1.7300706e-020
 -4.0622593e-020
 -1.4288041e-020
 -3.0172154e-020
  9.7856710e-021
 -4.9559503e-020
  4.5699572e-020
 -3.7773942e-020
  2.8055544e-020
 -2.0474135e-020
  3.2876837e-022
  1.0986154e-020
 -1.4521237e-020
 -2.9668781e-021
 -6.1786038e-021
  8.4369691e-022
  3.8704589e-021
  1.9119800e-021
 -5.7371661e-020
  5.9259937e-020
 -5.3317859e-020
  1.0066972e-020
 -9.8523998e-021
  1.6202206e-021
 -1.5801965e-020
 -2.8181729e-021
 -2.0824961e-020
  1.4105605e-020
 -2.1907417e-020
  1.2759130e-020
 -1.9297074e-020
 -2.0426861e-021
  3.8969370e-021
  5.5450242e-021
 -1.8834246e-020
  7.8591388e-020
 -1.3979967e-020
 -9.7348251e-020
  6.9010005e-020
 -7.1639556e-020
 -3.6369992e-019
  5.4519381e-021
 -1.2697228e-019
  1.9764457e-020
 -2.0159017e-019
  9.5417035e-020
 -3.1631262e-019
  3.3709536e-020
 -2.4535119e-018
 -1.3972734e-019
  1.1096534e-019
 -8.1866782e-020
 -1.6142179e-018
 -2.6123197e-020
 -4.3582801e-020
  6.0974465e-021
 -1.5632647e-019
 -1.9243176e-019
  2.5469763e-019
 -3.6972147e-019
 -2.3297397e-019
 -4.4158071e-019
 -5.1805722e-020
 -1.4963831e-019
  2.2560098e-020
 -1.3245083e-019
 -1.9670043e-019
 -1.6445414e-018
 -3.5960293e-019
  2.4626144e-019
 -1.9347545e-019
 -2.0044575e-018
  1.9235114e-019
 -1.6325506e-019
  9.2154559e-022
 -2.4454057e-018
  3.1584924e-020
 -3.6151120e-019
  6.0031169e-019
 -7.0730576e-019
  5.9290167e-019
 -2.9784449e-019
  3.0868486e-020
 -1.6487271e-018
 -1.0190849e-019
 -7.1006005e-022
  4.7381992e-020
 -2.4633529e-020
  8.4822132e-020
 -2.8725489e-020
  5.0920974e-020
 -8.1929046e-020
 -1.3959606e-020
  1.7011078e-020
  8.6982453e-020
  4.1770934e-020
 -3.0567704e-019
 -4.7618310e-020
 -5.7950576e-019
 -1.8382440e-017
  1.2219654e-017
 -4.2381458e-019
 -2.1485181e-019
 -9.1187763e-018
 -1.2600747e-017
  9.8712732e-019
 -3.6386129e-019
 -2.9130298e-017
 -2.3152482e-010
 -2.6454820e-017
 -3.7564474e-019
  4.0049286e-018
 -1.5520301e-010
 -1.6008435e-017
 -1.3317342e-019
  2.3462763e-017
 -1.9424968e-017
  7.9563622e-019
 -7.5817674e-019
  5.7385502e-018
 -2.6329132e-017
 -5.3055103e-019
  4.3940351e-019
  1.8771234e-017
  2.1836207e-017
 -4.3632727e-019
 -2.1271208e-017
 -1.8874359e-010
 -6.0748037e-018
 -7.6607323e-019
 -2.0309246e-017
 -1.8531105e-010
 -1.6495189e-017
  1.1911782e-018
 -2.7212162e-017
 -2.3308910e-010
  3.8855901e-017
  2.0087347e-018
 -1.5746751e-018
 -1.4487058e-020
 -9.8667412e-018
  2.2518336e-018
 -1.7097779e-017
 -1.4914998e-010
 -1.5672616e-017
  6.7374256e-019
  6.8512224e-019
 -1.0806601e-019
  2.1906814e-020
  3.7012917e-019
  9.9434695e-020
  1.3773634e-019
 -1.6837306e-019
 -5.5303712e-020
  9.4156917e-020
 -1.0017503e-019
 -4.2868131e-019
 -1.8553623e-018
 -8.2099601e-017
 -1.5560187e-009
  1.1598045e-009
  4.1591024e-011
 -4.3521564e-017
 -1.0026783e-009
 -1.1724501e-009
  7.5251830e-011
 -8.3103083e-017
 -1.5306155e-009
 -2.2463510e-002
 -1.3192652e-009
 -1.7703931e-017
  1.1680695e-009
 -1.5058449e-002
 -7.7601513e-010
  7.6582377e-017
  2.2657592e-009
 -2.2025208e-009
 -9.7822580e-017
  2.1666559e-017
  5.0789433e-010
 -2.7142350e-009
 -1.4035744e-016
  7.0369977e-017
  1.7216850e-009
  2.1091462e-009
  3.7050471e-017
 -1.0782535e-009
 -1.8312696e-002
  2.7995489e-010
 -5.0654646e-017
 -1.0490715e-009
 -1.7979657e-002
 -4.4607078e-010
 -3.0227136e-017
 -1.3655475e-009
 -2.2615283e-002
 -1.7005350e-009
  2.4940798e-016
  6.7758341e-011
 -5.0177718e-010
 -7.8856789e-010
 -8.7769876e-017
 -8.2115890e-010
 -1.4471157e-002
 -7.4574992e-010
 -3.7234243e-017
 -4.1515415e-011
 -1.5378134e-010
 -2.8722709e-018
  1.4926709e-019
  6.3508978e-019
  1.0440663e-019
  1.3190797e-019
 -1.3794842e-019
  4.3844025e-019
  2.9764338e-019
 -1.5137518e-018
  2.0346779e-018
 -8.3784689e-017
 -1.5560188e-009
  3.4116165e-010
  7.7705185e-010
  8.3181870e-011
 -1.1047553e-009
 -1.9010487e-009
  1.8983986e-010
 -8.0134554e-010
 -1.5096530e-002
 -3.7887841e-002
 -1.7476361e-002
 -9.5107686e-010
  1.0274796e-009
 -1.7786570e-002
 -9.6825656e-010
 -1.2704051e-010
  1.9473266e-009
 -8.6443296e-003
 -6.1120426e-010
 -5.6598173e-010
  1.4084592e-010
 -1.3677794e-002
 -1.1455210e-009
 -8.3955566e-010
  2.4136906e-009
  2.2796106e-009
 -1.2392476e-009
 -1.3053190e-002
 -1.8805042e-009
  1.2236729e-009
 -8.6853003e-010
 -1.3943391e-002
 -1.5196085e-002
 -4.8299091e-010
 -1.5861257e-009
 -2.6119216e-002
 -4.2422787e-002
 -2.1312909e-002
 -1.3303378e-009
 -4.3664487e-010
 -8.7099928e-010
 -1.1148577e-009
 -3.9051668e-010
 -7.3834705e-010
 -2.2795338e-009
  1.2327161e-012
 -8.4257463e-011
  9.7477831e-011
 -2.0974375e-010
 -9.7107530e-018
 -8.4877935e-020
  1.3364675e-018
  1.2017169e-019
 -4.7063075e-019
 -5.1972513e-020
  2.0031054e-020
 -8.7851785e-020
  1.7638384e-019
 -6.3845279e-019
 -8.0823492e-017
 -1.5560188e-009
  1.6143073e-010
  3.9661742e-010
  8.1898421e-012
 -9.9039298e-003
 -2.3377294e-002
 -2.1594022e-002
 -1.6869766e-002
 -3.0847088e-002
 -4.9417277e-002
 -4.0398424e-002
 -8.4822294e-003
  4.2437608e-010
 -1.0443007e-002
 -2.0106974e-002
 -9.1293359e-010
  2.2569254e-009
 -1.7919554e-009
 -2.5418394e-002
 -2.2137537e-002
  8.4430126e-010
 -1.6913378e-009
 -2.5599728e-002
 -1.4316019e-002
  2.3273746e-009
  1.2452329e-009
 -3.8431900e-002
 -5.0888144e-002
 -1.0193982e-009
  5.8205746e-010
 -1.8664197e-002
 -4.1375584e-002
 -2.2432699e-002
 -1.7500041e-002
 -3.6698854e-002
 -6.7315188e-002
 -5.8430865e-002
 -4.5508685e-002
 -3.5658800e-002
 -4.2315146e-002
 -2.9299231e-002
 -3.1657991e-002
 -2.3256571e-002
 -2.5776880e-002
 -1.7780272e-002
 -9.3290354e-010
  3.4996360e-010
 -4.1948751e-010
 -2.3604001e-017
 -1.1478928e-018
  1.9502618e-018
 -3.6677182e-019
 -5.5451248e-019
  1.0116766e-019
  4.8492215e-020
  2.4397126e-019
 -3.0190827e-019
 -1.2099626e-018
  6.3331290e-019
 -8.3511697e-017
 -1.5560188e-009
  1.1595372e-010
  8.3214169e-012
 -8.6534100e-011
 -9.9671354e-003
 -2.6217905e-002
 -4.1257977e-002
 -4.4809330e-002
 -4.7479863e-002
 -5.8522552e-002
 -5.7405200e-002
 -4.1786567e-002
 -2.0143042e-002
 -3.9207871e-002
 -3.3274420e-002
 -1.5076410e-002
  1.1063044e-009
 -1.6959913e-002
 -5.2906020e-002
 -2.9081949e-002
  3.9619633e-010
 -1.3727645e-009
 -3.8192750e-002
 -7.1842021e-010
  1.0510270e-009
  4.8373296e-010
 -5.5034997e-002
 -3.7043615e-002
 -1.1551541e-002
 -1.6940976e-009
 -2.6182319e-002
 -2.0934827e-002
 -3.7224508e-002
 -4.1986536e-002
 -5.9056332e-002
 -5.5085202e-002
 -6.6025058e-002
 -5.7796350e-002
 -5.7704412e-002
 -4.2782905e-002
 -5.0059365e-002
 -4.5806239e-002
 -3.7795513e-002
 -1.8493235e-002
 -2.1758507e-002
 -6.3645147e-010
 -6.2322616e-010
 -3.9364508e-017
 -1.0828920e-018
  6.1441484e-019
 -9.5948948e-019
 -2.7185169e-020
  2.9826999e-019
 -5.5209436e-020
 -2.2768063e-020
  1.2386817e-019
 -6.9395885e-019
  2.4769524e-019
  7.1838506e-019
 -8.8818872e-017
 -1.6408587e-009
 -1.1501345e-010
  2.5132760e-010
 -8.5492229e-010
 -2.0620340e-002
 -3.1596392e-002
 -4.9429057e-002
 -5.3730641e-002
 -5.9715317e-002
 -5.9850720e-002
 -6.2631185e-002
 -5.7279934e-002
 -4.0771995e-002
 -5.1128905e-002
 -3.8926155e-002
 -3.7909439e-002
 -1.4274567e-002
 -3.7285408e-002
 -4.7268860e-002
 -3.9035918e-002
 -1.9549878e-002
 -2.5768884e-002
 -4.1823409e-002
 -7.3187979e-003
 -1.1393776e-002
 -1.3039757e-002
 -5.1497757e-002
 -3.4723072e-002
 -2.9392288e-002
 -3.3295152e-002
 -3.7322744e-002
 -1.6641381e-002
 -3.0854780e-002
 -4.8932608e-002
 -4.5000618e-002
 -4.0364989e-002
 -5.4130949e-002
 -6.0988392e-002
 -4.6317841e-002
 -2.1589192e-002
 -4.2759770e-002
 -4.9208102e-002
 -2.7509826e-002
 -6.0382031e-010
 -2.0497753e-009
 -7.0248930e-010
 -6.0052297e-012
  1.6656784e-019
  2.8038512e-019
 -1.5142268e-018
  3.4838944e-019
  5.3877189e-019
 -1.4193875e-019
 -6.1687853e-020
  2.5455573e-020
 -6.9570911e-019
 -1.6811436e-020
  5.7722387e-019
 -2.1679399e-017
 -4.2419928e-010
 -8.2315218e-003
 -1.0029403e-009
 -4.9135188e-010
 -1.3371618e-002
 -3.0375534e-002
 -4.2650290e-002
 -5.3836167e-002
 -5.6336378e-002
 -6.3678762e-002
 -6.1228700e-002
 -6.6988240e-002
 -5.6994893e-002
 -5.0292529e-002
 -5.7885659e-002
 -4.7619490e-002
 -5.7576959e-002
 -4.3511114e-002
 -6.5227335e-002
 -4.9705368e-002
 -5.4328500e-002
 -4.5321966e-002
 -5.0402878e-002
 -4.5108615e-002
 -4.4755382e-002
 -6.6136150e-002
 -5.0811174e-002
 -5.1156407e-002
 -4.0669277e-002
 -4.2949577e-002
 -3.8168949e-002
 -1.2825945e-002
 -2.5724957e-002
 -3.2023537e-002
 -4.4084445e-002
 -1.5740087e-009
 -1.1354850e-009
 -3.0910900e-002
 -4.3229867e-002
 -9.9897946e-003
 -4.0233358e-010
 -4.7398222e-002
 -4.2794836e-002
 -1.9428377e-002
 -1.4207120e-010
 -2.1458190e-002
 -1.2362973e-009
 -6.5318656e-017
 -2.8816440e-019
 -1.0289636e-018
  1.1953143e-019
  4.3848332e-019
 -9.8496025e-020
 -5.3704123e-020
  2.1538090e-020
  3.8705802e-021
  7.3029081e-020
  1.1993613e-018
  1.3851816e-018
  7.3847519e-016
 -1.7043794e-009
 -2.9236927e-002
 -2.8715919e-002
 -2.6181456e-002
 -3.8032662e-002
 -4.9209731e-002
 -5.1564018e-002
 -5.8951128e-002
 -6.0149160e-002
 -5.9094816e-002
 -6.0061067e-002
 -6.7431077e-002
 -5.2488616e-002
 -4.6682358e-002
 -6.4570110e-002
 -6.8155127e-002
 -5.0000887e-002
 -5.7525437e-002
 -6.8292434e-002
 -6.2634454e-002
 -6.5754200e-002
 -8.0859636e-002
 -5.7528886e-002
 -3.8338539e-002
 -6.9201460e-002
 -1.0067403e-001
 -6.3844787e-002
 -4.0247816e-002
 -5.9476465e-002
 -5.4973027e-002
 -3.7389177e-002
  7.7237747e-012
 -2.3350494e-002
 -5.1848425e-002
 -4.4410091e-002
 -4.6181305e-010
 -1.4022378e-009
 -3.4323695e-002
 -4.2679306e-002
  1.2548938e-009
 -6.2593303e-003
 -3.4285435e-002
 -2.7603795e-002
 -1.1837701e-009
 -8.9374915e-011
 -2.5947522e-002
 -1.3371662e-009
 -7.5220415e-017
 -3.2090456e-019
 -1.8572280e-019
  3.6268429e-020
 -5.4881889e-021
 -2.7058108e-020
  2.2250379e-020
  9.1891621e-021
 -6.0651459e-021
  4.1457451e-019
  3.7606201e-019
 -5.5098684e-017
 -1.0037023e-009
 -1.8550313e-002
 -4.6631286e-002
 -4.8243216e-002
 -4.6393577e-002
 -5.3905983e-002
 -6.2372631e-002
 -5.6105353e-002
 -5.6936389e-002
 -6.3629983e-002
 -5.4517515e-002
 -4.8399708e-002
 -5.9938923e-002
 -4.5121609e-002
 -4.2332830e-002
 -5.1374236e-002
 -6.7433878e-002
 -3.9069402e-002
 -7.1286654e-002
 -8.3292894e-002
 -5.9981932e-002
 -7.0119925e-002
 -9.6598390e-002
 -7.8750348e-002
 -4.4772869e-002
 -8.5132886e-002
 -1.1569584e-001
 -6.6394280e-002
 -3.0341142e-002
 -6.9026927e-002
 -5.0179906e-002
 -2.0651920e-002
 -9.5598250e-010
 -2.1797120e-002
 -5.0385642e-002
 -3.0019500e-002
  3.9494548e-010
 -1.7259488e-002
 -3.9710944e-002
 -2.0960394e-002
  3.9550765e-010
 -6.2177650e-012
 -2.0049448e-009
 -6.0862855e-010
  1.0670776e-009
 -1.4899549e-002
 -3.5504601e-002
 -1.8285771e-009
  8.0759193e-015
 -1.0864970e-017
  2.2891964e-019
  7.4361640e-020
 -5.5308533e-020
 -1.3179907e-020
 -6.6088741e-021
  1.2530181e-021
  3.4590783e-021
  6.3921244e-019
 -1.1377486e-017
 -2.3869510e-010
 -4.6318394e-003
 -3.1125911e-002
 -6.0224801e-002
 -6.1570780e-002
 -5.9804555e-002
 -6.3834395e-002
 -6.8369146e-002
 -6.2256056e-002
 -5.6220545e-002
 -6.0163942e-002
 -5.2756203e-002
 -3.5860627e-002
 -4.6703529e-002
 -4.0923072e-002
 -3.5670699e-002
 -4.0113535e-002
 -5.9983667e-002
 -4.3782213e-002
 -6.5880620e-002
 -8.6606635e-002
 -6.4376891e-002
 -6.6227107e-002
 -1.0259031e-001
 -9.2973581e-002
 -4.6975849e-002
 -8.1112119e-002
 -1.1184073e-001
 -5.8766921e-002
 -4.7494314e-002
 -7.8896368e-002
 -4.3655528e-002
 -2.4187251e-002
 -2.1567039e-002
 -3.1806663e-002
 -2.5126340e-002
 -9.9568932e-010
 -2.5744545e-010
 -6.3247272e-003
 -1.3685107e-002
 -4.2349239e-010
  4.6455251e-011
  6.0183072e-010
 -1.5662033e-009
 -1.6413203e-009
  1.1408942e-009
 -1.1625948e-009
 -2.5305428e-002
 -1.3040768e-009
 -6.6554223e-017
 -1.0877185e-018
 -3.9326178e-020
 -9.0758372e-021
 -2.5912869e-020
 -8.9870363e-021
  1.0755505e-021
  3.9040188e-021
 -1.7783244e-023
 -1.7274933e-018
 -5.5326614e-017
 -9.6310463e-010
 -1.7034469e-002
 -4.3065368e-002
 -7.1894229e-002
 -7.2586976e-002
 -7.0298608e-002
 -6.9956033e-002
 -7.2640228e-002
 -6.5419714e-002
 -5.5386984e-002
 -5.2780421e-002
 -4.8264136e-002
 -3.6144949e-002
 -3.7531773e-002
 -4.0876525e-002
 -2.1436757e-002
 -4.0415204e-002
 -6.0193038e-002
 -5.2628230e-002
 -4.9798504e-002
 -7.6074447e-002
 -7.4493858e-002
 -4.3746596e-002
 -7.8216817e-002
 -8.1588340e-002
 -6.1465398e-002
 -7.7491886e-002
 -8.6107862e-002
 -6.6378850e-002
 -6.6335196e-002
 -7.7915508e-002
 -5.8001941e-002
 -4.3797105e-002
 -3.5770838e-002
 -1.7828495e-002
 -2.9859167e-010
 -1.6122330e-002
 -2.6781105e-002
 -1.3095562e-009
 -5.6727962e-010
  2.6614291e-010
 -2.1451187e-010
 -1.0756828e-009
 -2.3090368e-002
 -3.5513139e-002
  6.9169702e-010
 -4.2431317e-010
 -2.4056625e-002
 -1.2870250e-009
 -7.0867325e-017
 -1.7875450e-020
  4.6920669e-020
 -1.4799384e-019
  1.1714783e-021
 -2.5379752e-020
 -2.1420917e-021
  2.3954491e-020
 -5.3816802e-021
  3.5113947e-016
 -4.8814220e-010
 -8.2721053e-003
 -3.1204109e-002
 -5.6633570e-002
 -8.3803532e-002
 -8.2790785e-002
 -7.8492378e-002
 -7.5062397e-002
 -7.2200539e-002
 -6.3784385e-002
 -5.6121640e-002
 -4.8524836e-002
 -4.3233389e-002
 -3.9968052e-002
 -3.5221814e-002
 -3.8439153e-002
 -2.1807777e-002
 -3.8273159e-002
 -5.7827833e-002
 -4.1374772e-002
 -2.6343739e-002
 -5.0768698e-002
 -6.3587654e-002
 -4.3519080e-002
 -5.3134342e-002
 -7.0873667e-002
 -4.9228377e-002
 -5.5955646e-002
 -7.6990146e-002
 -5.7531415e-002
 -6.2704931e-002
 -5.8200807e-002
 -4.1985967e-002
 -5.4530823e-002
 -5.1516538e-002
 -1.8659755e-002
 -2.3776594e-002
 -2.7275412e-002
 -3.2638257e-002
 -8.0491321e-003
 -4.2927096e-003
  5.4006835e-010
 -4.8078939e-010
 -2.2086461e-002
 -3.3597965e-002
 -2.5790326e-002
 -6.0121050e-010
 -1.2708969e-009
 -2.9945777e-002
 -4.5894294e-003
 -2.3650956e-010
 -1.2017945e-017
  9.7637828e-020
  4.8276246e-020
 -1.5010481e-019
  2.2802038e-020
 -4.7085039e-020
 -4.8375154e-021
  2.5564864e-020
 -4.5037116e-010
 -6.0010773e-003
 -2.4815857e-002
 -4.5376678e-002
 -6.7885402e-002
 -9.2695371e-002
 -9.0028782e-002
 -8.3458329e-002
 -7.8339032e-002
 -7.2829479e-002
 -6.4023009e-002
 -5.4888703e-002
 -4.7127048e-002
 -4.3778096e-002
 -4.1181266e-002
 -3.5624724e-002
 -2.1947618e-002
 -2.4929888e-002
 -3.0952175e-002
 -3.8804329e-002
 -3.5136209e-002
 -1.1637929e-002
 -2.4965666e-002
 -4.1750871e-002
 -2.2315228e-002
 -2.7345836e-002
 -3.5722760e-002
 -1.7984804e-002
 -4.7266967e-002
 -4.3369886e-002
 -3.2567394e-002
 -4.8993774e-002
 -4.2061974e-002
 -2.0815250e-002
 -4.3170685e-002
 -4.1829319e-002
 -3.9758220e-002
 -4.7079754e-002
 -2.7055964e-002
 -4.5759426e-002
 -2.7385487e-002
 -8.6445843e-010
 -1.3909688e-002
 -2.2131657e-002
 -4.0696387e-002
 -4.1566652e-002
 -2.6471684e-002
 -2.1719814e-002
 -2.9688717e-002
 -4.6385480e-002
 -1.7964792e-002
 -9.2578933e-010
 -4.8400122e-017
 -1.7546066e-019
 -5.5243241e-019
  1.3034721e-019
  1.4563256e-020
  1.6444007e-020
 -2.3123370e-020
 -6.7149728e-021
 -1.3576940e-002
 -2.2165928e-002
 -3.6230942e-002
 -5.3843899e-002
 -7.4425912e-002
 -9.7945447e-002
 -9.4436768e-002
 -8.6888799e-002
 -8.0128020e-002
 -7.2483468e-002
 -6.4751840e-002
 -5.4220559e-002
 -4.8678912e-002
 -4.1000729e-002
 -3.6227903e-002
 -3.5430453e-002
 -1.5609083e-002
 -2.4268532e-002
 -2.5522933e-002
 -3.5920958e-002
 -2.9882412e-002
 -1.7063354e-006
  1.4306113e-009
 -2.3449952e-002
 -7.9540754e-010
 -5.2942933e-010
 -1.2279759e-009
 -3.3129487e-010
 -2.4225404e-002
 -1.2754605e-002
 -2.0380062e-009
 -2.3457862e-002
 -1.0581062e-009
  4.9255007e-010
 -2.3235466e-009
 -3.3301347e-002
 -4.4393335e-002
 -3.2686314e-002
 -5.7260258e-002
 -6.3670302e-002
 -3.4926040e-002
 -2.7143265e-002
 -4.0582609e-002
 -4.6062084e-002
 -5.9739508e-002
 -5.9597369e-002
 -3.8712654e-002
 -3.2213617e-002
 -4.1070471e-002
 -5.4195000e-002
 -2.3789395e-002
 -1.2259518e-009
 -6.6213033e-017
 -1.0196336e-018
 -8.6944136e-019
 -3.8499391e-019
  4.5889803e-019
  2.7962754e-020
 -7.3488380e-020
  2.4720169e-020
 -2.1686476e-002
 -2.8840748e-002
 -4.1403191e-002
 -5.7939557e-002
 -7.7795011e-002
 -1.0082720e-001
 -9.7015785e-002
 -8.9519455e-002
 -8.0922674e-002
 -7.2125923e-002
 -6.4014655e-002
 -5.2286565e-002
 -4.6406111e-002
 -4.2304280e-002
 -3.5062373e-002
 -1.8825341e-002
 -2.6660583e-002
 -3.5809775e-002
 -2.1005422e-002
 -2.8243599e-002
 -2.1256070e-002
 -1.7681835e-009
  4.4493079e-010
 -1.7849730e-002
 -1.3216752e-002
  1.2582617e-009
 -9.0722613e-010
  5.0758739e-010
 -1.6486914e-009
 -2.1193078e-002
 -1.1846977e-002
 -8.5354275e-003
  3.0606333e-010
  4.1484744e-010
 -4.1086238e-002
 -3.7878627e-002
 -3.4169591e-002
 -5.6029552e-002
 -6.9575427e-002
 -5.9486947e-002
 -3.8634152e-002
 -4.3839952e-002
 -5.7583467e-002
 -6.2946782e-002
 -6.5897340e-002
 -5.3275103e-002
 -4.9683406e-002
 -3.7612314e-002
 -5.7502656e-002
 -6.4648492e-002
 -3.1127589e-002
 -1.7266147e-009
  4.4964414e-018
 -6.1984573e-019
 -6.6580182e-020
  2.5982584e-019
  5.9247793e-022
 -8.4981947e-020
  1.1544899e-020
  8.1276586e-021
 -2.4652738e-002
 -3.1419517e-002
 -4.3546329e-002
 -5.9734449e-002
 -7.9314436e-002
 -1.0208942e-001
 -9.8128478e-002
 -9.1113406e-002
 -8.1844044e-002
 -7.1649005e-002
 -6.1215429e-002
 -4.9015959e-002
 -4.8132741e-002
 -4.4771637e-002
 -3.1771248e-002
 -1.9422671e-002
 -4.0846902e-002
 -3.7508800e-002
 -2.2433050e-002
 -3.9483945e-002
 -2.8315446e-002
 -1.7159661e-002
  1.0441878e-009
 -1.7008696e-002
 -7.3330308e-003
  1.3255435e-009
 -1.6375959e-002
 -4.7527068e-010
 -2.0758521e-002
 -3.0833072e-002
 -2.5389564e-002
 -2.3800862e-002
  2.2367358e-009
 -1.3094431e-009
 -2.1349959e-002
 -1.9530325e-003
 -5.6367381e-002
 -5.9768156e-002
 -5.8745838e-002
 -6.1533980e-002
 -3.8435979e-002
 -5.5629026e-002
 -5.5116592e-002
 -6.6083193e-002
 -6.6883910e-002
 -4.0293576e-002
 -6.7326297e-002
 -4.7387566e-002
 -6.9358855e-002
 -7.2718835e-002
 -3.9817043e-002
 -1.1884531e-002
 -6.1245193e-010
 -3.1677350e-017
  2.5286731e-019
 -1.8444373e-019
 -1.7594583e-019
 -5.6903172e-021
  1.2743432e-020
  1.1420163e-020
 -2.5310846e-002
 -3.2066104e-002
 -4.4196321e-002
 -6.0386641e-002
 -7.9881898e-002
 -1.0179481e-001
 -9.7688645e-002
 -9.0933945e-002
 -8.1426629e-002
 -6.9639484e-002
 -5.9131939e-002
 -4.9577276e-002
 -5.4887987e-002
 -5.1319786e-002
 -2.1869432e-002
 -2.0498485e-002
 -4.7092836e-002
 -3.3385285e-002
 -3.7843296e-002
 -4.5022151e-002
 -3.2937469e-002
 -1.6098375e-002
  3.7086515e-010
  5.2179966e-010
  1.8331912e-010
 -1.0163927e-009
 -1.3339487e-009
 -2.1343633e-002
 -9.1478468e-010
 -1.4131284e-009
 -2.5861583e-002
 -1.2060587e-002
  1.7715712e-009
 -1.9119536e-010
 -2.6444629e-002
 -1.6413691e-002
 -2.9008183e-002
 -6.0245125e-002
 -5.8209541e-002
 -5.7814287e-002
 -4.0861184e-002
 -7.2771540e-002
 -6.6115585e-002
 -6.1874862e-002
 -6.6976798e-002
 -3.7389545e-002
 -6.9668360e-002
 -5.3638412e-002
 -7.4136026e-002
 -7.4638148e-002
 -4.2014880e-002
 -1.4212452e-002
 -7.3241790e-010
 -3.7955495e-017
  1.1619333e-019
 -3.1718098e-019
 -1.6674902e-019
  1.2292731e-021
  1.8291507e-020
  1.3216034e-020
 -2.4035785e-002
 -3.1156727e-002
 -4.3851850e-002
 -6.0780285e-002
 -8.1314100e-002
 -9.8925018e-002
 -9.5790309e-002
 -8.9142234e-002
 -7.9472801e-002
 -6.9000374e-002
 -5.6905061e-002
 -5.2646663e-002
 -5.7474667e-002
 -5.0406710e-002
 -2.8259474e-002
 -3.7049085e-002
 -4.5574251e-002
 -2.4754065e-002
 -3.3110024e-002
 -3.2562407e-002
 -2.0193427e-002
 -1.1934550e-002
 -2.4754603e-010
  1.5141796e-009
 -1.2394261e-009
 -1.6154433e-009
 -2.0781368e-002
 -4.0495932e-002
  2.9272535e-010
 -2.5124453e-009
 -2.9116624e-002
  5.4128899e-010
  9.1767841e-010
 -6.6930227e-010
 -2.1155970e-002
  4.4213992e-011
 -2.0142767e-009
 -4.8380069e-002
 -5.4113242e-002
 -4.9171195e-002
 -5.2242331e-002
 -5.3514738e-002
 -6.3491464e-002
 -5.9602237e-002
 -6.6737664e-002
 -3.9014230e-002
 -6.4092571e-002
 -6.3033033e-002
 -7.6095249e-002
 -7.3863631e-002
 -4.0187584e-002
 -1.1775711e-002
 -6.0684402e-010
 -3.1415185e-017
  1.9883786e-019
 -2.0104941e-019
 -1.1943158e-019
 -1.4845826e-020
  9.3903697e-021
  1.5059524e-020
 -1.8511451e-002
 -2.6780472e-002
 -4.0767192e-002
 -5.8818716e-002
 -8.0210526e-002
 -9.6601178e-002
 -9.4247603e-002
 -8.8006631e-002
 -7.9443476e-002
 -7.1248878e-002
 -6.0310453e-002
 -5.8704656e-002
 -6.8020843e-002
 -4.4331663e-002
 -3.9979381e-002
 -4.8196753e-002
 -4.5662673e-002
 -2.8835164e-002
 -3.2947417e-002
 -1.7897069e-002
 -2.2957083e-002
 -1.8555903e-009
  1.9666455e-009
 -2.7035191e-010
 -1.5007164e-002
 -3.1184715e-002
 -3.0809262e-002
 -3.7531400e-002
 -2.2104283e-002
 -4.0441260e-002
 -1.7986038e-002
  2.3162840e-009
 -1.1724113e-009
  1.8928026e-010
 -1.9226879e-009
 -9.4885761e-003
 -2.7832390e-010
 -4.3339611e-002
 -4.4542026e-002
 -3.3254107e-002
 -5.8266134e-002
 -4.4610848e-002
 -5.2085623e-002
 -5.2820702e-002
 -5.3259310e-002
 -5.6251656e-002
 -7.0110465e-002
 -6.4706211e-002
 -7.3786555e-002
 -6.6412787e-002
 -3.1250818e-002
 -1.7278634e-009
  9.0514830e-015
 -1.1033562e-017
  2.1489173e-020
  1.2586868e-020
 -6.6822302e-020
  1.7713355e-020
 -1.1427920e-020
  4.9533709e-021
 -6.6944966e-009
 -1.4458481e-002
 -3.2381825e-002
 -5.3339677e-002
 -7.7126498e-002
 -9.1889577e-002
 -9.1243343e-002
 -8.5761900e-002
 -7.8440223e-002
 -7.0175764e-002
 -6.1367508e-002
 -6.6182621e-002
 -6.8056599e-002
 -4.4232738e-002
 -6.0255443e-002
 -5.5865737e-002
 -5.7105554e-002
 -4.0452705e-002
 -3.7000798e-002
 -3.1649099e-002
 -2.5627350e-002
  9.4163987e-010
 -1.2435491e-009
  7.7089340e-010
 -7.0141023e-003
 -2.9117691e-002
 -2.0406377e-002
 -2.9040062e-002
 -1.8425676e-002
 -1.0547755e-002
  1.0409549e-009
 -6.8389813e-010
  1.0162862e-010
 -1.4832665e-009
 -6.6926732e-010
 -2.4863800e-002
 -1.5914273e-002
 -4.0437847e-002
 -4.0264637e-002
 -3.5747762e-002
 -6.0210821e-002
 -4.8001412e-002
 -5.3911286e-002
 -6.2257035e-002
 -4.3495426e-002
 -7.1769620e-002
 -6.5822875e-002
 -6.3216516e-002
 -6.3980212e-002
 -5.8279530e-002
 -2.5644846e-002
 -1.3215680e-009
 -7.4518929e-017
 -2.5387399e-019
 -2.0623935e-019
 -7.1860850e-020
  9.0691096e-020
 -2.3562220e-020
  1.5986306e-020
 -7.8762962e-021
 -3.4409410e-017
 -1.0285174e-009
 -1.7066452e-002
 -4.1902150e-002
 -6.8914927e-002
 -8.5374759e-002
 -8.6728408e-002
 -8.2273106e-002
 -7.7927952e-002
 -7.1751420e-002
 -6.7306871e-002
 -7.6011485e-002
 -6.1912003e-002
 -5.3974758e-002
 -6.3767214e-002
 -6.3907314e-002
 -6.1727718e-002
 -5.2538009e-002
 -3.5405930e-002
 -3.2063585e-002
  5.8665958e-010
 -1.0854783e-009
 -2.1197108e-009
  1.4689531e-009
 -2.6144959e-009
 -2.6854404e-002
 -2.4277611e-002
 -1.9493899e-009
 -5.0271768e-010
 -1.3805705e-009
 -6.8232692e-010
  1.2343469e-010
  9.0889565e-010
 -2.3729015e-002
 -1.7016436e-002
 -4.3779902e-002
 -5.0724651e-002
 -4.3634039e-002
 -4.7427762e-002
 -4.0139870e-002
 -5.6413303e-002
 -5.5240740e-002
 -5.5905482e-002
 -6.8866375e-002
 -4.2959058e-002
 -7.6964199e-002
 -6.1807207e-002
 -7.0333823e-002
 -6.0236927e-002
 -5.2193270e-002
 -2.1961364e-002
 -1.1317468e-009
 -5.9934630e-017
 -4.4881154e-019
 -4.1219505e-019
 -2.1187017e-020
  1.7800209e-020
  3.2825143e-020
 -2.4972208e-021
 -4.7063748e-022
 -1.3560101e-017
  3.0891969e-014
 -1.6952717e-009
 -2.9932425e-002
 -5.9747755e-002
 -7.5223785e-002
 -7.9450634e-002
 -7.6657690e-002
 -7.4620339e-002
 -7.1427025e-002
 -7.3977714e-002
 -7.4368330e-002
 -6.0357220e-002
 -6.3108585e-002
 -6.7918590e-002
 -7.4259520e-002
 -6.5554966e-002
 -5.7872786e-002
 -2.8945808e-002
 -1.5752846e-009
 -1.8218250e-002
 -2.8120587e-002
 -2.4409303e-002
 -3.0719891e-002
 -4.0560942e-002
 -6.2597236e-002
 -4.0153296e-002
 -1.9486956e-002
 -3.0529748e-002
 -2.4974937e-002
 -1.8301351e-002
  1.5518650e-010
 -1.3006902e-009
 -3.2823692e-002
 -3.4960736e-002
 -5.4337648e-002
 -5.6339710e-002
 -4.5887155e-002
 -5.8307418e-002
 -5.3988988e-002
 -5.3579574e-002
 -5.4315806e-002
 -5.9522469e-002
 -6.0651491e-002
 -6.1733604e-002
 -7.6759111e-002
 -5.7834694e-002
 -7.5877447e-002
 -6.2486051e-002
 -5.2158112e-002
 -2.1393058e-002
 -1.1024600e-009
 -5.8367476e-017
 -5.7587092e-019
 -4.4903726e-019
 -9.6669340e-020
  6.6841800e-020
  1.8654736e-020
  9.7563372e-021
  9.0793307e-022
 -4.0199036e-018
 -1.6259788e-017
 -1.0980962e-009
 -2.1308499e-002
 -5.0762416e-002
 -6.6953402e-002
 -7.2566967e-002
 -7.1276264e-002
 -6.9850430e-002
 -7.1950228e-002
 -8.2830628e-002
 -6.8117799e-002
 -6.4888382e-002
 -6.7658696e-002
 -7.6268523e-002
 -7.8738300e-002
 -6.9711219e-002
 -6.3125952e-002
 -4.4619457e-002
 -4.9353166e-002
 -5.1253018e-002
 -5.1632232e-002
 -4.9902233e-002
 -7.6540714e-002
 -7.5876828e-002
 -7.5103376e-002
 -6.0870595e-002
 -6.1908416e-002
 -6.0546773e-002
 -4.3882515e-002
 -4.4130429e-002
 -3.2883360e-002
 -4.1998441e-002
 -5.3064409e-002
 -4.2363934e-002
 -7.8100434e-002
 -6.3571330e-002
 -6.5821174e-002
 -5.6044271e-002
 -6.9754213e-002
 -5.8628106e-002
 -6.2811563e-002
 -5.8265399e-002
 -4.3905182e-002
 -6.7927314e-002
 -6.0939434e-002
 -5.9032164e-002
 -7.8616103e-002
 -6.4340845e-002
 -5.1083553e-002
 -2.0061388e-002
 -1.0338343e-009
 -5.4434731e-017
 -3.2221313e-019
 -4.5333062e-019
 -1.2569813e-019
  3.8034246e-020
  2.0885232e-020
  8.5795454e-021
 -5.7312917e-022
  8.2789233e-019
 -3.8691980e-017
 -7.2997677e-010
 -1.4165082e-002
 -4.2518549e-002
 -5.8384646e-002
 -6.4902570e-002
 -6.6851575e-002
 -6.9017644e-002
 -7.4644502e-002
 -7.6281140e-002
 -7.1280568e-002
 -6.6723903e-002
 -7.7614076e-002
 -7.7322880e-002
 -8.1807917e-002
 -8.2786870e-002
 -6.5468165e-002
 -7.5687519e-002
 -7.5745684e-002
 -6.6327138e-002
 -7.5474762e-002
 -7.6901698e-002
 -9.1762648e-002
 -8.9137691e-002
 -8.9032673e-002
 -8.3604337e-002
 -9.0303088e-002
 -7.7820414e-002
 -5.7710382e-002
 -6.8813420e-002
 -6.2797492e-002
 -7.1683650e-002
 -7.4374302e-002
 -5.8673799e-002
 -8.9580617e-002
 -7.1302553e-002
 -7.4066768e-002
 -6.7261617e-002
 -7.1896364e-002
 -6.0814083e-002
 -6.7139411e-002
 -5.9791863e-002
 -4.0880476e-002
 -6.5681557e-002
 -5.9833178e-002
 -6.6922918e-002
 -7.0755390e-002
 -5.8294544e-002
 -4.2591741e-002
 -1.3280044e-002
 -6.8436765e-010
 -3.5762828e-017
  3.9416826e-020
 -1.3127466e-019
 -6.0884420e-020
  6.1483787e-021
  7.2254734e-021
  3.8069304e-021
 -1.3534446e-021
 -3.9531477e-019
 -2.3926387e-018
  1.3103606e-015
 -1.7121378e-009
 -3.0389615e-002
 -4.5695010e-002
 -5.2761233e-002
 -5.6385233e-002
 -6.4642475e-002
 -8.2338063e-002
 -7.5596376e-002
 -6.9107724e-002
 -7.1971558e-002
 -7.8260250e-002
 -7.7936163e-002
 -7.9431640e-002
 -7.0375350e-002
 -8.5738867e-002
 -7.9968627e-002
 -9.3599126e-002
 -9.7288226e-002
 -1.0675688e-001
 -9.2682538e-002
 -9.2443442e-002
 -8.9287546e-002
 -8.8556854e-002
 -9.7714276e-002
 -9.1161524e-002
 -8.2539748e-002
 -7.5571800e-002
 -9.0595738e-002
 -8.7904339e-002
 -8.5049774e-002
 -9.4374452e-002
 -6.8033909e-002
 -9.1465100e-002
 -8.4758826e-002
 -6.9929558e-002
 -7.2734239e-002
 -6.8583217e-002
 -6.1308652e-002
 -7.8011229e-002
 -6.8006596e-002
 -5.3620436e-002
 -6.6413478e-002
 -6.5434852e-002
 -6.3753838e-002
 -5.8587855e-002
 -4.7538536e-002
 -3.0868872e-002
 -1.7276561e-009
 -9.8507412e-017
  9.3152434e-019
 -2.0872337e-019
 -8.0807830e-020
  2.7556688e-020
  2.5870335e-020
  1.0013152e-021
  3.3065896e-021
 -1.5201430e-021
 -7.3993107e-019
 -1.4472273e-019
 -5.6159099e-017
 -1.0504150e-009
 -2.0383139e-002
 -3.2367688e-002
 -4.0049507e-002
 -4.6631778e-002
 -5.9910959e-002
 -6.7557842e-002
 -7.1010388e-002
 -6.9532620e-002
 -7.4735220e-002
 -8.4609088e-002
 -8.1453741e-002
 -6.8926708e-002
 -8.6666206e-002
 -9.0565940e-002
 -8.4688121e-002
 -9.0621752e-002
 -1.1314520e-001
 -1.0113098e-001
 -9.7370525e-002
 -9.5737867e-002
 -8.8752321e-002
 -7.9254147e-002
 -9.1668653e-002
 -1.0212711e-001
 -8.2843672e-002
 -9.6160396e-002
 -9.4979311e-002
 -1.0118781e-001
 -9.8434053e-002
 -9.0215151e-002
 -8.4635589e-002
 -8.7020562e-002
 -8.8117561e-002
 -8.3041635e-002
 -7.8349323e-002
 -7.3594711e-002
 -6.4855113e-002
 -7.0403368e-002
 -6.3706534e-002
 -6.0946251e-002
 -6.9754795e-002
 -6.5994676e-002
 -5.4365257e-002
 -5.4640800e-002
 -4.5522356e-002
 -2.8243655e-002
 -1.4554957e-009
 -7.6618857e-017
 -2.5508620e-019
 -2.4107112e-019
 -1.5734441e-020
  8.0589156e-020
  1.1410109e-020
  9.6940022e-021
 -1.9566019e-021
 -4.1731745e-021
 -3.4171883e-020
 -2.3624963e-019
 -6.8967645e-019
  1.3463915e-015
 -1.5425217e-009
 -6.1248164e-003
 -1.5981564e-002
 -2.9322604e-002
 -5.0978204e-002
 -5.5992687e-002
 -5.4630947e-002
 -6.3747781e-002
 -7.9243507e-002
 -8.6600953e-002
 -6.5891231e-002
 -7.8638607e-002
 -9.7967652e-002
 -9.1782103e-002
 -7.5430207e-002
 -9.0663061e-002
 -9.4812052e-002
 -8.5115562e-002
 -8.4363024e-002
 -8.7566926e-002
 -8.0068594e-002
 -7.4658941e-002
 -9.5193811e-002
 -9.2870282e-002
 -9.6236625e-002
 -1.0575360e-001
 -9.7111588e-002
 -1.0724655e-001
 -9.7582821e-002
 -8.9250837e-002
 -9.4183517e-002
 -9.0513891e-002
 -9.1631684e-002
 -9.2279637e-002
 -7.7842883e-002
 -6.8873085e-002
 -6.8708594e-002
 -6.4141457e-002
 -5.3677662e-002
 -6.4184130e-002
 -6.2769990e-002
 -5.8407007e-002
 -5.4373221e-002
 -5.7129145e-002
 -5.1243631e-002
 -2.5498957e-002
 -1.3140516e-009
 -6.9821193e-017
 -4.5571420e-019
 -3.4885433e-019
 -2.4981161e-020
  6.1832787e-020
  1.8322990e-020
  7.8649365e-021
 -4.2559646e-021
 -1.2757909e-021
 -1.4279431e-019
  2.0690013e-020
  4.4895966e-019
 -5.6791442e-017
 -1.0695195e-009
 -6.3401617e-010
 -7.9998224e-010
 -1.1464732e-002
 -2.4186417e-002
 -3.0258180e-002
 -4.3074172e-002
 -5.3500519e-002
 -6.7902308e-002
 -5.8773391e-002
 -7.0378730e-002
 -8.3548696e-002
 -7.6189467e-002
 -7.9862292e-002
 -6.9000965e-002
 -8.0825028e-002
 -8.0695801e-002
 -7.3577667e-002
 -7.0680375e-002
 -6.3869725e-002
 -6.2448816e-002
 -8.2301037e-002
 -9.1947973e-002
 -8.6549924e-002
 -1.0315010e-001
 -9.9491257e-002
 -9.6734829e-002
 -1.0619470e-001
 -9.4600785e-002
 -9.3902826e-002
 -1.0100275e-001
 -9.7301238e-002
 -9.2568176e-002
 -7.5716605e-002
 -7.1409163e-002
 -5.8261291e-002
 -6.4074942e-002
 -5.3826107e-002
 -5.2667715e-002
 -6.2175895e-002
 -4.7337291e-002
 -5.2096142e-002
 -5.9853041e-002
 -5.8201026e-002
 -4.7153129e-002
 -2.1845666e-002
 -1.1257845e-009
 -5.9640827e-017
 -2.0315282e-019
 -2.8360488e-019
 -9.5706642e-020
  3.8804563e-020
  1.4664240e-020
 -3.6599186e-023
  9.8480477e-022
 -1.2222625e-021
 -3.0315762e-019
 -7.6890600e-019
  7.5016613e-019
 -6.1343658e-017
 -1.1571138e-009
 -3.2192600e-010
 -3.7705352e-010
 -1.0091689e-009
 -2.6812276e-010
 -1.5893740e-009
 -2.6455671e-002
 -3.0663019e-002
 -4.0086898e-002
 -5.5058772e-002
 -5.2071422e-002
 -5.6484661e-002
 -5.9117729e-002
 -5.4099056e-002
 -4.2278856e-002
 -6.4620266e-002
 -5.8215777e-002
 -6.3881257e-002
 -4.2090612e-002
 -4.7331176e-002
 -6.8365669e-002
 -8.8819369e-002
 -8.4453435e-002
 -8.3310589e-002
 -8.3865720e-002
 -8.1673841e-002
 -8.5427614e-002
 -9.4550865e-002
 -8.0002000e-002
 -8.6020411e-002
 -9.9500251e-002
 -8.1084605e-002
 -7.9405106e-002
 -6.1671751e-002
 -6.3102236e-002
 -6.4727920e-002
 -5.9164648e-002
 -4.9722305e-002
 -4.9370503e-002
 -5.1347869e-002
 -3.6614101e-002
 -4.4226746e-002
 -6.1929899e-002
 -5.5326013e-002
 -3.5565766e-002
 -2.2512884e-009
 -1.2869077e-016
  2.4775736e-019
 -1.2695238e-018
  3.0615981e-020
  9.1640091e-020
  2.2107777e-020
  7.5594357e-021
  1.8622500e-021
 -4.3346354e-021
  1.4763425e-022
 -3.7186091e-019
 -7.0849633e-019
  3.4780106e-019
 -6.1807204e-017
 -1.1793917e-009
  6.2090885e-011
 -8.8766278e-010
 -8.1768179e-010
  2.0359418e-010
 -8.9934148e-010
 -1.1723200e-009
 -1.6445405e-002
 -3.1147110e-002
 -2.0808829e-002
 -2.5271594e-002
 -3.1727470e-002
 -2.6283778e-002
 -1.7893029e-002
 -1.0784662e-002
 -2.4553935e-002
 -2.2485790e-002
 -2.9366020e-002
 -3.3090325e-002
 -5.3107961e-002
 -6.6797477e-002
 -7.6480963e-002
 -6.8343487e-002
 -7.5354349e-002
 -6.9717472e-002
 -5.7057937e-002
 -6.6619458e-002
 -6.5756522e-002
 -5.0301883e-002
 -6.2077981e-002
 -6.6098017e-002
 -5.3619523e-002
 -6.3171551e-002
 -5.5114967e-002
 -5.3232929e-002
 -5.7651686e-002
 -5.6583093e-002
 -4.7763687e-002
 -4.9275349e-002
 -4.2006942e-002
 -2.9739647e-002
 -3.5125178e-002
 -5.3546974e-002
 -5.4100296e-002
 -4.2850875e-002
 -1.4531541e-009
 -7.3931721e-017
 -7.0348378e-019
 -1.1676237e-019
 -9.6643475e-020
  5.1925756e-020
  3.1245610e-020
  1.0057558e-020
 -4.8211714e-021
 -1.6173035e-021
 -2.1986787e-022
 -2.4559602e-019
 -4.3043436e-019
  8.3875482e-019
 -5.4204010e-017
 -1.0466216e-009
 -5.4498260e-010
 -6.4404686e-010
  1.3287960e-012
 -7.8637300e-010
  3.4021877e-010
 -5.5855458e-003
 -9.0237486e-003
 -8.6379017e-010
 -8.0562866e-010
  1.5408088e-010
 -1.5530900e-009
 -8.6153133e-003
 -1.9970476e-010
  1.3545599e-009
 -2.4823894e-010
  7.9895557e-010
 -2.0769801e-009
 -3.7228143e-002
 -5.7995341e-002
 -6.5497512e-002
 -6.7986694e-002
 -5.2238810e-002
 -5.6152076e-002
 -4.6536031e-002
 -2.9030548e-002
 -3.4258143e-002
 -2.3074979e-002
 -7.6553852e-003
 -2.1893256e-002
 -2.9148559e-002
 -2.3344568e-002
 -3.0153666e-002
 -3.3733716e-002
 -3.8094402e-002
 -3.8355142e-002
 -4.6899646e-002
 -3.0671133e-002
 -4.9334426e-002
 -3.3474414e-002
 -1.9923898e-002
 -2.9584114e-002
 -3.4915268e-002
 -4.0084731e-002
 -3.1783022e-002
 -1.3079735e-009
 -6.6333030e-017
 -1.9522400e-019
 -3.3268153e-019
 -2.3891515e-019
  3.2574141e-020
  2.2603342e-020
  1.3580251e-020
 -2.3473743e-022
 -2.3890044e-021
  4.0230377e-023
 -3.4919850e-019
  1.7756964e-019
  5.0360216e-019
 -2.9535713e-017
 -5.8052511e-010
 -8.6932430e-010
 -5.6323340e-010
 -9.9940201e-010
  1.1207537e-009
 -2.3484422e-009
 -1.7399365e-009
  7.0996825e-010
 -3.3883174e-010
 -1.1477671e-009
 -7.4149514e-010
 -1.3780699e-002
 -9.3905395e-010
  1.0836906e-009
  1.1553708e-009
  2.1226590e-009
 -1.0644926e-002
 -1.9185789e-002
 -3.4915534e-002
 -4.4345934e-002
 -5.2381002e-002
 -5.1394645e-002
 -3.9022323e-002
 -3.0509599e-002
 -1.6278293e-002
 -1.0694874e-009
 -1.3528396e-009
  1.6331357e-009
  1.2321330e-010
  3.2995693e-010
 -1.5769257e-009
 -9.4971251e-011
 -7.5602242e-003
  5.1592158e-010
 -2.0503096e-009
 -6.8095182e-010
 -2.2717758e-002
 -2.8011968e-002
 -3.5396791e-002
 -1.4013030e-002
 -9.1303297e-003
 -1.3890868e-002
 -2.7777209e-002
 -2.2430962e-002
 -1.1881953e-002
 -5.7102100e-010
 -2.6174968e-017
 -3.7611995e-020
  3.8948747e-019
 -1.0971337e-019
 -3.6946839e-020
 -1.6752829e-021
 -2.5872681e-021
  4.5075513e-021
 -5.7120898e-022
 -2.9967891e-022
 -1.4912853e-019
  4.7645215e-019
 -2.2662576e-018
 -6.1135209e-011
 -6.4308443e-010
 -2.0483013e-010
 -1.4151702e-009
 -1.2387623e-011
 -1.0564616e-002
 -2.0059912e-009
  1.2209162e-009
 -6.8740920e-010
 -1.6950921e-002
 -1.5794755e-009
 -6.0198491e-003
 -2.3364624e-002
  1.0310875e-009
  1.5157061e-009
  3.1329207e-009
  1.1746928e-010
 -2.2130109e-002
 -1.0956372e-002
 -1.9076098e-009
 -6.0390842e-010
 -1.8953720e-002
 -1.1992902e-002
 -1.4543873e-002
 -1.4050509e-002
 -1.1720161e-009
  4.7736938e-010
 -1.5479227e-009
  2.7134144e-009
  9.9410080e-010
  8.7258858e-010
 -1.9360932e-009
 -5.5791305e-010
 -1.5122871e-002
  1.5557427e-009
 -1.1373330e-002
 -2.8210369e-010
 -1.4260143e-009
 -2.7388859e-002
 -2.3521607e-002
 -1.0077730e-009
  9.7298689e-010
 -1.1483889e-002
 -2.6303796e-002
 -1.5960342e-002
 -1.3629308e-009
  5.1544882e-010
  3.2882654e-017
 -8.1533148e-019
  2.1855052e-019
 -2.8728348e-020
 -2.7005263e-020
  8.6989705e-021
  3.0106420e-021
 -2.6867601e-021
  3.8213596e-022
  3.2639321e-023
 -9.0715317e-020
  4.1800708e-020
  1.2355763e-019
 -1.2444479e-019
 -6.6304933e-018
 -2.2903887e-018
 -1.4904483e-017
 -5.2015196e-018
 -1.0888640e-010
 -2.7468496e-017
  1.3031387e-017
 -1.6798475e-017
 -1.7470817e-010
 -2.8929073e-017
 -6.2044833e-011
 -2.4081233e-010
  3.8760611e-019
  1.6281563e-017
  3.5854460e-017
 -1.0134232e-017
 -2.2808855e-010
 -1.1292413e-010
  2.0265678e-016
 -1.9417051e-017
 -1.9535044e-010
 -1.2360734e-010
 -1.4989945e-010
 -1.4481448e-010
 -1.9577095e-017
  4.2573425e-018
 -1.4518279e-017
  3.0131069e-017
  1.1187051e-017
  1.1051198e-017
 -2.0687955e-017
 -1.1269398e-017
 -1.5586700e-010
  3.0450433e-018
 -1.1722158e-010
 -9.7206014e-018
 -2.9614039e-017
 -2.8228895e-010
 -2.4243033e-010
 -2.1407528e-017
  6.2130819e-018
 -1.1836109e-010
 -2.7110553e-010
 -1.6449858e-010
 -2.2816945e-017
  7.2543820e-018
 -4.2603735e-019
  3.7751781e-020
 -7.0012276e-021
 -3.2056437e-020
  1.3218948e-020
  2.3439777e-021
 -4.0944850e-021
  8.0061482e-022
  9.8617692e-023
 -6.5555964e-023
  5.7209829e-020
 -1.2416622e-019
  6.8579058e-020
 -5.3853163e-020
  1.1652865e-019
 -2.6978126e-020
  6.5874024e-020
 -1.1915737e-019
 -1.0690698e-018
 -7.4733848e-020
 -1.6969076e-020
  3.2490986e-020
 -1.8409530e-018
 -7.9581989e-020
 -6.0830684e-019
 -2.5187990e-018
 -2.2674484e-019
  6.0531045e-019
 -2.7137406e-019
  5.4731875e-019
 -2.7880332e-018
 -1.1719565e-018
  1.4296783e-020
 -3.0798405e-020
 -2.0318449e-018
 -1.3024331e-018
 -1.5284378e-018
 -1.4307343e-018
 -2.6494757e-019
 -1.4763892e-019
 -1.3322764e-019
 -6.6817463e-021
  1.6611809e-019
 -1.7343971e-019
  2.6556585e-019
 -2.6262587e-019
 -1.4541843e-018
 -9.7424649e-020
 -1.0697127e-018
 -1.3538584e-019
 -9.7838447e-021
 -3.1218935e-018
 -2.4725999e-018
  1.0759528e-019
 -3.5465778e-021
 -1.2977478e-018
 -2.8706012e-018
 -1.7419469e-018
  6.0180181e-020
 -7.4363364e-020
 -4.5928556e-020
 -1.6268827e-021
 -1.2298534e-020
  6.3936939e-021
  3.5843877e-021
 -3.3464344e-021
  4.7645568e-022
  1.2753654e-022
 -6.5981894e-023
  8.4418358e-023
 -9.9235753e-021
  2.2150153e-020
 -2.6274358e-020
  1.9001498e-020
 -2.3671799e-020
  1.6422527e-020
 -2.1300719e-020
  4.0769865e-022
 -9.4928511e-021
  1.1182062e-020
 -1.6828436e-020
  7.3546122e-021
 -6.5540472e-021
 -1.9430860e-020
 -1.0502827e-020
 -7.3087380e-021
 -1.1599509e-020
 -4.8357670e-020
  4.9127028e-020
 -6.3877773e-020
 -1.1395371e-020
  7.1560107e-021
 -1.8532190e-020
 -1.5452619e-020
 -1.6222756e-020
 -8.0929693e-021
 -1.9939452e-020
  9.9618119e-021
  4.1473796e-021
 -1.0982518e-020
 -1.6966558e-020
 -3.7819503e-021
  7.6194858e-021
  1.5305184e-020
 -4.0015161e-020
 -5.7454331e-021
 -2.6961908e-022
  2.1083404e-020
 -6.2333209e-021
 -7.4881039e-021
 -1.9678773e-020
 -1.5989802e-020
  3.2893549e-022
 -2.2398817e-020
 -2.6478638e-020
 -1.0667644e-020
 -1.2317187e-020
 -1.9456885e-020
 -8.9561476e-021
 -1.3566030e-020
 -7.9075628e-022
 -1.7818513e-022
  1.2618419e-021
  2.3313309e-021
 -1.5536243e-021
  1.7687030e-023
  1.3290319e-022
 -1.7618293e-023
  7.4441259e-025
  1.1427512e-023
 -2.4280001e-022
 -5.8388864e-022
  2.2705931e-021
 -3.1633114e-021
  2.4825853e-021
 -2.3835621e-021
  1.5291592e-021
 -8.1805467e-022
 -1.3423084e-021
  1.0796396e-021
 -1.6923738e-021
  1.5750461e-021
 -1.8176856e-021
  1.2117983e-021
 -2.1630819e-021
  4.9768869e-022
 -9.8388455e-022
 -6.5132811e-022
 -1.7275547e-021
 -1.3629814e-021
  1.7600033e-021
  1.9692713e-022
 -1.5026980e-021
 -3.0635287e-024
 -1.5856407e-021
 -1.1619838e-021
 -6.5755665e-022
 -1.7803100e-021
  4.2236272e-021
  1.2893672e-022
  5.1458196e-021
 -1.9391926e-021
 -3.3189916e-022
 -3.7500621e-022
 -1.5848965e-021
  3.0306388e-021
 -3.1541006e-021
  1.5118606e-022
 -3.3229369e-021
  2.0763368e-021
 -1.3189726e-021
  2.5407039e-021
 -3.7811612e-021
 -9.8063416e-022
 -2.0481010e-022
 -6.9751822e-022
  8.4707255e-023
 -7.0331483e-022
 -1.3501944e-022
 -3.0799788e-022
  1.0367981e-021
  1.2834359e-023
  7.2689834e-022
 -4.5199160e-022
 -9.2372340e-023
  9.8249986e-023
 -2.2689312e-023
  1.5304117e-023
 -3.4608195e-024
 -4.3531096e-024
