 -8.0786535e-001
 -1.5416266e-015
  2.2237058e-015
 -2.5061179e-016
 -1.5259431e-015
  2.2824452e-015
 -2.3329477e-015
  2.2813994e-015
 -2.6963562e-015
  3.2535902e-015
 -3.3769236e-015
  3.0778271e-015
 -2.7875763e-015
  2.5901384e-015
 -1.1245190e-015
 -7.8085968e-017
  2.0482713e-015
 -2.6369892e-015
  3.2564409e-016
 -3.9895067e-016
 -8.6491811e-016
 -8.9340961e-016
 -2.3403890e-016
 -1.1703904e-015
 -2.2624434e-015
  6.5305972e-016
  1.4807455e-015
 -2.1646215e-015
  2.0057552e-015
  5.9743669e-016
 -2.4588034e-015
  2.2458741e-015
 -1.4677264e-015
  4.6630666e-016
 -3.7231814e-016
  1.7079352e-015
 -2.7980018e-015
  2.1260794e-015
 -2.0119431e-016
 -1.2970223e-015
  1.6753116e-015
 -1.3377105e-015
  1.4627027e-016
  1.0677071e-015
 -1.8342064e-015
  2.6114370e-015
 -2.5654048e-015
  2.3312592e-015
 -1.3874523e-015
 -9.2247537e-016
  2.4727000e-015
 -2.6784129e-015
  1.3967682e-015
 -1.4315723e-015
  7.4248960e-016
  6.3126782e-017
 -6.9371770e-016
  1.2540196e-015
 -6.9795501e-016
 -1.1154731e-015
  2.3325126e-015
  1.6311090e-015
 -1.8661609e-016
 -3.0295943e-015
  3.3679862e-015
 -3.6805840e-015
  3.8963574e-015
 -3.8698435e-015
  3.8327713e-015
 -3.3868032e-015
  2.9092780e-015
 -1.4495891e-015
  1.9641512e-015
 -3.2773837e-015
  1.7238007e-015
  1.8437806e-015
 -1.4133196e-015
  6.5127513e-016
  9.2267869e-016
 -2.5402016e-015
 -5.5662315e-016
  1.1047513e-015
 -2.5961482e-015
 -2.5108716e-015
  3.0953989e-015
  3.0540015e-015
  2.0155618e-015
 -2.5860134e-015
 -2.0184041e-015
  1.6564245e-015
  1.2807400e-015
 -2.6711369e-015
  2.5863074e-015
 -2.2206664e-015
  1.3491968e-015
 -2.9889871e-015
  3.0154280e-015
 -1.7885258e-015
 -5.7748744e-016
  2.0330455e-015
 -2.4131271e-015
  2.2714379e-015
 -2.2161714e-015
  1.8358947e-015
 -3.9447410e-016
 -1.1931973e-015
 -5.1625678e-016
  1.1386614e-015
  1.5033222e-015
 -6.5428851e-016
  4.1817453e-016
  2.0876826e-015
 -2.3464447e-015
  1.3208401e-015
 -1.7956397e-015
 -5.0024351e-016
  2.8244505e-015
 -3.5069756e-015
  2.8156359e-015
 -3.1011226e-015
 -5.1765339e-016
 -5.6336325e-016
  1.9561337e-015
 -2.1924448e-015
  1.3355137e-015
  8.8331424e-016
 -1.8436302e-015
  1.2372138e-015
  3.8196366e-016
 -1.0113881e-015
  2.2240225e-015
 -1.4524743e-015
  8.6069772e-016
 -2.9296308e-015
  1.5255773e-013
 -1.4788694e-010
 -1.1420931e-010
  2.1639412e-014
  1.5739842e-014
 -4.0010720e-015
 -1.8420113e-014
  1.8624337e-015
  2.4659012e-015
 -7.1166500e-015
 -2.6018274e-015
  6.2757297e-016
  1.8900199e-015
 -1.0387230e-015
  1.1521388e-015
  1.1191561e-015
 -1.9286916e-015
  1.2204224e-015
 -4.9006206e-016
 -2.9743548e-016
  2.0118285e-015
 -1.3841092e-015
 -1.2026115e-015
  1.3473352e-017
 -6.0819075e-016
 -4.7713840e-014
 -3.7650802e-015
  8.4913627e-015
  2.6337721e-015
 -1.2879541e-014
  3.4386341e-015
  2.1571442e-015
  7.1183358e-016
  2.5572728e-015
 -8.8601921e-016
  2.9202338e-016
  1.7705664e-015
  2.5385557e-015
 -5.5640484e-016
  1.7083917e-015
  6.1453001e-016
 -1.4088312e-015
  2.5034015e-015
 -1.3617219e-015
 -1.5650362e-015
  2.1007649e-015
  1.5810761e-015
  7.3172540e-016
  4.7055921e-016
 -5.3649579e-016
 -2.6078673e-015
 -4.6267227e-017
  2.5873802e-015
 -6.8243036e-016
 -4.9872012e-016
  6.8754178e-016
 -2.6320659e-010
 -3.6523708e-010
 -4.9348902e-010
 -7.1505003e-010
 -2.2951317e-009
 -6.3333335e-003
 -4.8910654e-003
 -1.3186035e-009
 -4.1039655e-010
 -8.3353800e-010
 -5.4699677e-010
 -2.9322426e-010
  1.0694762e-012
 -6.3393072e-010
 -4.8282482e-010
 -3.5773890e-010
 -2.5289872e-010
 -3.8397368e-010
 -1.1879418e-010
 -3.5433909e-015
  3.0467060e-015
 -3.2237057e-015
  2.2957494e-015
 -1.9162019e-010
 -4.1584473e-010
 -1.0646371e-015
 -1.1860890e-010
 -4.0707834e-010
 -7.1572888e-010
 -4.4940353e-010
 -6.1578900e-010
 -8.2336486e-010
 -1.1486203e-009
 -8.3927685e-010
 -4.6166601e-010
 -1.2577335e-010
 -2.1827504e-015
  9.8164490e-016
 -9.7600249e-016
  2.0330242e-015
 -1.6673402e-010
  1.2443726e-015
  6.8603717e-016
 -4.2548601e-016
  1.4813044e-015
 -2.6094153e-015
  1.1673129e-016
  1.3122622e-015
  6.9607499e-016
 -2.7523104e-016
 -8.4607085e-016
  1.2398229e-015
 -4.2895861e-016
 -2.0969516e-015
 -2.0914898e-015
 -3.9339034e-015
 -1.6166060e-009
  2.0853104e-009
 -4.4843652e-011
 -1.5963213e-009
 -1.1272121e-002
 -1.5641711e-002
 -2.1133776e-002
 -3.0653298e-002
 -4.3515364e-002
 -5.7331891e-002
 -4.1731202e-002
 -2.8785382e-002
 -1.7407440e-002
 -3.5724336e-002
 -2.3449826e-002
 -1.2553825e-002
  4.5366256e-005
 -2.7148700e-002
 -2.0677584e-002
 -1.5320473e-002
 -1.0830553e-002
 -1.6444051e-002
 -5.0875643e-003
 -1.1578130e-009
  2.5222305e-010
  5.4567665e-010
 -1.6456198e-009
 -8.2062588e-003
 -1.7808960e-002
 -4.2741058e-010
 -5.0795693e-003
 -1.7433699e-002
 -3.0640799e-002
 -1.9536733e-002
 -2.6366634e-002
 -3.5873838e-002
 -4.9163724e-002
 -3.5980857e-002
 -1.9768341e-002
 -5.3866001e-003
 -1.0261549e-009
 -1.8424797e-009
 -4.3430344e-010
 -1.2245505e-009
 -7.1404927e-003
 -8.3366008e-010
  3.3084523e-016
  5.4145376e-012
  9.9714536e-010
  8.2095844e-015
 -3.4931788e-015
 -6.0159626e-016
  4.9925766e-016
 -2.0033269e-015
 -1.9075284e-015
 -8.2508486e-016
  1.4391397e-015
 -3.4070902e-015
  4.6837659e-014
 -2.2515754e-012
 -1.9196279e-009
  4.1581133e-010
 -7.4895268e-011
 -1.2003444e-002
 -3.0273845e-002
 -3.9727275e-002
 -3.6012516e-002
 -4.7128339e-002
 -6.2552801e-002
 -7.8268816e-002
 -5.9222880e-002
 -4.5056849e-002
 -3.4606492e-002
 -5.5488875e-002
 -4.0712035e-002
 -3.1581576e-002
 -2.3409734e-002
 -4.8558930e-002
 -4.0466552e-002
 -3.6964793e-002
 -3.1253190e-002
 -3.9521194e-002
 -2.9581875e-002
 -2.4153357e-002
 -1.1193412e-002
 -1.3702019e-002
 -2.9373427e-002
 -4.0995729e-002
 -3.2307460e-002
 -1.5354748e-002
 -2.5820252e-002
 -3.9635090e-002
 -4.4545629e-002
 -3.4582667e-002
 -4.3651642e-002
 -5.7320721e-002
 -6.9338460e-002
 -5.5445234e-002
 -3.8985338e-002
 -2.9030868e-002
 -2.8569842e-002
 -2.6087463e-002
 -1.8599475e-002
 -1.6320472e-002
 -1.6305786e-002
 -1.9014317e-009
  8.5527886e-012
  1.3946154e-009
 -4.0293253e-010
  1.3529320e-014
 -1.5081731e-014
 -1.4742336e-015
  2.0658528e-015
  6.2065492e-016
  2.1263458e-015
 -1.0628525e-010
 -1.7298694e-010
 -2.7829079e-010
 -4.1242897e-010
 -9.6434796e-005
 -1.2977634e-002
 -1.0195743e-002
 -6.4128755e-003
 -1.9929912e-002
 -4.2945578e-002
 -5.5386049e-002
 -5.1252831e-002
 -5.1148543e-002
 -6.5454255e-002
 -8.0712642e-002
 -7.0859760e-002
 -4.7579506e-002
 -3.9635447e-002
 -5.4821719e-002
 -6.1221660e-002
 -4.0858357e-002
 -3.1062391e-002
 -5.0327868e-002
 -6.5421758e-002
 -5.8378091e-002
 -3.8521896e-002
 -4.5007151e-002
 -5.7145062e-002
 -4.9046352e-002
 -2.4824739e-002
 -2.7878294e-002
 -6.4394037e-002
 -7.5071654e-002
 -3.2392636e-002
 -2.0506150e-002
 -3.9007181e-002
 -5.8751916e-002
 -4.3258307e-002
 -3.5864423e-002
 -4.8887601e-002
 -7.6837221e-002
 -6.7430655e-002
 -5.6774068e-002
 -4.6612600e-002
 -5.2712522e-002
 -3.9478059e-002
 -3.8330806e-002
 -3.1057059e-002
 -3.1376005e-002
 -1.8709268e-002
 -1.8795151e-009
  1.7943965e-009
 -8.0580130e-010
 -8.8822604e-015
  1.2971846e-015
  1.1837351e-015
  2.2400938e-015
 -2.3221862e-015
  7.8076413e-016
  6.5281573e-017
 -4.5519584e-003
 -7.4083671e-003
 -1.1928725e-002
 -1.7734298e-002
 -2.5173850e-002
 -3.4333536e-002
 -3.0825470e-002
 -2.9587523e-002
 -3.2612553e-002
 -4.6399300e-002
 -5.8088193e-002
 -6.1653217e-002
 -6.1581230e-002
 -6.4172194e-002
 -7.6270451e-002
 -7.2124417e-002
 -5.9175509e-002
 -4.4694303e-002
 -6.3897386e-002
 -6.1018061e-002
 -4.5728463e-002
 -2.7904262e-002
 -4.9920594e-002
 -8.0064057e-002
 -5.9280029e-002
 -4.1197993e-002
 -4.7556640e-002
 -7.6857512e-002
 -4.7653325e-002
 -4.3210604e-002
 -4.2913447e-002
 -8.8104048e-002
 -7.0338166e-002
 -5.2206965e-002
 -4.0529639e-002
 -5.2494620e-002
 -4.1183013e-002
 -4.9912470e-002
 -4.4881809e-002
 -5.8769937e-002
 -5.3514164e-002
 -6.1749223e-002
 -5.4445478e-002
 -5.6714171e-002
 -4.3736964e-002
 -4.5846953e-002
 -4.2380773e-002
 -3.8350887e-002
 -2.0724613e-002
 -1.6956233e-002
 -9.4816141e-011
 -1.1948216e-009
 -5.8908460e-015
  4.5073935e-015
 -5.4891952e-016
  2.4022643e-015
 -2.8021289e-015
  2.8378147e-015
 -2.1185616e-015
  8.1563833e-016
 -2.1196853e-002
 -2.3310889e-002
 -2.7373781e-002
 -3.3183338e-002
 -4.0628567e-002
 -4.9651449e-002
 -4.6557876e-002
 -4.3139160e-002
 -4.1199321e-002
 -5.3128174e-002
 -5.6318216e-002
 -6.5363247e-002
 -6.2088274e-002
 -6.4252846e-002
 -6.4895498e-002
 -6.4454033e-002
 -6.1622361e-002
 -4.5930512e-002
 -5.7524534e-002
 -5.1436205e-002
 -5.8547974e-002
 -4.2418283e-002
 -5.8988428e-002
 -6.5294773e-002
 -6.2238747e-002
 -4.9142064e-002
 -5.3863877e-002
 -7.5102563e-002
 -5.5717565e-002
 -6.2928530e-002
 -6.2937092e-002
 -9.0132161e-002
 -6.4937893e-002
 -5.7905744e-002
 -5.4472259e-002
 -5.8207611e-002
 -3.7216236e-002
 -4.0981226e-002
 -5.3629573e-002
 -4.7990502e-002
 -4.1650193e-002
 -5.1480911e-002
 -6.1734268e-002
 -4.6910569e-002
 -2.5189759e-002
 -4.1517193e-002
 -4.7718702e-002
 -2.7877671e-002
 -1.1749940e-009
 -2.1054082e-009
 -1.4336043e-009
 -1.3864741e-011
 -9.0213425e-015
  9.5195426e-015
 -3.0169381e-015
 -2.5402866e-015
  1.0605721e-015
 -2.4841871e-015
  2.7744788e-015
 -2.0739154e-015
 -3.0596985e-002
 -3.2711557e-002
 -3.6829781e-002
 -4.2787020e-002
 -5.0439438e-002
 -5.9740715e-002
 -5.6986777e-002
 -5.1491927e-002
 -5.1408483e-002
 -5.4066659e-002
 -5.7767133e-002
 -6.2561114e-002
 -5.7427712e-002
 -6.1712031e-002
 -5.7798333e-002
 -5.9548869e-002
 -5.3437459e-002
 -4.6916084e-002
 -5.1535649e-002
 -4.5535101e-002
 -6.3376493e-002
 -5.1170368e-002
 -6.7299363e-002
 -5.3365319e-002
 -6.4494021e-002
 -5.4155810e-002
 -6.1054456e-002
 -6.3127387e-002
 -6.5617746e-002
 -8.5252299e-002
 -7.8137080e-002
 -7.6873122e-002
 -5.9192385e-002
 -6.1624854e-002
 -5.5808688e-002
 -3.2992422e-002
 -4.0454824e-002
 -4.4105005e-002
 -5.9477524e-002
 -2.0423119e-002
 -2.1181971e-002
 -4.4714699e-002
 -5.3839974e-002
 -2.4581448e-002
 -1.3455028e-002
 -5.4223497e-002
 -4.5341212e-002
 -2.2589979e-002
 -5.8621967e-010
 -1.9515377e-002
 -4.5740774e-003
 -6.5619236e-010
 -1.5959280e-016
 -3.6989967e-015
  7.2025013e-016
  3.3016100e-016
  1.6113660e-015
 -2.5595227e-015
  2.4093023e-015
 -1.5517032e-015
 -3.6171705e-002
 -3.8391770e-002
 -4.2714907e-002
 -4.8953469e-002
 -5.6911575e-002
 -6.6454469e-002
 -6.3723233e-002
 -5.7600628e-002
 -5.9168147e-002
 -5.8476732e-002
 -5.6194537e-002
 -6.0129178e-002
 -5.4659191e-002
 -5.3046843e-002
 -5.6331236e-002
 -5.8372424e-002
 -4.3595732e-002
 -4.1734063e-002
 -5.3807598e-002
 -5.7988254e-002
 -4.5568170e-002
 -5.0281787e-002
 -5.8347308e-002
 -5.3366652e-002
 -6.5438722e-002
 -7.7975528e-002
 -5.6346858e-002
 -4.4464869e-002
 -7.1495733e-002
 -1.0179399e-001
 -7.1889590e-002
 -4.9386568e-002
 -6.6324412e-002
 -6.5716437e-002
 -4.3263511e-002
 -1.6770074e-009
 -2.7491835e-002
 -5.8183537e-002
 -4.6814854e-002
 -1.9900272e-009
 -1.3210248e-002
 -4.0434111e-002
 -4.3745971e-002
 -9.1705075e-010
 -2.3493614e-002
 -4.6139974e-002
 -4.0034460e-002
 -1.8907449e-002
 -1.3365225e-002
 -3.8106841e-002
 -2.0687492e-002
 -5.2317945e-003
 -6.0918108e-010
  4.6721606e-015
  2.4164083e-015
 -1.7273750e-015
 -3.9846350e-016
 -2.5295398e-015
 -1.6206714e-015
  2.3829872e-015
 -3.9698079e-002
 -4.2063000e-002
 -4.6664624e-002
 -5.3296509e-002
 -6.1740412e-002
 -7.1839728e-002
 -6.9762307e-002
 -6.3910440e-002
 -6.4775428e-002
 -6.4026429e-002
 -5.4315790e-002
 -5.4393208e-002
 -5.6682581e-002
 -4.6441845e-002
 -4.3829228e-002
 -5.5853704e-002
 -3.7282813e-002
 -3.5142118e-002
 -4.4489641e-002
 -5.6440709e-002
 -3.0986392e-002
 -6.0115238e-002
 -6.9306999e-002
 -4.4426882e-002
 -6.1308047e-002
 -8.6408096e-002
 -6.7935365e-002
 -3.6486839e-002
 -7.6141202e-002
 -1.0787265e-001
 -6.2980318e-002
 -2.8053288e-002
 -7.0429912e-002
 -6.2443569e-002
 -2.9248476e-002
 -1.2033209e-002
 -3.5063505e-002
 -5.9149183e-002
 -3.2302083e-002
 -1.2730828e-009
 -2.3019301e-002
 -4.7224004e-002
 -3.7623289e-002
 -1.5750068e-002
 -2.0637612e-002
 -3.3226354e-002
 -2.3207143e-002
 -1.2300628e-002
 -3.7602428e-002
 -5.8725307e-002
 -3.6925082e-002
 -1.7767447e-002
 -1.8183626e-009
  8.1972637e-012
 -2.3041164e-015
  2.2945872e-016
  1.8631521e-015
 -1.6237870e-015
  1.1212234e-015
 -4.8414075e-016
 -4.1978529e-002
 -4.4488069e-002
 -4.9362806e-002
 -5.6365707e-002
 -6.5230718e-002
 -7.5721004e-002
 -7.3876547e-002
 -6.8992989e-002
 -6.8627687e-002
 -6.8211041e-002
 -5.7286633e-002
 -5.2227203e-002
 -5.6141157e-002
 -4.5924513e-002
 -3.3937177e-002
 -4.6219224e-002
 -3.7538000e-002
 -3.2234045e-002
 -3.6707540e-002
 -5.3621898e-002
 -3.6385605e-002
 -5.5524542e-002
 -7.2105213e-002
 -4.8765211e-002
 -5.3215125e-002
 -8.7685272e-002
 -7.8110605e-002
 -3.0246515e-002
 -6.6382730e-002
 -9.8524520e-002
 -4.8158973e-002
 -3.5300070e-002
 -7.6266577e-002
 -4.5561554e-002
 -3.0877838e-002
 -3.2248810e-002
 -4.8091859e-002
 -4.4488375e-002
 -2.6811617e-002
 -2.5677893e-002
 -3.5396785e-002
 -4.2558873e-002
 -2.9754340e-002
 -2.4319906e-002
 -2.3124848e-002
 -4.0119541e-002
 -4.2291431e-002
 -2.6516453e-002
 -3.8045439e-002
 -5.9700892e-002
 -4.0680924e-002
 -2.2810289e-002
 -6.7970173e-003
 -7.9356352e-010
  5.7599355e-015
  3.0665161e-015
 -7.7440289e-015
  3.2533067e-015
  1.5187216e-015
 -1.9383079e-015
 -4.3443676e-002
 -4.6091968e-002
 -5.1234382e-002
 -5.8617362e-002
 -6.7954590e-002
 -7.8986675e-002
 -7.7738514e-002
 -7.3136857e-002
 -7.0981246e-002
 -7.2172229e-002
 -6.1146072e-002
 -5.2540072e-002
 -5.1861090e-002
 -4.6081902e-002
 -3.7129437e-002
 -4.0363407e-002
 -4.1461861e-002
 -2.4933455e-002
 -4.2514686e-002
 -5.7516986e-002
 -5.0962567e-002
 -4.4356151e-002
 -6.6820771e-002
 -6.3671744e-002
 -3.2525987e-002
 -6.4767273e-002
 -6.7402416e-002
 -4.4533837e-002
 -6.1419714e-002
 -7.1346577e-002
 -5.2464222e-002
 -5.3165619e-002
 -6.5518649e-002
 -5.1310821e-002
 -4.6664721e-002
 -4.2100201e-002
 -3.1089828e-002
 -1.9143839e-002
 -3.9916402e-002
 -5.3960307e-002
 -3.4215427e-002
 -2.9244615e-002
 -2.4167707e-002
 -2.9176324e-002
 -3.3022639e-002
 -5.2789295e-002
 -6.3482113e-002
 -2.3405594e-002
 -3.1771491e-002
 -5.6922783e-002
 -4.0743791e-002
 -2.4207875e-002
 -8.5938081e-003
 -1.0033390e-009
  1.1512641e-016
  2.4974176e-015
 -1.2778695e-015
 -5.4899228e-016
 -1.9115367e-015
  1.2605995e-017
 -4.4321159e-002
 -4.7083761e-002
 -5.2449103e-002
 -6.0155223e-002
 -6.9907773e-002
 -8.1441578e-002
 -8.0783682e-002
 -7.6099064e-002
 -7.3439276e-002
 -7.2454802e-002
 -6.2886994e-002
 -5.5142418e-002
 -5.1037235e-002
 -4.6057009e-002
 -4.5121531e-002
 -4.0885093e-002
 -4.2270311e-002
 -3.1328681e-002
 -4.4866720e-002
 -6.3119668e-002
 -4.8975588e-002
 -3.1956682e-002
 -5.3945808e-002
 -6.4757023e-002
 -3.9564245e-002
 -4.8024791e-002
 -6.3730434e-002
 -4.1099191e-002
 -4.7969147e-002
 -6.7174398e-002
 -4.7901511e-002
 -5.1621334e-002
 -4.5541445e-002
 -3.4182235e-002
 -5.2853266e-002
 -5.5045784e-002
 -2.8706362e-002
 -3.5506607e-002
 -4.3334161e-002
 -5.0494965e-002
 -2.9364522e-002
 -2.8788941e-002
 -1.6073912e-002
 -2.0585083e-002
 -4.4709778e-002
 -5.7466742e-002
 -5.6552220e-002
 -3.7787377e-002
 -4.2770018e-002
 -6.3002430e-002
 -4.5072416e-002
 -2.7489340e-002
 -1.0790869e-002
 -1.2598225e-009
 -6.8324566e-015
 -1.0047276e-015
 -3.8989097e-015
  7.3598972e-016
 -2.5827817e-016
 -3.3592790e-016
 -4.4767906e-002
 -4.7605511e-002
 -5.3115506e-002
 -6.1026241e-002
 -7.1029299e-002
 -8.2835611e-002
 -8.2420808e-002
 -7.7321264e-002
 -7.5935735e-002
 -7.4284277e-002
 -6.6592332e-002
 -5.7384993e-002
 -5.2001401e-002
 -5.1133900e-002
 -5.0260611e-002
 -4.6192832e-002
 -3.2908135e-002
 -3.8738814e-002
 -4.4535879e-002
 -5.3249689e-002
 -5.2790549e-002
 -3.2013051e-002
 -4.3856705e-002
 -5.7304981e-002
 -3.5376816e-002
 -4.0507343e-002
 -4.5033989e-002
 -2.8590854e-002
 -5.5418763e-002
 -4.5857357e-002
 -3.4409160e-002
 -4.8669531e-002
 -4.2609795e-002
 -2.2945544e-002
 -4.4962819e-002
 -4.7334512e-002
 -4.4435021e-002
 -5.2426057e-002
 -3.5178306e-002
 -4.9939676e-002
 -3.5572696e-002
 -1.3655114e-002
 -2.6516594e-002
 -3.4498190e-002
 -5.1557798e-002
 -5.5110368e-002
 -4.6204911e-002
 -4.3890782e-002
 -5.2882767e-002
 -6.8231820e-002
 -4.9127473e-002
 -3.0821363e-002
 -1.3238096e-002
 -1.5448815e-009
 -2.0539187e-014
 -6.2103590e-016
 -1.0096523e-015
 -2.6167723e-015
  3.7824389e-015
 -5.3931267e-016
 -4.4951495e-002
 -4.7833405e-002
 -5.3431782e-002
 -6.1475609e-002
 -7.1659478e-002
 -8.3698123e-002
 -8.3560666e-002
 -7.8515714e-002
 -7.7190372e-002
 -7.4198609e-002
 -6.9483221e-002
 -6.0448023e-002
 -5.6194060e-002
 -5.3270798e-002
 -4.8797526e-002
 -5.0746434e-002
 -3.3160357e-002
 -4.0550410e-002
 -4.6101832e-002
 -5.5271574e-002
 -5.3077407e-002
 -3.0461847e-002
 -1.2104073e-002
 -4.4385530e-002
 -2.4527672e-002
 -2.7994101e-002
 -2.7474991e-002
 -2.4052391e-002
 -4.5613727e-002
 -3.3345788e-002
 -2.8546574e-002
 -4.2283033e-002
 -2.2491839e-002
 -1.3314465e-002
 -2.1087459e-002
 -4.3620075e-002
 -4.8844590e-002
 -3.5118662e-002
 -5.5635943e-002
 -6.0199614e-002
 -3.3394461e-002
 -2.4181960e-002
 -3.8260538e-002
 -4.6128304e-002
 -6.0579754e-002
 -6.4298650e-002
 -4.8723050e-002
 -4.3738900e-002
 -5.4715634e-002
 -6.9014338e-002
 -5.0758516e-002
 -3.2734161e-002
 -1.4928139e-002
 -1.7428734e-009
 -1.4800765e-014
 -2.5106950e-015
 -1.5300440e-015
  1.0364236e-015
 -1.1309938e-015
 -2.5879830e-015
 -4.4989424e-002
 -4.7888191e-002
 -5.3525111e-002
 -6.1639921e-002
 -7.1947215e-002
 -8.4192278e-002
 -8.4376171e-002
 -7.9690153e-002
 -7.7287076e-002
 -7.3248778e-002
 -7.0135967e-002
 -6.1511828e-002
 -5.6886599e-002
 -5.6792248e-002
 -5.0122574e-002
 -3.7348026e-002
 -4.3711354e-002
 -5.3843406e-002
 -4.0587359e-002
 -5.0452183e-002
 -4.5213664e-002
 -2.6446736e-002
 -1.5311412e-002
 -3.2120489e-002
 -2.5145404e-002
 -1.2974829e-010
 -5.0494802e-003
 -1.4127837e-009
 -1.4321663e-002
 -3.3285664e-002
 -2.4645575e-002
 -2.1304722e-002
 -2.1549356e-009
 -8.9304819e-011
 -3.8789670e-002
 -3.6848859e-002
 -3.1963167e-002
 -5.3259281e-002
 -6.4862685e-002
 -5.4464195e-002
 -3.3940517e-002
 -3.6920492e-002
 -5.1191304e-002
 -5.8178011e-002
 -6.3391692e-002
 -5.3467320e-002
 -5.3337524e-002
 -4.2022064e-002
 -6.4148697e-002
 -7.3363543e-002
 -5.3767137e-002
 -3.5016517e-002
 -1.6683202e-002
 -1.9725211e-009
  8.0385211e-014
  9.4999545e-015
 -4.0906055e-015
 -1.2914749e-015
  1.3166729e-015
 -1.9337549e-015
 -4.4926012e-002
 -4.7807205e-002
 -5.3414538e-002
 -6.1498694e-002
 -7.1793246e-002
 -8.4074668e-002
 -8.4424383e-002
 -8.0075766e-002
 -7.7417397e-002
 -7.1945217e-002
 -6.8530922e-002
 -5.9541006e-002
 -6.0718061e-002
 -5.8718161e-002
 -4.7851364e-002
 -3.6332988e-002
 -5.5649159e-002
 -5.2517506e-002
 -3.5377013e-002
 -4.9273567e-002
 -3.6874355e-002
 -2.2883750e-002
 -1.7156335e-010
 -2.2231972e-002
 -1.7120591e-002
  1.6060999e-010
 -1.9764062e-002
 -1.9531776e-009
 -2.1362189e-002
 -3.1252144e-002
 -2.6967724e-002
 -2.8052894e-002
  1.8265901e-009
 -1.0368500e-002
 -3.0084869e-002
 -1.3818402e-002
 -5.6384132e-002
 -6.0232658e-002
 -5.5870497e-002
 -5.9429343e-002
 -3.6155476e-002
 -5.1829363e-002
 -4.9753323e-002
 -6.1963300e-002
 -6.4458120e-002
 -3.9514348e-002
 -6.7421324e-002
 -4.7271650e-002
 -7.1251799e-002
 -7.6335437e-002
 -5.5765864e-002
 -3.6383750e-002
 -1.7667181e-002
 -2.1634318e-009
  5.0670397e-012
 -5.7446194e-015
 -7.2261193e-016
  7.4510157e-016
 -2.2410780e-016
 -6.7801203e-016
 -4.4792053e-002
 -4.7623296e-002
 -5.3133000e-002
 -6.1071069e-002
 -7.1157422e-002
 -8.2935444e-002
 -8.3059208e-002
 -7.8874172e-002
 -7.6330214e-002
 -6.9248311e-002
 -6.6236610e-002
 -6.0033215e-002
 -6.8491975e-002
 -6.3776388e-002
 -3.7926479e-002
 -3.4711742e-002
 -6.0748237e-002
 -4.4582305e-002
 -4.6654271e-002
 -4.7707739e-002
 -3.5759310e-002
 -1.9579672e-002
  5.2146014e-010
  7.9564522e-010
 -1.7430449e-009
 -1.2483090e-002
 -1.9671481e-002
 -4.0613243e-002
 -1.8788767e-002
 -1.7556917e-002
 -3.7142616e-002
 -2.4505458e-002
  1.0948952e-009
 -2.3268472e-010
 -2.3572839e-002
 -1.5408533e-002
 -2.6684412e-002
 -6.0031739e-002
 -5.8751202e-002
 -5.9813734e-002
 -4.3055661e-002
 -7.3672992e-002
 -6.4015053e-002
 -6.0668155e-002
 -6.5847421e-002
 -3.6914976e-002
 -6.8382639e-002
 -5.1756433e-002
 -7.3936486e-002
 -7.6068301e-002
 -5.5462305e-002
 -3.5850779e-002
 -1.6893108e-002
 -1.9687592e-009
 -1.3894376e-014
  6.0049887e-015
 -1.3550215e-015
 -1.4873095e-015
 -2.6687327e-016
 -1.7307729e-015
 -4.4636228e-002
 -4.7417023e-002
 -5.2842628e-002
 -6.0700050e-002
 -7.0778780e-002
 -8.0508600e-002
 -8.0501345e-002
 -7.6855276e-002
 -7.3530607e-002
 -6.7773926e-002
 -6.2829803e-002
 -6.1477498e-002
 -6.9523446e-002
 -6.1209734e-002
 -3.9600761e-002
 -4.8355919e-002
 -5.6822781e-002
 -3.5324039e-002
 -4.1214190e-002
 -3.7976984e-002
 -2.4841647e-002
 -1.6181213e-002
 -1.0328889e-009
  3.7973969e-010
 -1.0876551e-002
 -1.3789981e-002
 -2.8093417e-002
 -4.7512482e-002
 -3.9755745e-003
 -1.6287148e-002
 -3.5610515e-002
 -1.7084305e-009
  1.3464350e-009
 -1.0347584e-009
 -2.1155803e-002
 -1.6655607e-009
 -1.1921235e-002
 -5.6778186e-002
 -6.2274601e-002
 -5.7755264e-002
 -6.0163565e-002
 -6.0014905e-002
 -6.6623397e-002
 -6.2135633e-002
 -6.7918501e-002
 -3.9718034e-002
 -6.2848630e-002
 -6.0817231e-002
 -7.5445020e-002
 -7.5132470e-002
 -5.3707578e-002
 -3.3576342e-002
 -1.4676404e-002
 -1.7120404e-009
 -3.7579642e-014
  2.5917657e-015
 -2.5978827e-015
  2.5513598e-015
 -5.4577086e-016
  2.3229926e-015
 -4.4394852e-002
 -4.7099651e-002
 -5.2381370e-002
 -6.0037242e-002
 -6.9856187e-002
 -7.8615312e-002
 -7.8468235e-002
 -7.5652291e-002
 -7.1998301e-002
 -6.8074719e-002
 -6.3495863e-002
 -6.4810889e-002
 -7.6267748e-002
 -5.2421444e-002
 -4.6813046e-002
 -5.5605802e-002
 -5.3192820e-002
 -3.6686739e-002
 -4.0231662e-002
 -2.7549857e-002
 -3.3142338e-002
 -1.1213521e-002
  1.7621664e-009
 -1.5789198e-009
 -1.5936950e-002
 -2.9178033e-002
 -2.8487039e-002
 -3.6554062e-002
 -2.1819010e-002
 -4.0778173e-002
 -2.0587675e-002
  1.3851067e-009
 -1.0961675e-002
 -1.2531681e-002
 -2.6323966e-002
 -3.2140857e-002
 -1.4017766e-002
 -5.5461000e-002
 -5.5347656e-002
 -4.5910536e-002
 -6.9524918e-002
 -5.4609357e-002
 -5.9276922e-002
 -5.8057764e-002
 -5.6218494e-002
 -5.7781717e-002
 -6.9300748e-002
 -6.3268124e-002
 -7.3885349e-002
 -6.9561836e-002
 -4.8758806e-002
 -2.9315014e-002
 -1.1743233e-002
 -1.3705365e-009
 -1.4664469e-014
 -8.2641374e-016
  9.9108797e-016
 -1.5877723e-015
  1.9341473e-015
 -7.7463261e-016
 -4.4023454e-002
 -4.6649812e-002
 -5.1792243e-002
 -5.9284774e-002
 -6.8981161e-002
 -7.6306567e-002
 -7.6117036e-002
 -7.3613181e-002
 -6.9124499e-002
 -6.4402321e-002
 -6.0373005e-002
 -6.7574420e-002
 -7.1561561e-002
 -4.7044676e-002
 -6.2653303e-002
 -5.8057167e-002
 -5.8385951e-002
 -4.2005206e-002
 -3.9190568e-002
 -3.3918209e-002
 -2.9336655e-002
  8.1699685e-010
 -3.3023599e-009
 -3.6909042e-010
 -1.6450872e-002
 -3.6310328e-002
 -2.7096991e-002
 -3.3312439e-002
 -2.2826406e-002
 -1.6031168e-002
 -1.0595187e-009
 -1.3128871e-002
 -1.6763253e-002
 -2.2893642e-002
 -1.8360740e-002
 -4.1398340e-002
 -3.1564114e-002
 -5.3420752e-002
 -5.0067068e-002
 -4.6106674e-002
 -7.0615835e-002
 -5.6942891e-002
 -6.1547562e-002
 -6.7665619e-002
 -4.6699637e-002
 -7.3431774e-002
 -6.5403400e-002
 -6.2282577e-002
 -6.4477115e-002
 -6.1930728e-002
 -4.2493836e-002
 -2.4132287e-002
 -7.6163125e-003
 -8.8921955e-010
 -1.7486865e-014
 -7.4147955e-015
  5.1843850e-016
  3.0104427e-015
 -1.3665789e-016
  7.2551284e-016
 -4.3376507e-002
 -4.5900505e-002
 -5.0846176e-002
 -5.8055765e-002
 -6.7375144e-002
 -7.4020240e-002
 -7.3536741e-002
 -7.0501952e-002
 -6.7005339e-002
 -6.2859113e-002
 -6.1163168e-002
 -7.1668864e-002
 -5.8540704e-002
 -5.2015748e-002
 -6.1492266e-002
 -6.0994324e-002
 -5.8918603e-002
 -5.1729152e-002
 -3.6754628e-002
 -3.5384395e-002
 -5.3221845e-003
 -2.0113157e-002
 -2.6895847e-002
 -1.4703403e-002
 -2.7974456e-002
 -4.7163169e-002
 -4.5917726e-002
 -2.7107102e-002
 -2.1016067e-002
 -2.2692299e-002
 -1.5513245e-002
 -6.9891209e-003
 -1.7435859e-010
 -2.4651027e-002
 -1.9018994e-002
 -4.6392324e-002
 -5.3422763e-002
 -4.7297180e-002
 -5.0210308e-002
 -4.4136230e-002
 -6.1251473e-002
 -5.9736832e-002
 -6.0661959e-002
 -7.2713883e-002
 -4.4796750e-002
 -7.7331643e-002
 -6.0825247e-002
 -6.8950066e-002
 -6.0035218e-002
 -5.5014730e-002
 -3.6775772e-002
 -1.8850562e-002
 -6.3061261e-007
 -6.9799108e-014
  7.9328663e-015
 -2.6066085e-015
  1.7132148e-015
 -1.2887583e-015
  1.4654273e-016
  1.1102276e-015
 -4.2318744e-002
 -4.4743588e-002
 -4.9513074e-002
 -5.6517076e-002
 -6.5687489e-002
 -7.0618501e-002
 -7.0000826e-002
 -6.5984001e-002
 -6.2603215e-002
 -5.9540485e-002
 -6.2481674e-002
 -6.3753941e-002
 -4.9684331e-002
 -5.3976352e-002
 -6.0482225e-002
 -6.6735935e-002
 -5.9446246e-002
 -5.6728495e-002
 -3.5303036e-002
 -1.6925013e-002
 -3.3177430e-002
 -3.8835755e-002
 -3.3835580e-002
 -3.8162234e-002
 -4.5207355e-002
 -6.5278957e-002
 -4.1119609e-002
 -2.0062073e-002
 -3.2641396e-002
 -2.9122320e-002
 -2.2514165e-002
 -6.4796409e-010
 -2.7374041e-009
 -3.0509456e-002
 -2.9955696e-002
 -4.8960361e-002
 -5.0634591e-002
 -4.1705071e-002
 -5.4417341e-002
 -5.1084997e-002
 -5.1134972e-002
 -5.3659837e-002
 -5.9656103e-002
 -6.1324865e-002
 -6.0902763e-002
 -7.4879846e-002
 -5.5880771e-002
 -7.3713269e-002
 -6.1278230e-002
 -5.3752612e-002
 -3.4213701e-002
 -1.5563277e-002
 -1.8170570e-009
 -1.7328378e-014
 -1.4245397e-015
 -7.8532397e-016
 -6.8416436e-016
  2.7192853e-015
  1.0920280e-015
 -2.4702347e-015
 -4.0588659e-002
 -4.2879529e-002
 -4.7390810e-002
 -5.4025713e-002
 -6.2721005e-002
 -6.7039432e-002
 -6.6350344e-002
 -6.2050722e-002
 -5.7374711e-002
 -5.6993558e-002
 -6.6263769e-002
 -5.0157227e-002
 -4.7056674e-002
 -5.0837830e-002
 -6.1064388e-002
 -6.4264259e-002
 -5.5463976e-002
 -5.0357994e-002
 -3.2026606e-002
 -3.7083968e-002
 -3.9543938e-002
 -3.9069808e-002
 -3.5410260e-002
 -6.1452778e-002
 -6.0878741e-002
 -5.8103418e-002
 -4.3096947e-002
 -4.5498891e-002
 -4.6428116e-002
 -3.1432538e-002
 -3.3341515e-002
 -2.3775223e-002
 -3.3566570e-002
 -4.4891328e-002
 -3.3501601e-002
 -6.8013267e-002
 -5.1826976e-002
 -5.5097259e-002
 -4.7027536e-002
 -6.0613327e-002
 -4.9758376e-002
 -5.6096512e-002
 -5.3923766e-002
 -4.1047033e-002
 -6.4525932e-002
 -5.7326641e-002
 -5.6193801e-002
 -7.5913143e-002
 -6.2394295e-002
 -5.1963435e-002
 -3.1458415e-002
 -1.2910458e-002
 -1.5070175e-009
 -6.7150944e-014
  2.8770677e-015
 -1.4312358e-015
  1.5937656e-015
 -3.0181690e-015
  1.2928420e-015
  2.2764019e-015
 -3.7989494e-002
 -4.0143735e-002
 -4.4397782e-002
 -5.0686404e-002
 -5.8996054e-002
 -6.2623124e-002
 -6.2212629e-002
 -5.9426811e-002
 -5.6385127e-002
 -5.6507646e-002
 -5.4301901e-002
 -4.7581165e-002
 -4.2252943e-002
 -5.4126775e-002
 -5.5685815e-002
 -6.0985577e-002
 -6.1429654e-002
 -4.0987474e-002
 -4.7781865e-002
 -4.7248644e-002
 -3.7032080e-002
 -4.4693638e-002
 -4.7138874e-002
 -6.1816682e-002
 -5.9423074e-002
 -6.1599246e-002
 -5.6964359e-002
 -6.4737804e-002
 -5.3502508e-002
 -3.3868473e-002
 -4.4076649e-002
 -3.9128099e-002
 -5.0120285e-002
 -5.6062884e-002
 -4.2433173e-002
 -7.4743683e-002
 -5.6449286e-002
 -5.8705623e-002
 -5.2979524e-002
 -5.8376136e-002
 -4.7872072e-002
 -5.5332065e-002
 -5.0198226e-002
 -3.3665012e-002
 -5.9578209e-002
 -5.4672808e-002
 -6.3334515e-002
 -6.8268476e-002
 -5.7139274e-002
 -4.5109975e-002
 -2.6097879e-002
 -9.2002291e-003
 -1.0741551e-009
  3.1156938e-015
  1.4466883e-015
  4.3346837e-017
 -2.1758041e-015
  1.7589201e-015
 -1.6702352e-015
 -1.4422536e-015
 -3.4202957e-002
 -3.6236509e-002
 -4.0261516e-002
 -4.6235967e-002
 -5.4174770e-002
 -5.6324049e-002
 -5.5379664e-002
 -5.2330863e-002
 -5.2928519e-002
 -6.2934897e-002
 -5.0575901e-002
 -4.1434185e-002
 -4.3433845e-002
 -5.1399110e-002
 -5.2610630e-002
 -5.5025672e-002
 -4.2709925e-002
 -5.4371507e-002
 -4.5111062e-002
 -5.7148147e-002
 -5.8572658e-002
 -6.8058106e-002
 -5.5604546e-002
 -5.5723911e-002
 -5.4651968e-002
 -5.8400826e-002
 -6.9148715e-002
 -6.1824270e-002
 -5.2778399e-002
 -4.5476918e-002
 -5.8595986e-002
 -5.6069434e-002
 -5.5793381e-002
 -6.8359044e-002
 -4.5360613e-002
 -7.1019837e-002
 -6.6746505e-002
 -5.3039921e-002
 -5.5731504e-002
 -5.1344794e-002
 -4.5386907e-002
 -6.2634774e-002
 -5.4093295e-002
 -4.2187601e-002
 -5.7259065e-002
 -5.8707973e-002
 -5.9843452e-002
 -5.7162915e-002
 -4.8923171e-002
 -3.7961826e-002
 -1.9582257e-002
 -1.8716951e-003
 -2.1852098e-010
  1.2578885e-015
  6.2477037e-017
  3.0309492e-015
  2.9681061e-015
 -2.1113401e-015
  2.8392010e-015
  1.0254267e-015
 -2.8558220e-002
 -3.0541120e-002
 -3.4473344e-002
 -4.0341675e-002
 -4.8226063e-002
 -5.0496452e-002
 -5.0378434e-002
 -4.8570747e-002
 -5.1736674e-002
 -4.9968673e-002
 -4.6973142e-002
 -4.2264841e-002
 -4.6515389e-002
 -5.7455266e-002
 -5.4988486e-002
 -4.1888366e-002
 -5.7664095e-002
 -5.8563875e-002
 -4.9344539e-002
 -5.3062574e-002
 -7.4044149e-002
 -6.2563773e-002
 -6.0636767e-002
 -6.0841921e-002
 -5.7864401e-002
 -5.0937728e-002
 -6.3663979e-002
 -7.3045993e-002
 -5.3094618e-002
 -6.4314182e-002
 -6.2458931e-002
 -6.8624229e-002
 -6.7385391e-002
 -6.0572381e-002
 -5.8432385e-002
 -6.3925380e-002
 -6.7495980e-002
 -6.4282580e-002
 -6.0814720e-002
 -5.5053678e-002
 -4.7451833e-002
 -5.3848073e-002
 -4.8448749e-002
 -4.6489620e-002
 -5.8079743e-002
 -5.7669284e-002
 -4.9102716e-002
 -5.1719479e-002
 -4.4811129e-002
 -3.1768944e-002
 -1.3242364e-002
 -1.5884841e-009
 -2.9641337e-014
 -2.3509619e-015
 -2.8979053e-015
  3.5485992e-015
 -7.6966511e-016
 -1.3741399e-015
 -2.7841114e-015
 -1.1042469e-015
 -1.9328184e-002
 -2.1420096e-002
 -2.5489961e-002
 -3.1458163e-002
 -3.9377091e-002
 -4.1472641e-002
 -4.0998209e-002
 -4.2850165e-002
 -5.2138925e-002
 -4.6951067e-002
 -3.7990018e-002
 -4.3297351e-002
 -5.6159388e-002
 -6.1865493e-002
 -4.0580369e-002
 -5.3877403e-002
 -7.2311525e-002
 -6.5075905e-002
 -4.6915791e-002
 -5.9405851e-002
 -6.2573024e-002
 -5.4717381e-002
 -5.6176908e-002
 -6.1621647e-002
 -5.6241587e-002
 -5.0905613e-002
 -7.0063309e-002
 -6.7572312e-002
 -7.1549715e-002
 -7.9022936e-002
 -6.8733597e-002
 -7.9099135e-002
 -7.0243954e-002
 -6.1694650e-002
 -6.9099368e-002
 -6.7650943e-002
 -7.0865338e-002
 -7.2854237e-002
 -5.9663652e-002
 -5.1698234e-002
 -5.2397891e-002
 -4.8793708e-002
 -3.9134009e-002
 -4.9604258e-002
 -4.9592990e-002
 -4.8750357e-002
 -4.7274697e-002
 -5.1541667e-002
 -4.6716094e-002
 -2.4316058e-002
 -7.0045343e-003
 -8.1779330e-010
 -2.3657944e-015
 -1.1681458e-015
  1.6729735e-015
  1.7613468e-016
  5.5038765e-016
 -2.4346044e-015
  1.2261033e-015
  2.1673845e-015
 -2.0036175e-003
 -5.8467265e-003
 -1.1053136e-002
 -1.7701153e-002
 -2.6672759e-002
 -2.9544918e-002
 -3.1698240e-002
 -3.8931281e-002
 -4.1486187e-002
 -3.7478350e-002
 -4.1936047e-002
 -4.6304778e-002
 -5.4112429e-002
 -4.1656845e-002
 -5.2314849e-002
 -6.5957328e-002
 -6.0350295e-002
 -6.5757114e-002
 -5.4179378e-002
 -6.4751789e-002
 -6.4407669e-002
 -5.9192203e-002
 -5.7238013e-002
 -4.9237927e-002
 -4.7263965e-002
 -6.6033128e-002
 -7.3464729e-002
 -6.8574997e-002
 -8.7328927e-002
 -8.3213514e-002
 -7.7794426e-002
 -8.7103381e-002
 -7.5757112e-002
 -7.5051003e-002
 -8.2928031e-002
 -7.8150835e-002
 -7.3954176e-002
 -5.8499224e-002
 -5.5298255e-002
 -4.3204835e-002
 -5.0144860e-002
 -4.2503755e-002
 -4.1324464e-002
 -5.0447576e-002
 -3.5930114e-002
 -4.2662373e-002
 -5.2272704e-002
 -5.1638304e-002
 -4.0786977e-002
 -1.7008636e-002
 -2.1822489e-009
  1.0303610e-013
  2.7797636e-016
  1.1607915e-016
  7.3456675e-016
 -2.3504903e-016
 -1.6140680e-015
  2.1951776e-015
 -2.0302680e-015
  1.1945690e-015
 -4.6790675e-011
 -1.3656840e-010
 -2.5602610e-010
 -1.3046850e-009
 -7.6343190e-003
 -1.2241331e-002
 -2.0442262e-002
 -2.9301517e-002
 -3.0265008e-002
 -3.4143229e-002
 -4.7451973e-002
 -4.1566329e-002
 -4.2690622e-002
 -5.2533614e-002
 -4.8430848e-002
 -5.4066209e-002
 -5.9812690e-002
 -5.8772607e-002
 -5.0876805e-002
 -7.4450529e-002
 -6.6921780e-002
 -6.9864511e-002
 -4.4933274e-002
 -4.5540497e-002
 -6.4165088e-002
 -8.2413865e-002
 -7.6791762e-002
 -7.6430197e-002
 -7.9427274e-002
 -7.8370418e-002
 -8.2115780e-002
 -8.9995928e-002
 -7.5815039e-002
 -8.1628335e-002
 -9.3611458e-002
 -7.1704442e-002
 -6.8104769e-002
 -5.0165529e-002
 -5.2706759e-002
 -5.4180920e-002
 -5.0077164e-002
 -4.3082623e-002
 -4.4337877e-002
 -4.5378497e-002
 -3.0607971e-002
 -3.8337653e-002
 -5.6962248e-002
 -5.2458484e-002
 -3.5899630e-002
 -8.8594987e-003
 -1.0343467e-009
 -1.2266888e-014
  8.1058148e-015
 -2.9258154e-015
  1.7229601e-015
  2.8247976e-015
 -3.4817373e-015
  3.1369046e-015
 -1.4920893e-015
 -1.3905724e-015
  1.2882365e-016
 -1.1259663e-015
 -2.0917053e-014
  2.0489829e-014
 -1.1353510e-009
 -2.9813927e-010
 -8.6418698e-003
 -1.8639112e-002
 -2.3070525e-002
 -3.2731087e-002
 -3.5292841e-002
 -4.6185470e-002
 -5.4614668e-002
 -4.1207394e-002
 -4.4330139e-002
 -5.0773636e-002
 -4.9196034e-002
 -4.9613644e-002
 -5.1535295e-002
 -6.5548800e-002
 -5.8177723e-002
 -5.4725266e-002
 -5.0597586e-002
 -6.5458509e-002
 -7.5752036e-002
 -8.2932851e-002
 -7.4314742e-002
 -8.3375091e-002
 -7.8777286e-002
 -6.8666067e-002
 -8.2062209e-002
 -8.2936250e-002
 -6.7279691e-002
 -7.6636814e-002
 -7.7193557e-002
 -6.0444006e-002
 -6.6723433e-002
 -5.5918979e-002
 -5.2961742e-002
 -5.6549776e-002
 -5.6023738e-002
 -4.9154595e-002
 -5.1703978e-002
 -4.4503132e-002
 -3.1548346e-002
 -3.5438352e-002
 -5.1576158e-002
 -5.1573768e-002
 -4.0179455e-002
 -1.7870822e-009
  6.9004986e-015
  2.5889123e-015
  5.0897614e-016
  8.5217626e-016
 -4.6327973e-015
  1.2890169e-015
 -2.6499858e-015
  5.6207542e-016
  1.9973763e-015
  1.4015891e-015
 -2.1521899e-015
 -1.1110966e-015
 -8.2266074e-017
  9.3010577e-016
 -5.4817377e-010
  1.5257538e-010
 -1.8082786e-010
 -2.4053033e-009
 -1.3066437e-002
 -1.7075598e-002
 -3.7088543e-002
 -4.9259645e-002
 -4.4406680e-002
 -4.0944214e-002
 -3.5350906e-002
 -4.3545900e-002
 -5.1296386e-002
 -3.9215476e-002
 -3.3995465e-002
 -4.0371535e-002
 -3.4728178e-002
 -4.0376447e-002
 -6.6420600e-002
 -8.1955741e-002
 -8.7105235e-002
 -8.8498515e-002
 -7.3351245e-002
 -7.9367195e-002
 -7.1213593e-002
 -5.6438341e-002
 -6.7883039e-002
 -6.4093344e-002
 -5.1768378e-002
 -5.8529876e-002
 -5.9720883e-002
 -5.1044621e-002
 -5.5776742e-002
 -5.5712998e-002
 -5.5135746e-002
 -5.3221533e-002
 -6.0437653e-002
 -4.4621728e-002
 -6.2747255e-002
 -4.6504732e-002
 -3.2118894e-002
 -3.8971069e-002
 -4.0634201e-002
 -4.2004628e-002
 -3.1553763e-002
 -1.4606290e-009
  3.0039157e-016
 -2.6536352e-015
  2.4891959e-015
 -5.4620336e-016
 -6.1412282e-016
  1.3617772e-015
 -3.0717316e-015
  1.5283891e-016
  1.5954465e-015
 -2.3365571e-015
 -2.5038481e-016
 -9.1584029e-016
 -2.2152436e-018
 -6.6025840e-015
  8.2505206e-010
  1.5761778e-010
 -6.6929039e-010
 -2.8217172e-009
 -1.0505398e-009
 -2.3021421e-002
 -2.9299359e-002
 -2.4478008e-002
 -3.0556889e-002
 -3.5666358e-002
 -3.2314890e-002
 -4.4188400e-002
 -2.8708683e-002
 -1.6961973e-002
 -1.0671401e-002
 -7.3556028e-003
 -3.4165748e-002
 -4.5280618e-002
 -6.3212586e-002
 -7.4745400e-002
 -8.4813942e-002
 -8.4810169e-002
 -7.3929534e-002
 -6.7222913e-002
 -5.6195207e-002
 -4.3776737e-002
 -4.0003833e-002
 -2.4308461e-002
 -2.7139315e-002
 -3.0125410e-002
 -4.0194058e-002
 -3.7665539e-002
 -5.0993952e-002
 -3.8471133e-002
 -4.7011948e-002
 -3.9072415e-002
 -5.4470587e-002
 -5.5069455e-002
 -5.9094872e-002
 -3.8675884e-002
 -3.2298086e-002
 -3.0576455e-002
 -3.9750299e-002
 -3.1074019e-002
 -1.6221401e-002
 -3.8145532e-010
  1.0869170e-015
 -9.3756298e-017
  1.0267399e-015
 -2.6745972e-015
 -1.6910130e-015
  5.4034162e-016
  2.1186894e-015
 -1.4337948e-015
  1.2151090e-015
 -2.2961882e-015
 -1.6143024e-015
 -7.4921359e-016
  3.8453236e-015
 -6.8711930e-011
  1.7442137e-009
  1.0509254e-009
 -3.2317272e-009
 -1.1013304e-009
 -1.3065296e-002
 -4.0072803e-003
  3.7766651e-010
 -1.1201305e-002
 -3.4119830e-002
 -2.3538413e-002
 -2.7583415e-002
 -3.3682430e-002
 -9.5621538e-010
  7.0345408e-010
  2.5636922e-009
 -1.0822440e-002
 -4.0533584e-002
 -4.0007128e-002
 -4.3160149e-002
 -4.3533077e-002
 -6.3816125e-002
 -5.7837402e-002
 -5.7541233e-002
 -5.2839607e-002
 -3.3215504e-002
 -2.0974205e-002
 -1.8916967e-002
  1.5058471e-009
  5.6321903e-010
 -2.4678470e-009
 -2.1020161e-002
 -2.0635675e-002
 -3.3875289e-002
 -9.0757355e-003
 -3.3337859e-002
 -2.4851257e-002
 -3.0423292e-002
 -5.1649555e-002
 -4.2204567e-002
 -1.3313191e-002
 -9.2434106e-010
 -1.7117606e-002
 -3.0956410e-002
 -2.0755774e-002
 -3.3497770e-009
  4.0791342e-009
 -1.8901352e-012
 -2.3648417e-016
  7.0036866e-016
  1.9267772e-015
 -1.2529266e-015
 -1.8358501e-015
  2.3501861e-015
 -9.6222056e-016
  2.8416786e-015
  2.7181872e-016
  1.7726536e-015
 -1.4925270e-015
  5.7699001e-016
 -2.3209714e-015
  3.4547280e-015
 -2.1430805e-015
  1.2799402e-014
 -2.9202183e-015
 -3.0507809e-010
 -9.3571931e-011
 -1.3713784e-015
 -2.6155103e-010
 -7.9670975e-010
 -5.4962948e-010
 -6.4408166e-010
 -7.8649460e-010
 -1.5402151e-015
  2.7211823e-016
  2.7480608e-015
 -2.5273486e-010
 -9.4633663e-010
 -1.7058386e-009
 -6.6081865e-003
 -1.3218693e-002
 -1.8097288e-002
 -1.8493475e-002
 -1.5835988e-002
 -9.3593919e-003
 -1.8688360e-009
 -4.8975698e-010
 -4.4171071e-010
 -9.5350711e-016
  7.0102735e-015
 -4.6811219e-015
 -4.9082341e-010
 -4.8186665e-010
 -7.9090958e-010
 -2.1193157e-010
 -7.7846966e-010
 -5.8001217e-010
 -9.0695161e-010
 -1.2057628e-009
 -9.8549218e-010
 -3.1085967e-010
  2.8684420e-017
 -3.9970471e-010
 -7.2283290e-010
 -4.8465502e-010
  5.1313327e-015
 -3.8099433e-013
 -4.2879455e-016
  2.4326474e-015
 -2.8437484e-015
  3.4250210e-015
 -1.1826514e-015
 -2.2646446e-015
  3.3240354e-015
 -2.5434992e-015
 -1.8427474e-015
  5.2615093e-016
  7.4034187e-016
 -5.6268131e-016
 -1.3928374e-015
  2.8869265e-015
 -2.6937524e-015
  2.6787771e-015
  1.5848837e-015
  1.2330182e-015
 -2.0166902e-015
 -1.4043585e-015
  2.7906637e-015
 -1.5096899e-015
  2.8831058e-015
 -2.0727187e-015
  2.9707575e-015
 -2.4726025e-015
 -4.0895640e-016
  2.4371387e-015
 -1.6470746e-015
  2.1020698e-015
 -7.4754360e-015
 -1.7032017e-014
 -1.5430266e-010
 -3.0867126e-010
 -4.2257528e-010
 -4.3183409e-010
 -3.6977272e-010
 -2.1855405e-010
  7.2648787e-017
 -1.6043631e-015
 -3.4012223e-015
 -6.7578129e-015
 -1.4687525e-015
 -4.7843929e-016
 -4.1884168e-016
 -1.9220157e-015
 -4.5441945e-016
  1.5121080e-015
 -1.9466136e-015
 -2.6166432e-015
  5.3623967e-014
 -1.4330239e-015
  9.7061530e-016
 -4.4252184e-015
  6.8483566e-016
  2.3559812e-015
  2.2969980e-015
 -1.4192477e-015
 -2.2362136e-015
  2.5597767e-015
 -1.1497185e-015
  4.2187874e-016
  2.9866293e-015
 -1.3697462e-015
 -2.1627211e-015
  3.3761930e-015
 -4.1452233e-015
  3.0546031e-015
  1.7665792e-015
 -4.9136675e-016
 -5.9071665e-016
  1.1056430e-015
  3.1494862e-016
 -2.6160535e-015
  1.1916791e-015
  1.7033107e-015
 -2.5687800e-015
  5.2419419e-016
  1.9836547e-015
  1.1125320e-015
 -2.0767087e-015
 -1.4294574e-015
  3.3236740e-015
 -3.5295095e-015
  2.3403027e-015
  5.7591201e-016
 -2.2060566e-015
 -5.6936762e-016
  2.5563447e-015
 -2.6849484e-015
  2.8922741e-015
 -2.2765762e-015
  2.2799466e-015
 -5.6274850e-016
 -9.9106336e-016
  2.3782653e-015
 -3.4310830e-015
 -1.3977908e-018
  2.4033634e-015
  2.4891483e-015
 -1.2773755e-016
  1.5189336e-015
 -3.2275726e-016
  1.7812804e-016
  2.7021034e-015
  1.0873216e-015
  1.3014613e-015
  2.0538770e-015
  1.6306275e-015
  1.4812016e-015
 -2.7916431e-016
 -3.9564569e-016
 -6.1219063e-016
  2.4742563e-015
 -1.5490826e-016
  1.5062651e-015
 -8.0287168e-016
  4.5857144e-016
 -2.0181659e-015
  1.5833878e-015
  1.0049758e-015
 -1.9648282e-015
 -2.4521861e-015
  2.5628705e-015
  1.1398949e-016
 -2.2772202e-015
  3.5150281e-015
 -2.0626307e-015
 -2.4861746e-015
 -1.5114837e-016
 -1.5412855e-016
  9.0812625e-016
 -2.2054164e-015
  2.8893870e-015
 -1.6698278e-015
  7.0350327e-016
 -1.4111146e-015
  2.4155015e-015
  5.8939026e-017
 -1.8549581e-015
 -1.4667582e-015
  3.4747175e-015
 -3.1511964e-015
  3.0452365e-015
 -3.6328148e-015
  3.1775638e-015
 -8.8970341e-016
 -1.9025471e-015
  2.6626789e-015
 -1.8859984e-015
  1.0444402e-015
 -6.4255779e-016
 -1.2376797e-016
  1.2954899e-015
 -1.3685546e-015
  1.5709528e-015
 -2.5198804e-015
  3.0734333e-015
 -3.2419335e-015
  3.0315738e-015
 -2.3833534e-015
  2.4636892e-015
 -1.2647025e-015
 -3.6258302e-016
 -7.5793941e-016
  1.2627153e-015
  7.7021829e-016
 -1.4435075e-015
  2.3851223e-015
 -8.7236934e-016
  3.9212673e-016
  1.6824162e-015
 -2.1257750e-015
  1.0681294e-015
 -6.0023046e-016
 -1.8568664e-015
  2.9276808e-015
 -2.4371428e-015
  2.2245894e-015
 -2.5223872e-015
  1.2526085e-016
  2.3243252e-015
  8.1308656e-018
 -2.8958222e-015
  3.7112972e-015
 -3.5162628e-015
  3.3913069e-015
 -3.5230948e-015
  2.2195825e-015
  1.5249834e-015
