 -5.4743143e+000
 -3.1834317e-002
 -3.1801558e-002
 -3.1735551e-002
 -3.1635142e-002
 -3.1498514e-002
 -3.1322928e-002
 -3.1104637e-002
 -3.0838841e-002
 -3.0519969e-002
 -3.0142114e-002
 -2.9699897e-002
 -2.9189437e-002
 -2.8609115e-002
 -2.7960445e-002
 -2.7248643e-002
 -2.6482876e-002
 -2.5676279e-002
 -2.4844362e-002
 -2.4003159e-002
 -2.3167895e-002
 -2.2352008e-002
 -2.1566287e-002
 -2.0818503e-002
 -2.0113284e-002
 -1.9452900e-002
 -1.8838081e-002
 -1.8268386e-002
 -1.7742973e-002
 -1.7260828e-002
 -1.6820679e-002
 -1.6420945e-002
 -1.6059319e-002
 -1.5732737e-002
 -1.5437458e-002
 -1.5169440e-002
 -1.4924056e-002
 -1.4695097e-002
 -1.4474923e-002
 -1.4254139e-002
 -1.4021909e-002
 -1.3767144e-002
 -1.3478961e-002
 -1.3148496e-002
 -1.2769803e-002
 -1.2339132e-002
 -1.1854718e-002
 -1.1315685e-002
 -1.0721638e-002
 -1.0072877e-002
 -9.3704775e-003
 -8.6169217e-003
 -7.8162177e-003
 -6.9738177e-003
 -6.0965209e-003
 -5.1921256e-003
 -4.2698728e-003
 -3.3404696e-003
 -2.4172741e-003
 -1.5193313e-003
 -6.8045228e-004
 -3.1927057e-002
 -3.1898291e-002
 -3.1840334e-002
 -3.1752144e-002
 -3.1631986e-002
 -3.1477259e-002
 -3.1284188e-002
 -3.1047227e-002
 -3.0758764e-002
 -3.0409524e-002
 -2.9989653e-002
 -2.9490670e-002
 -2.8907285e-002
 -2.8237527e-002
 -2.7484071e-002
 -2.6657209e-002
 -2.5777027e-002
 -2.4868382e-002
 -2.3955624e-002
 -2.3058609e-002
 -2.2194154e-002
 -2.1375499e-002
 -2.0610363e-002
 -1.9899317e-002
 -1.9240375e-002
 -1.8630999e-002
 -1.8068794e-002
 -1.7551629e-002
 -1.7078628e-002
 -1.6650050e-002
 -1.6265676e-002
 -1.5922970e-002
 -1.5617677e-002
 -1.5345283e-002
 -1.5102726e-002
 -1.4888841e-002
 -1.4699336e-002
 -1.4526650e-002
 -1.4360245e-002
 -1.4185832e-002
 -1.3985775e-002
 -1.3742321e-002
 -1.3442122e-002
 -1.3079813e-002
 -1.2655357e-002
 -1.2170904e-002
 -1.1628032e-002
 -1.1026904e-002
 -1.0367442e-002
 -9.6499717e-003
 -8.8766032e-003
 -8.0525193e-003
 -7.1848506e-003
 -6.2815822e-003
 -5.3511717e-003
 -4.4033095e-003
 -3.4488704e-003
 -2.5010330e-003
 -1.5783453e-003
 -7.1333203e-004
 -3.2100536e-002
 -3.2079245e-002
 -3.2036334e-002
 -3.1971168e-002
 -3.1882829e-002
 -3.1770039e-002
 -3.1631013e-002
 -3.1462236e-002
 -3.1252318e-002
 -3.0982601e-002
 -3.0629912e-002
 -3.0172196e-002
 -2.9599132e-002
 -2.8898367e-002
 -2.8055712e-002
 -2.7071198e-002
 -2.5996071e-002
 -2.4892331e-002
 -2.3812902e-002
 -2.2774690e-002
 -2.1800533e-002
 -2.0915586e-002
 -2.0135632e-002
 -1.9433742e-002
 -1.8793292e-002
 -1.8205360e-002
 -1.7664958e-002
 -1.7163253e-002
 -1.6702190e-002
 -1.6290113e-002
 -1.5936597e-002
 -1.5638732e-002
 -1.5380352e-002
 -1.5148062e-002
 -1.4940583e-002
 -1.4781369e-002
 -1.4670075e-002
 -1.4599702e-002
 -1.4560411e-002
 -1.4533334e-002
 -1.4477244e-002
 -1.4345565e-002
 -1.4101591e-002
 -1.3753340e-002
 -1.3321527e-002
 -1.2824175e-002
 -1.2270758e-002
 -1.1657964e-002
 -1.0981397e-002
 -1.0235450e-002
 -9.4168976e-003
 -8.5381099e-003
 -7.6132906e-003
 -6.6543293e-003
 -5.6692228e-003
 -4.6680707e-003
 -3.6621753e-003
 -2.6645408e-003
 -1.6924489e-003
 -7.7586356e-004
 -3.2328204e-002
 -3.2316466e-002
 -3.2292760e-002
 -3.2256640e-002
 -3.2207946e-002
 -3.2148124e-002
 -3.2082848e-002
 -3.2041160e-002
 -3.2005047e-002
 -3.1933387e-002
 -3.1760732e-002
 -3.1398007e-002
 -3.0899598e-002
 -3.0241480e-002
 -2.9311790e-002
 -2.7915927e-002
 -2.6338691e-002
 -2.4778600e-002
 -2.3451102e-002
 -2.2161599e-002
 -2.0956882e-002
 -1.9930920e-002
 -1.9275216e-002
 -1.8670758e-002
 -1.8097262e-002
 -1.7559281e-002
 -1.7089587e-002
 -1.6597352e-002
 -1.6110322e-002
 -1.5671289e-002
 -1.5366802e-002
 -1.5198378e-002
 -1.5057398e-002
 -1.4874897e-002
 -1.4588722e-002
 -1.4488496e-002
 -1.4493333e-002
 -1.4576800e-002
 -1.4760156e-002
 -1.5088043e-002
 -1.5408817e-002
 -1.5570980e-002
 -1.5341785e-002
 -1.4901156e-002
 -1.4367461e-002
 -1.3805076e-002
 -1.3252712e-002
 -1.2644840e-002
 -1.1975090e-002
 -1.1214897e-002
 -1.0289624e-002
 -9.2886283e-003
 -8.2555361e-003
 -7.2127853e-003
 -6.1395473e-003
 -5.0535196e-003
 -3.9680310e-003
 -2.8954755e-003
 -1.8511466e-003
 -8.6119687e-004
 -3.2572315e-002
 -3.2571630e-002
 -3.2569354e-002
 -3.2563252e-002
 -3.2548611e-002
 -3.2515842e-002
 -3.2381538e-002
 -3.2559952e-002
 -3.2906568e-002
 -3.3363073e-002
 -3.3818357e-002
 -3.3280820e-002
 -3.2978787e-002
 -3.2923658e-002
 -3.2881281e-002
 -2.9651960e-002
 -2.6582361e-002
 -2.3492024e-002
 -2.2893019e-002
 -2.1121761e-002
 -1.9220668e-002
 -1.7100586e-002
 -1.8167708e-002
 -1.7765863e-002
 -1.7240745e-002
 -1.6592703e-002
 -1.6652005e-002
 -1.6035137e-002
 -1.5312744e-002
 -1.4418360e-002
 -1.4159373e-002
 -1.4667002e-002
 -1.4991633e-002
 -1.5173325e-002
 -1.3364244e-002
 -1.3730844e-002
 -1.3986862e-002
 -1.4119862e-002
 -1.4304011e-002
 -1.5744915e-002
 -1.7198634e-002
 -1.8816477e-002
 -1.7700187e-002
 -1.6572285e-002
 -1.5611353e-002
 -1.4786426e-002
 -1.4557895e-002
 -1.3982954e-002
 -1.3460003e-002
 -1.3056146e-002
 -1.1577834e-002
 -1.0240111e-002
 -8.9927928e-003
 -7.9807992e-003
 -6.7464292e-003
 -5.5303905e-003
 -4.3356842e-003
 -3.1674228e-003
 -2.0348365e-003
 -9.5793600e-004
 -3.2789780e-002
 -3.2804444e-002
 -3.2834545e-002
 -3.2881997e-002
 -3.2950495e-002
 -3.3047483e-002
 -3.3124506e-002
 -3.2871569e-002
 -3.3241593e-002
 -3.3915157e-002
 -3.4555224e-002
 -3.4143343e-002
 -3.3813712e-002
 -3.3716035e-002
 -3.3463354e-002
 -3.0570147e-002
 -2.6924936e-002
 -2.3312285e-002
 -2.2381084e-002
 -2.0736086e-002
 -1.8588485e-002
 -1.6365440e-002
 -1.7559025e-002
 -1.7494959e-002
 -1.7020081e-002
 -1.6158803e-002
 -1.6301828e-002
 -1.6034057e-002
 -1.5414217e-002
 -1.4060297e-002
 -1.4034301e-002
 -1.5101615e-002
 -1.5693625e-002
 -1.4630105e-002
 -1.2966165e-002
 -1.3591749e-002
 -1.4143239e-002
 -1.3886927e-002
 -1.4468654e-002
 -1.6404719e-002
 -1.8434928e-002
 -1.9539100e-002
 -1.8582640e-002
 -1.7467121e-002
 -1.6587928e-002
 -1.5879319e-002
 -1.5652416e-002
 -1.5110941e-002
 -1.4739783e-002
 -1.3752016e-002
 -1.2209806e-002
 -1.0788553e-002
 -9.8051523e-003
 -8.7287541e-003
 -7.3355800e-003
 -5.9932391e-003
 -4.6926092e-003
 -3.4310889e-003
 -2.2121771e-003
 -1.0503986e-003
 -3.2917918e-002
 -3.2943715e-002
 -3.2996411e-002
 -3.3078416e-002
 -3.3193548e-002
 -3.3347634e-002
 -3.3485138e-002
 -3.3459086e-002
 -3.3360903e-002
 -3.3762249e-002
 -3.4397745e-002
 -3.4305370e-002
 -3.3823936e-002
 -3.3465935e-002
 -3.2925950e-002
 -3.0668106e-002
 -2.7084711e-002
 -2.3296569e-002
 -2.1892862e-002
 -2.0611784e-002
 -1.8305691e-002
 -1.6626628e-002
 -1.7437078e-002
 -1.8257451e-002
 -1.7722148e-002
 -1.5807449e-002
 -1.5904771e-002
 -1.6638709e-002
 -1.5796742e-002
 -1.4567065e-002
 -1.4486067e-002
 -1.6838757e-002
 -1.6788063e-002
 -1.4234491e-002
 -1.2827010e-002
 -1.3850424e-002
 -1.4535685e-002
 -1.3832235e-002
 -1.4764661e-002
 -1.7066263e-002
 -1.9102883e-002
 -1.9425098e-002
 -1.8725759e-002
 -1.7950405e-002
 -1.7686357e-002
 -1.6386801e-002
 -1.6380572e-002
 -1.6125579e-002
 -1.5769629e-002
 -1.3755687e-002
 -1.2372400e-002
 -1.1519859e-002
 -1.0683594e-002
 -9.1935223e-003
 -7.7463625e-003
 -6.3400280e-003
 -4.9725382e-003
 -3.6436623e-003
 -2.3571880e-003
 -1.1261916e-003
 -3.2912559e-002
 -3.2943709e-002
 -3.3006779e-002
 -3.3103676e-002
 -3.3237138e-002
 -3.3410747e-002
 -3.3565410e-002
 -3.3688332e-002
 -3.3529261e-002
 -3.3530565e-002
 -3.3698034e-002
 -3.3797923e-002
 -3.3427507e-002
 -3.2819298e-002
 -3.1980347e-002
 -3.0059469e-002
 -2.7018457e-002
 -2.3622715e-002
 -2.2151889e-002
 -2.0441601e-002
 -1.8359818e-002
 -1.7061641e-002
 -1.7830106e-002
 -1.8844836e-002
 -1.8074604e-002
 -1.6318581e-002
 -1.6307754e-002
 -1.7412572e-002
 -1.5924506e-002
 -1.6118400e-002
 -1.5955949e-002
 -1.8160088e-002
 -1.7216548e-002
 -1.4760309e-002
 -1.3458296e-002
 -1.4249171e-002
 -1.3837783e-002
 -1.4548242e-002
 -1.5718832e-002
 -1.7688482e-002
 -1.8457836e-002
 -1.9188711e-002
 -1.8779384e-002
 -1.8409583e-002
 -1.7431097e-002
 -1.7156156e-002
 -1.7203801e-002
 -1.7035982e-002
 -1.5533180e-002
 -1.3963239e-002
 -1.3179444e-002
 -1.2584790e-002
 -1.1026643e-002
 -9.5094673e-003
 -8.0295422e-003
 -6.5848221e-003
 -5.1746324e-003
 -3.7998585e-003
 -2.4648719e-003
 -1.1825784e-003
 -3.2755050e-002
 -3.2787039e-002
 -3.2851689e-002
 -3.2950286e-002
 -3.3084787e-002
 -3.3257883e-002
 -3.3409420e-002
 -3.3517273e-002
 -3.3483667e-002
 -3.3330828e-002
 -3.3175877e-002
 -3.2942698e-002
 -3.2525402e-002
 -3.1943995e-002
 -3.0876638e-002
 -2.9023831e-002
 -2.6336735e-002
 -2.3734317e-002
 -2.2239427e-002
 -2.0154469e-002
 -1.9233988e-002
 -1.8031206e-002
 -1.8864751e-002
 -1.9269882e-002
 -1.8514351e-002
 -1.7461685e-002
 -1.7410743e-002
 -1.7623119e-002
 -1.7054785e-002
 -1.8155622e-002
 -1.7718590e-002
 -1.8638663e-002
 -1.7865163e-002
 -1.5441793e-002
 -1.4288097e-002
 -1.4408107e-002
 -1.3915951e-002
 -1.5324369e-002
 -1.6815106e-002
 -1.7423008e-002
 -1.8178299e-002
 -1.8841385e-002
 -1.8847027e-002
 -1.8502446e-002
 -1.7241262e-002
 -1.7648929e-002
 -1.8063182e-002
 -1.7030555e-002
 -1.5146826e-002
 -1.4741399e-002
 -1.4335001e-002
 -1.2771322e-002
 -1.1223680e-002
 -9.7032196e-003
 -8.2104586e-003
 -6.7458977e-003
 -5.3105545e-003
 -3.9065722e-003
 -2.5391901e-003
 -1.2216203e-003
 -3.2447560e-002
 -3.2477624e-002
 -3.2538063e-002
 -3.2629685e-002
 -3.2753564e-002
 -3.2910967e-002
 -3.3039818e-002
 -3.3133844e-002
 -3.3174184e-002
 -3.2987145e-002
 -3.2676468e-002
 -3.2271357e-002
 -3.1551168e-002
 -3.0772760e-002
 -2.9719229e-002
 -2.7922575e-002
 -2.5523518e-002
 -2.3457648e-002
 -2.2214713e-002
 -2.0318783e-002
 -2.0050310e-002
 -1.8965067e-002
 -2.0004416e-002
 -1.9845272e-002
 -1.9223536e-002
 -1.8911692e-002
 -1.8654854e-002
 -1.8016944e-002
 -1.8847227e-002
 -2.0216528e-002
 -1.9143538e-002
 -1.8883467e-002
 -1.8209399e-002
 -1.6269048e-002
 -1.5162581e-002
 -1.4106322e-002
 -1.4652035e-002
 -1.6422850e-002
 -1.7351865e-002
 -1.6942324e-002
 -1.7961609e-002
 -1.8489422e-002
 -1.9086763e-002
 -1.8274945e-002
 -1.7321404e-002
 -1.8488478e-002
 -1.8182751e-002
 -1.6812546e-002
 -1.5611919e-002
 -1.5870982e-002
 -1.4447320e-002
 -1.2883886e-002
 -1.1340762e-002
 -9.8193217e-003
 -8.3204958e-003
 -6.8454508e-003
 -5.3957466e-003
 -3.9742138e-003
 -2.5867060e-003
 -1.2467074e-003
 -3.2003398e-002
 -3.2030203e-002
 -3.2083924e-002
 -3.2164912e-002
 -3.2273534e-002
 -3.2410145e-002
 -3.2511464e-002
 -3.2586827e-002
 -3.2656312e-002
 -3.2516405e-002
 -3.2104052e-002
 -3.1597596e-002
 -3.0822953e-002
 -2.9742730e-002
 -2.8492242e-002
 -2.6879323e-002
 -2.4703293e-002
 -2.2946945e-002
 -2.1998061e-002
 -2.1144944e-002
 -2.0391655e-002
 -2.0039825e-002
 -2.0617697e-002
 -2.0491229e-002
 -2.0152145e-002
 -2.0618231e-002
 -1.9594314e-002
 -1.8846640e-002
 -2.0619539e-002
 -2.1695317e-002
 -2.0209642e-002
 -1.8982640e-002
 -1.8578720e-002
 -1.7408254e-002
 -1.5582927e-002
 -1.4138427e-002
 -1.5427248e-002
 -1.7194156e-002
 -1.7660279e-002
 -1.6762369e-002
 -1.7736298e-002
 -1.8977932e-002
 -1.9276006e-002
 -1.7736394e-002
 -1.8109640e-002
 -1.8675149e-002
 -1.8090873e-002
 -1.7191170e-002
 -1.6492008e-002
 -1.6088365e-002
 -1.4505338e-002
 -1.2941676e-002
 -1.1398849e-002
 -9.8770301e-003
 -8.3761675e-003
 -6.8969299e-003
 -5.4407668e-003
 -4.0105875e-003
 -2.6125422e-003
 -1.2604554e-003
 -3.1438077e-002
 -3.1461397e-002
 -3.1508005e-002
 -3.1578085e-002
 -3.1671726e-002
 -3.1789008e-002
 -3.1866546e-002
 -3.1925121e-002
 -3.1975112e-002
 -3.1877479e-002
 -3.1467814e-002
 -3.0869796e-002
 -3.0065203e-002
 -2.8895669e-002
 -2.7367343e-002
 -2.5809060e-002
 -2.3891737e-002
 -2.2513012e-002
 -2.1585608e-002
 -2.1721752e-002
 -2.0769306e-002
 -2.1128531e-002
 -2.1561339e-002
 -2.0856221e-002
 -2.1087990e-002
 -2.1728996e-002
 -2.0951387e-002
 -2.0179725e-002
 -2.1971420e-002
 -2.2807324e-002
 -2.0894187e-002
 -1.9109047e-002
 -1.9122829e-002
 -1.7796413e-002
 -1.6194589e-002
 -1.5016016e-002
 -1.5979135e-002
 -1.7790065e-002
 -1.7463858e-002
 -1.6727409e-002
 -1.8419027e-002
 -1.9489542e-002
 -1.8841197e-002
 -1.8294569e-002
 -1.8437790e-002
 -1.8577363e-002
 -1.8497122e-002
 -1.7657537e-002
 -1.6859520e-002
 -1.6120421e-002
 -1.4503585e-002
 -1.2931719e-002
 -1.1391125e-002
 -9.8748363e-003
 -8.3795015e-003
 -6.9041884e-003
 -5.4499280e-003
 -4.0196688e-003
 -2.6197528e-003
 -1.2644999e-003
 -3.0767923e-002
 -3.0787894e-002
 -3.0827884e-002
 -3.0887921e-002
 -3.0967967e-002
 -3.1068128e-002
 -3.1125000e-002
 -3.1168645e-002
 -3.1182162e-002
 -3.1100712e-002
 -3.0742862e-002
 -3.0115934e-002
 -2.9278386e-002
 -2.8089768e-002
 -2.6477691e-002
 -2.4930374e-002
 -2.3241815e-002
 -2.2017085e-002
 -2.1623850e-002
 -2.1984104e-002
 -2.1378355e-002
 -2.1748664e-002
 -2.2232830e-002
 -2.1563617e-002
 -2.1579469e-002
 -2.2499046e-002
 -2.2318512e-002
 -2.1440616e-002
 -2.2860567e-002
 -2.3448699e-002
 -2.1298571e-002
 -1.9828481e-002
 -1.9565220e-002
 -1.7843536e-002
 -1.6798969e-002
 -1.6010395e-002
 -1.6839165e-002
 -1.7559420e-002
 -1.7337178e-002
 -1.8091064e-002
 -1.8966309e-002
 -1.9269704e-002
 -1.8812594e-002
 -1.8656669e-002
 -1.8761010e-002
 -1.9499414e-002
 -1.9395617e-002
 -1.7793156e-002
 -1.6557519e-002
 -1.5829074e-002
 -1.4303050e-002
 -1.2790329e-002
 -1.1290439e-002
 -9.8032152e-003
 -8.3291050e-003
 -6.8694800e-003
 -5.4267114e-003
 -4.0047731e-003
 -2.6109397e-003
 -1.2603768e-003
 -3.0007947e-002
 -3.0024982e-002
 -3.0059022e-002
 -3.0110167e-002
 -3.0178386e-002
 -3.0263719e-002
 -3.0302855e-002
 -3.0327998e-002
 -3.0307105e-002
 -3.0237743e-002
 -2.9937864e-002
 -2.9327039e-002
 -2.8460720e-002
 -2.7267488e-002
 -2.5825833e-002
 -2.4254855e-002
 -2.2885060e-002
 -2.1597244e-002
 -2.1936990e-002
 -2.2379777e-002
 -2.1951783e-002
 -2.1869657e-002
 -2.2541358e-002
 -2.2448901e-002
 -2.1588937e-002
 -2.2744844e-002
 -2.3068880e-002
 -2.2772946e-002
 -2.3608064e-002
 -2.3563025e-002
 -2.2023737e-002
 -2.0634324e-002
 -1.9621432e-002
 -1.8197828e-002
 -1.7282462e-002
 -1.7002493e-002
 -1.6956185e-002
 -1.7219704e-002
 -1.8425099e-002
 -1.9418452e-002
 -1.9256118e-002
 -1.9226339e-002
 -1.8849086e-002
 -1.9065673e-002
 -1.9812067e-002
 -2.0410284e-002
 -1.9739483e-002
 -1.7371222e-002
 -1.6231678e-002
 -1.5494687e-002
 -1.4053905e-002
 -1.2601782e-002
 -1.1146577e-002
 -9.6932286e-003
 -8.2454201e-003
 -6.8066376e-003
 -5.3806148e-003
 -3.9724283e-003
 -2.5902539e-003
 -1.2500709e-003
 -2.9168355e-002
 -2.9182900e-002
 -2.9211976e-002
 -2.9255677e-002
 -2.9314021e-002
 -2.9387091e-002
 -2.9411587e-002
 -2.9416868e-002
 -2.9391349e-002
 -2.9309630e-002
 -2.9036789e-002
 -2.8456810e-002
 -2.7637456e-002
 -2.6418904e-002
 -2.5234574e-002
 -2.3727064e-002
 -2.2573795e-002
 -2.1759276e-002
 -2.2376132e-002
 -2.2743849e-002
 -2.2227471e-002
 -2.1747275e-002
 -2.2445645e-002
 -2.2697918e-002
 -2.2117869e-002
 -2.2635445e-002
 -2.3413114e-002
 -2.3556927e-002
 -2.4018668e-002
 -2.4050972e-002
 -2.2565714e-002
 -2.1228615e-002
 -1.9371295e-002
 -1.8172292e-002
 -1.7540901e-002
 -1.7536649e-002
 -1.7353270e-002
 -1.8235139e-002
 -1.9388147e-002
 -2.0211895e-002
 -1.9593668e-002
 -1.9388370e-002
 -1.9117837e-002
 -1.9862556e-002
 -2.0844297e-002
 -2.0599487e-002
 -1.9191294e-002
 -1.7203831e-002
 -1.6167848e-002
 -1.5305789e-002
 -1.3873337e-002
 -1.2440269e-002
 -1.1007482e-002
 -9.5765707e-003
 -8.1498336e-003
 -6.7302251e-003
 -5.3214938e-003
 -3.9291023e-003
 -2.5615762e-003
 -1.2354486e-003
 -2.8257700e-002
 -2.8270316e-002
 -2.8295588e-002
 -2.8333572e-002
 -2.8384239e-002
 -2.8447725e-002
 -2.8460712e-002
 -2.8450266e-002
 -2.8416159e-002
 -2.8316160e-002
 -2.8070899e-002
 -2.7547124e-002
 -2.6784534e-002
 -2.5687004e-002
 -2.4584125e-002
 -2.3279447e-002
 -2.2169691e-002
 -2.2196998e-002
 -2.2827534e-002
 -2.3092790e-002
 -2.2462195e-002
 -2.1646928e-002
 -2.2083560e-002
 -2.2582524e-002
 -2.2257867e-002
 -2.2512595e-002
 -2.3261710e-002
 -2.3666090e-002
 -2.4688024e-002
 -2.4353705e-002
 -2.2982407e-002
 -2.1550398e-002
 -1.9494214e-002
 -1.7691661e-002
 -1.7470662e-002
 -1.7675695e-002
 -1.8402989e-002
 -1.9505917e-002
 -2.0174495e-002
 -2.1056531e-002
 -2.0144855e-002
 -1.9555405e-002
 -2.0048381e-002
 -2.0913562e-002
 -2.1266653e-002
 -2.0259756e-002
 -1.8497963e-002
 -1.6932768e-002
 -1.6098733e-002
 -1.5128250e-002
 -1.3703503e-002
 -1.2284528e-002
 -1.0868903e-002
 -9.4562346e-003
 -8.0477501e-003
 -6.6459473e-003
 -5.2544581e-003
 -3.8787235e-003
 -2.5275689e-003
 -1.2179667e-003
 -2.7286759e-002
 -2.7298063e-002
 -2.7320596e-002
 -2.7354484e-002
 -2.7399760e-002
 -2.7456472e-002
 -2.7461339e-002
 -2.7443852e-002
 -2.7394479e-002
 -2.7268877e-002
 -2.7046915e-002
 -2.6554010e-002
 -2.5833271e-002
 -2.4975968e-002
 -2.3881626e-002
 -2.2868099e-002
 -2.2138158e-002
 -2.2631165e-002
 -2.3209401e-002
 -2.3483578e-002
 -2.2728749e-002
 -2.1572960e-002
 -2.1193873e-002
 -2.2062319e-002
 -2.1919585e-002
 -2.2292666e-002
 -2.2864715e-002
 -2.3853478e-002
 -2.4953146e-002
 -2.4724219e-002
 -2.3359905e-002
 -2.1663380e-002
 -1.9007840e-002
 -1.7282870e-002
 -1.7201657e-002
 -1.8127720e-002
 -1.9292047e-002
 -2.0196558e-002
 -2.1530085e-002
 -2.1975157e-002
 -2.0841058e-002
 -2.0485591e-002
 -2.0963254e-002
 -2.1474677e-002
 -2.1227237e-002
 -1.9782551e-002
 -1.8065171e-002
 -1.6577310e-002
 -1.5910091e-002
 -1.4898663e-002
 -1.3509010e-002
 -1.2116273e-002
 -1.0722604e-002
 -9.3298209e-003
 -7.9400940e-003
 -6.5562912e-003
 -5.1823873e-003
 -3.8240908e-003
 -2.4904001e-003
 -1.1986704e-003
 -2.6267534e-002
 -2.6277895e-002
 -2.6298617e-002
 -2.6329728e-002
 -2.6371264e-002
 -2.6423467e-002
 -2.6423152e-002
 -2.6402148e-002
 -2.6339227e-002
 -2.6195348e-002
 -2.5974910e-002
 -2.5498154e-002
 -2.4879763e-002
 -2.4227269e-002
 -2.3210075e-002
 -2.2332365e-002
 -2.2444053e-002
 -2.3125467e-002
 -2.3390949e-002
 -2.3581812e-002
 -2.2747015e-002
 -2.1415977e-002
 -2.0638561e-002
 -2.1139711e-002
 -2.1441242e-002
 -2.1623923e-002
 -2.2691954e-002
 -2.3769183e-002
 -2.4861502e-002
 -2.5034535e-002
 -2.3567372e-002
 -2.1095070e-002
 -1.8301218e-002
 -1.6949568e-002
 -1.7568680e-002
 -1.8444899e-002
 -1.9640000e-002
 -2.1561663e-002
 -2.2794038e-002
 -2.2803384e-002
 -2.1931784e-002
 -2.1475522e-002
 -2.1611456e-002
 -2.1583678e-002
 -2.0744262e-002
 -1.9054360e-002
 -1.7749662e-002
 -1.6255060e-002
 -1.5794155e-002
 -1.4710397e-002
 -1.3332067e-002
 -1.1954436e-002
 -1.0577522e-002
 -9.2022097e-003
 -7.8301673e-003
 -6.4641171e-003
 -5.1080015e-003
 -3.7674799e-003
 -2.4517454e-003
 -1.1785498e-003
 -2.5211859e-002
 -2.5221589e-002
 -2.5241033e-002
 -2.5270097e-002
 -2.5308783e-002
 -2.5357307e-002
 -2.5352455e-002
 -2.5327816e-002
 -2.5257995e-002
 -2.5103023e-002
 -2.4854462e-002
 -2.4399721e-002
 -2.3996372e-002
 -2.3397655e-002
 -2.2532002e-002
 -2.2100141e-002
 -2.2848079e-002
 -2.3341452e-002
 -2.3462635e-002
 -2.3466181e-002
 -2.2499200e-002
 -2.0904357e-002
 -1.9769697e-002
 -2.0042851e-002
 -2.0524114e-002
 -2.1210742e-002
 -2.2938818e-002
 -2.3934718e-002
 -2.4876575e-002
 -2.4746800e-002
 -2.3026135e-002
 -2.0513574e-002
 -1.7619878e-002
 -1.6899550e-002
 -1.7482200e-002
 -1.8335457e-002
 -2.0908017e-002
 -2.2827493e-002
 -2.3970936e-002
 -2.3924597e-002
 -2.2850872e-002
 -2.2296819e-002
 -2.1758085e-002
 -2.1194760e-002
 -2.0188810e-002
 -1.8300264e-002
 -1.7560292e-002
 -1.6073026e-002
 -1.5665723e-002
 -1.4518055e-002
 -1.3152362e-002
 -1.1789804e-002
 -1.0429479e-002
 -9.0716113e-003
 -7.7174528e-003
 -6.3696128e-003
 -5.0317768e-003
 -3.7095580e-003
 -2.4123161e-003
 -1.1580629e-003
 -2.4131488e-002
 -2.4140776e-002
 -2.4159200e-002
 -2.4186638e-002
 -2.4222939e-002
 -2.4267809e-002
 -2.4257890e-002
 -2.4228109e-002
 -2.4152303e-002
 -2.3994539e-002
 -2.3739603e-002
 -2.3330216e-002
 -2.3125646e-002
 -2.2595937e-002
 -2.1810317e-002
 -2.2061442e-002
 -2.3143697e-002
 -2.3362779e-002
 -2.3497453e-002
 -2.3119057e-002
 -2.1840128e-002
 -2.0054512e-002
 -1.8792626e-002
 -1.8661902e-002
 -1.9667477e-002
 -2.1310151e-002
 -2.3157493e-002
 -2.4675588e-002
 -2.4364040e-002
 -2.3640431e-002
 -2.2307405e-002
 -1.9744564e-002
 -1.7147576e-002
 -1.6401500e-002
 -1.7599797e-002
 -1.9053320e-002
 -2.1519391e-002
 -2.4200900e-002
 -2.5192144e-002
 -2.4850553e-002
 -2.3504783e-002
 -2.2868172e-002
 -2.1710978e-002
 -2.0596003e-002
 -1.9621732e-002
 -1.7781666e-002
 -1.7237911e-002
 -1.5919637e-002
 -1.5491149e-002
 -1.4298836e-002
 -1.2955243e-002
 -1.1612830e-002
 -1.0272058e-002
 -8.9336374e-003
 -7.5989116e-003
 -6.2704392e-003
 -4.9518965e-003
 -3.6489966e-003
 -2.3711730e-003
 -1.1366835e-003
 -2.3038847e-002
 -2.3047807e-002
 -2.3065620e-002
 -2.3092110e-002
 -2.3127054e-002
 -2.3169259e-002
 -2.3156808e-002
 -2.3121063e-002
 -2.3037418e-002
 -2.2872763e-002
 -2.2589373e-002
 -2.2335149e-002
 -2.2184069e-002
 -2.1698972e-002
 -2.1383598e-002
 -2.2255910e-002
 -2.3219671e-002
 -2.3182449e-002
 -2.3159569e-002
 -2.2251739e-002
 -2.0706959e-002
 -1.8903729e-002
 -1.7684692e-002
 -1.7743875e-002
 -1.9433158e-002
 -2.1602487e-002
 -2.3730704e-002
 -2.4802891e-002
 -2.3572735e-002
 -2.2546752e-002
 -2.1082796e-002
 -1.8259277e-002
 -1.6543105e-002
 -1.6482541e-002
 -1.8165193e-002
 -1.9939892e-002
 -2.2504391e-002
 -2.5355272e-002
 -2.6073935e-002
 -2.5315922e-002
 -2.4064075e-002
 -2.2657239e-002
 -2.1278244e-002
 -2.0053176e-002
 -1.9020529e-002
 -1.7442260e-002
 -1.6848481e-002
 -1.5849730e-002
 -1.5285751e-002
 -1.4076360e-002
 -1.2746314e-002
 -1.1422447e-002
 -1.0102187e-002
 -8.7848631e-003
 -7.4712721e-003
 -6.1637723e-003
 -4.8660130e-003
 -3.5837801e-003
 -2.3267243e-003
 -1.1135577e-003
 -2.1945011e-002
 -2.1953825e-002
 -2.1971426e-002
 -2.1997646e-002
 -2.2032417e-002
 -2.2073837e-002
 -2.2062587e-002
 -2.2024692e-002
 -2.1943128e-002
 -2.1778270e-002
 -2.1494057e-002
 -2.1397787e-002
 -2.1309677e-002
 -2.0800527e-002
 -2.1218508e-002
 -2.2319941e-002
 -2.3112289e-002
 -2.2911037e-002
 -2.2471917e-002
 -2.0958317e-002
 -1.9338186e-002
 -1.7357597e-002
 -1.6453504e-002
 -1.7246632e-002
 -1.9594107e-002
 -2.2267084e-002
 -2.3937666e-002
 -2.4375853e-002
 -2.3047700e-002
 -2.1449843e-002
 -1.8839453e-002
 -1.6703071e-002
 -1.6251976e-002
 -1.6934647e-002
 -1.8916021e-002
 -2.1446044e-002
 -2.3553482e-002
 -2.5916577e-002
 -2.6273343e-002
 -2.5245208e-002
 -2.4271749e-002
 -2.2202598e-002
 -2.0738507e-002
 -1.9506280e-002
 -1.8305548e-002
 -1.7344274e-002
 -1.6623721e-002
 -1.5730441e-002
 -1.5032228e-002
 -1.3786952e-002
 -1.2496235e-002
 -1.1204754e-002
 -9.9128398e-003
 -8.6213872e-003
 -7.3321149e-003
 -6.0478729e-003
 -4.7727131e-003
 -3.5127974e-003
 -2.2781579e-003
 -1.0881680e-003
 -2.0855983e-002
 -2.0864766e-002
 -2.0882354e-002
 -2.0908674e-002
 -2.0943761e-002
 -2.0983512e-002
 -2.0973066e-002
 -2.0930341e-002
 -2.0844983e-002
 -2.0665494e-002
 -2.0441676e-002
 -2.0480966e-002
 -2.0341580e-002
 -2.0105048e-002
 -2.1201897e-002
 -2.2236083e-002
 -2.2876980e-002
 -2.2320588e-002
 -2.1264450e-002
 -1.9467055e-002
 -1.7512983e-002
 -1.5827963e-002
 -1.5973491e-002
 -1.7244740e-002
 -1.9974086e-002
 -2.2679644e-002
 -2.3829435e-002
 -2.3745684e-002
 -2.1990401e-002
 -1.9579304e-002
 -1.6954660e-002
 -1.5851714e-002
 -1.6030895e-002
 -1.7533471e-002
 -1.9765366e-002
 -2.2641566e-002
 -2.4482324e-002
 -2.5926378e-002
 -2.5867592e-002
 -2.5004061e-002
 -2.3932811e-002
 -2.1817360e-002
 -2.0281516e-002
 -1.9119032e-002
 -1.7671476e-002
 -1.7224373e-002
 -1.6315191e-002
 -1.5588817e-002
 -1.4704294e-002
 -1.3492256e-002
 -1.2234912e-002
 -1.0974623e-002
 -9.7115350e-003
 -8.4469290e-003
 -7.1830537e-003
 -5.9232018e-003
 -4.6719429e-003
 -3.4358087e-003
 -2.2252766e-003
 -1.0604048e-003
 -1.9773025e-002
 -1.9781931e-002
 -1.9799747e-002
 -1.9826456e-002
 -1.9862062e-002
 -1.9901604e-002
 -1.9892503e-002
 -1.9842722e-002
 -1.9753259e-002
 -1.9581643e-002
 -1.9499254e-002
 -1.9599004e-002
 -1.9367104e-002
 -1.9710051e-002
 -2.0984342e-002
 -2.1990586e-002
 -2.2198368e-002
 -2.1298478e-002
 -1.9566442e-002
 -1.7600753e-002
 -1.5564682e-002
 -1.5143679e-002
 -1.6021963e-002
 -1.7593502e-002
 -2.0331136e-002
 -2.2783975e-002
 -2.3345309e-002
 -2.2207013e-002
 -2.0353199e-002
 -1.8303938e-002
 -1.6179618e-002
 -1.5172981e-002
 -1.5765197e-002
 -1.8130209e-002
 -2.0543990e-002
 -2.3355879e-002
 -2.4998898e-002
 -2.5384984e-002
 -2.5178420e-002
 -2.4298917e-002
 -2.3221560e-002
 -2.1417118e-002
 -1.9800697e-002
 -1.8678927e-002
 -1.7230280e-002
 -1.6956977e-002
 -1.6029516e-002
 -1.5498663e-002
 -1.4430113e-002
 -1.3188515e-002
 -1.1968691e-002
 -1.0739087e-002
 -9.5033461e-003
 -8.2644199e-003
 -7.0253522e-003
 -5.7900632e-003
 -4.5634628e-003
 -3.3524250e-003
 -2.1677490e-003
 -1.0300786e-003
 -1.8694787e-002
 -1.8704099e-002
 -1.8722722e-002
 -1.8750760e-002
 -1.8788402e-002
 -1.8823945e-002
 -1.8817038e-002
 -1.8760324e-002
 -1.8653722e-002
 -1.8523746e-002
 -1.8594343e-002
 -1.8615766e-002
 -1.8578832e-002
 -1.9415972e-002
 -2.0655733e-002
 -2.1499496e-002
 -2.1068372e-002
 -1.9645873e-002
 -1.7483493e-002
 -1.5459335e-002
 -1.4691955e-002
 -1.4999643e-002
 -1.6178056e-002
 -1.8226101e-002
 -2.0557633e-002
 -2.2143796e-002
 -2.1665260e-002
 -2.0305045e-002
 -1.9019558e-002
 -1.7402191e-002
 -1.5883121e-002
 -1.5135457e-002
 -1.6176697e-002
 -1.8575337e-002
 -2.0889817e-002
 -2.3388530e-002
 -2.4624867e-002
 -2.4566294e-002
 -2.4202951e-002
 -2.3331269e-002
 -2.2301676e-002
 -2.0818289e-002
 -1.9355709e-002
 -1.8027111e-002
 -1.7076116e-002
 -1.6605573e-002
 -1.5747078e-002
 -1.5370187e-002
 -1.4208435e-002
 -1.2949239e-002
 -1.1732294e-002
 -1.0514553e-002
 -9.2958478e-003
 -8.0770609e-003
 -6.8602275e-003
 -5.6486227e-003
 -4.4470057e-003
 -3.2621947e-003
 -2.1051043e-003
 -9.9683309e-004
 -1.7616253e-002
 -1.7626160e-002
 -1.7645982e-002
 -1.7675632e-002
 -1.7715008e-002
 -1.7751856e-002
 -1.7745291e-002
 -1.7687383e-002
 -1.7555485e-002
 -1.7548679e-002
 -1.7747394e-002
 -1.7651630e-002
 -1.8015225e-002
 -1.9031688e-002
 -2.0142818e-002
 -2.0443247e-002
 -1.9339326e-002
 -1.7412815e-002
 -1.5394037e-002
 -1.4393039e-002
 -1.4281650e-002
 -1.5034686e-002
 -1.6477827e-002
 -1.8599828e-002
 -1.9961610e-002
 -2.0308459e-002
 -1.9714487e-002
 -1.9022853e-002
 -1.8026842e-002
 -1.6758458e-002
 -1.5975500e-002
 -1.5803014e-002
 -1.6923217e-002
 -1.8721319e-002
 -2.0465106e-002
 -2.2925005e-002
 -2.3697856e-002
 -2.3640519e-002
 -2.2782024e-002
 -2.2249066e-002
 -2.1264043e-002
 -2.0241325e-002
 -1.8774541e-002
 -1.7291503e-002
 -1.6842671e-002
 -1.6109079e-002
 -1.5538777e-002
 -1.5183821e-002
 -1.3981036e-002
 -1.2697152e-002
 -1.1485016e-002
 -1.0279160e-002
 -9.0769576e-003
 -7.8780152e-003
 -6.6835462e-003
 -5.4963923e-003
 -4.3209821e-003
 -3.1640738e-003
 -2.0366415e-003
 -9.6031223e-004
 -1.6530647e-002
 -1.6541583e-002
 -1.6563424e-002
 -1.6596116e-002
 -1.6639654e-002
 -1.6680556e-002
 -1.6677789e-002
 -1.6631308e-002
 -1.6528439e-002
 -1.6628313e-002
 -1.6751500e-002
 -1.6898676e-002
 -1.7485335e-002
 -1.8597796e-002
 -1.9167423e-002
 -1.8783352e-002
 -1.7232536e-002
 -1.5211790e-002
 -1.4156827e-002
 -1.3862479e-002
 -1.4159288e-002
 -1.5217032e-002
 -1.6510769e-002
 -1.7852486e-002
 -1.8367543e-002
 -1.8372467e-002
 -1.8206699e-002
 -1.8054979e-002
 -1.7351423e-002
 -1.6464217e-002
 -1.6307070e-002
 -1.6481570e-002
 -1.7480337e-002
 -1.8649970e-002
 -1.9760116e-002
 -2.1810042e-002
 -2.2356064e-002
 -2.2203109e-002
 -2.1425646e-002
 -2.0898912e-002
 -2.0092042e-002
 -1.9395753e-002
 -1.8133295e-002
 -1.6744891e-002
 -1.6463613e-002
 -1.5792385e-002
 -1.5417559e-002
 -1.4887752e-002
 -1.3684125e-002
 -1.2379244e-002
 -1.1195594e-002
 -1.0013780e-002
 -8.8346791e-003
 -7.6594289e-003
 -6.4900592e-003
 -5.3296972e-003
 -4.1828643e-003
 -3.0563010e-003
 -1.9612259e-003
 -9.1987018e-004
 -1.5431666e-002
 -1.5443784e-002
 -1.5467877e-002
 -1.5503736e-002
 -1.5550936e-002
 -1.5589907e-002
 -1.5581594e-002
 -1.5513459e-002
 -1.5524212e-002
 -1.5803180e-002
 -1.5879363e-002
 -1.6194766e-002
 -1.6955343e-002
 -1.7759049e-002
 -1.7650527e-002
 -1.6595455e-002
 -1.4970528e-002
 -1.3962909e-002
 -1.3330691e-002
 -1.3614793e-002
 -1.4214955e-002
 -1.5117349e-002
 -1.5710921e-002
 -1.6269924e-002
 -1.6521698e-002
 -1.6674853e-002
 -1.7144839e-002
 -1.7248984e-002
 -1.6961073e-002
 -1.6535815e-002
 -1.6638514e-002
 -1.6928965e-002
 -1.7535522e-002
 -1.8287227e-002
 -1.8792859e-002
 -2.0298264e-002
 -2.0794002e-002
 -2.0386819e-002
 -1.9915508e-002
 -1.9367389e-002
 -1.8803505e-002
 -1.8454974e-002
 -1.7405134e-002
 -1.6327661e-002
 -1.6049949e-002
 -1.5567920e-002
 -1.5169792e-002
 -1.4542331e-002
 -1.3343984e-002
 -1.2055463e-002
 -1.0890036e-002
 -9.7284050e-003
 -8.5715010e-003
 -7.4207027e-003
 -6.2779847e-003
 -5.1464993e-003
 -4.0306702e-003
 -2.9372456e-003
 -1.8775902e-003
 -8.7473088e-004
 -1.4311851e-002
 -1.4325421e-002
 -1.4352482e-002
 -1.4392884e-002
 -1.4446548e-002
 -1.4494949e-002
 -1.4497722e-002
 -1.4440935e-002
 -1.4576389e-002
 -1.4785017e-002
 -1.5061023e-002
 -1.5543606e-002
 -1.6192511e-002
 -1.6480799e-002
 -1.5697350e-002
 -1.4478660e-002
 -1.3808386e-002
 -1.3214138e-002
 -1.2774013e-002
 -1.2988932e-002
 -1.3759916e-002
 -1.3914970e-002
 -1.4190653e-002
 -1.4582975e-002
 -1.4959980e-002
 -1.5419787e-002
 -1.6418874e-002
 -1.7015482e-002
 -1.6730301e-002
 -1.6728264e-002
 -1.6582356e-002
 -1.6834600e-002
 -1.7207660e-002
 -1.7321358e-002
 -1.7785638e-002
 -1.8545026e-002
 -1.8917097e-002
 -1.8747096e-002
 -1.8286930e-002
 -1.7833155e-002
 -1.7478083e-002
 -1.7187124e-002
 -1.6400916e-002
 -1.5828083e-002
 -1.5590726e-002
 -1.5259989e-002
 -1.4853148e-002
 -1.4243592e-002
 -1.3035131e-002
 -1.1722210e-002
 -1.0564953e-002
 -9.4194026e-003
 -8.2838362e-003
 -7.1582472e-003
 -6.0439690e-003
 -4.9437175e-003
 -3.8616999e-003
 -2.8045476e-003
 -1.7838895e-003
 -8.2372482e-004
 -1.3161270e-002
 -1.3176163e-002
 -1.3205702e-002
 -1.3249482e-002
 -1.3306755e-002
 -1.3357404e-002
 -1.3349385e-002
 -1.3373853e-002
 -1.3661039e-002
 -1.3882737e-002
 -1.4172712e-002
 -1.4700232e-002
 -1.5039904e-002
 -1.4764587e-002
 -1.3769325e-002
 -1.3415356e-002
 -1.3172246e-002
 -1.2498731e-002
 -1.1875189e-002
 -1.2035353e-002
 -1.2268083e-002
 -1.2109164e-002
 -1.2316378e-002
 -1.2973861e-002
 -1.3764235e-002
 -1.4877196e-002
 -1.6280948e-002
 -1.6711350e-002
 -1.6770471e-002
 -1.6616502e-002
 -1.6157023e-002
 -1.6249196e-002
 -1.6204105e-002
 -1.6107856e-002
 -1.6491680e-002
 -1.6788601e-002
 -1.7027437e-002
 -1.7070232e-002
 -1.6624984e-002
 -1.6183809e-002
 -1.6070014e-002
 -1.5833425e-002
 -1.5245398e-002
 -1.5130777e-002
 -1.4947523e-002
 -1.4825572e-002
 -1.4638149e-002
 -1.4003264e-002
 -1.2774272e-002
 -1.1315507e-002
 -1.0186378e-002
 -9.0668217e-003
 -7.9583162e-003
 -6.8621577e-003
 -5.7799810e-003
 -4.7145828e-003
 -3.6701204e-003
 -2.6533184e-003
 -1.6762327e-003
 -7.6436679e-004
 -1.1973189e-002
 -1.1989599e-002
 -1.2022347e-002
 -1.2071435e-002
 -1.2136817e-002
 -1.2194284e-002
 -1.2190158e-002
 -1.2355672e-002
 -1.2625744e-002
 -1.2881221e-002
 -1.3243419e-002
 -1.3500344e-002
 -1.3509926e-002
 -1.3070054e-002
 -1.2886768e-002
 -1.2753761e-002
 -1.2105580e-002
 -1.1340830e-002
 -1.0622115e-002
 -1.0498524e-002
 -1.0369089e-002
 -1.0225543e-002
 -1.0576190e-002
 -1.1568414e-002
 -1.3113434e-002
 -1.5010102e-002
 -1.6206198e-002
 -1.6488553e-002
 -1.6632608e-002
 -1.6005148e-002
 -1.5319781e-002
 -1.5138072e-002
 -1.4752340e-002
 -1.4739819e-002
 -1.5012507e-002
 -1.5051894e-002
 -1.5176161e-002
 -1.5083249e-002
 -1.4929857e-002
 -1.4592023e-002
 -1.4598333e-002
 -1.4357890e-002
 -1.4112857e-002
 -1.4208820e-002
 -1.4050031e-002
 -1.4285913e-002
 -1.4428555e-002
 -1.3735925e-002
 -1.2404815e-002
 -1.0888766e-002
 -9.7691396e-003
 -8.6692958e-003
 -7.5873066e-003
 -6.5226492e-003
 -5.4760038e-003
 -4.4495744e-003
 -3.4473110e-003
 -2.4759981e-003
 -1.5484402e-003
 -6.9247037e-004
 -1.0740431e-002
 -1.0757776e-002
 -1.0792769e-002
 -1.0845967e-002
 -1.0918355e-002
 -1.0978807e-002
 -1.1037890e-002
 -1.1298992e-002
 -1.1542726e-002
 -1.1775844e-002
 -1.2068852e-002
 -1.2148181e-002
 -1.2270409e-002
 -1.2312587e-002
 -1.2013518e-002
 -1.1610664e-002
 -1.0832693e-002
 -9.7176531e-003
 -8.7857204e-003
 -8.5914019e-003
 -8.2014348e-003
 -8.4397893e-003
 -9.0606530e-003
 -1.0840617e-002
 -1.3239755e-002
 -1.5256580e-002
 -1.6059715e-002
 -1.6241136e-002
 -1.5906492e-002
 -1.4957019e-002
 -1.4077765e-002
 -1.3616624e-002
 -1.2896924e-002
 -1.2975984e-002
 -1.3322616e-002
 -1.3109437e-002
 -1.3249794e-002
 -1.3152747e-002
 -1.3197069e-002
 -1.3255991e-002
 -1.3204014e-002
 -1.3031665e-002
 -1.2909150e-002
 -1.3030648e-002
 -1.3024683e-002
 -1.3564044e-002
 -1.4067880e-002
 -1.3393835e-002
 -1.1944741e-002
 -1.0358126e-002
 -9.2645952e-003
 -8.1951520e-003
 -7.1476518e-003
 -6.1212868e-003
 -5.1164984e-003
 -4.1352009e-003
 -3.1811831e-003
 -2.2616846e-003
 -1.3908793e-003
 -6.0062398e-004
 -9.4563390e-003
 -9.4730103e-003
 -9.5067962e-003
 -9.5583562e-003
 -9.6282434e-003
 -9.6778492e-003
 -9.8766124e-003
 -1.0177538e-002
 -1.0308884e-002
 -1.0524416e-002
 -1.0837745e-002
 -1.1380883e-002
 -1.1676651e-002
 -1.1301127e-002
 -1.0906220e-002
 -1.0271133e-002
 -9.1078582e-003
 -7.7012307e-003
 -6.6911839e-003
 -6.2839452e-003
 -6.0116424e-003
 -6.6755539e-003
 -8.3228328e-003
 -1.0895170e-002
 -1.3388979e-002
 -1.5167380e-002
 -1.5705501e-002
 -1.5722880e-002
 -1.4900305e-002
 -1.3511413e-002
 -1.2499898e-002
 -1.1664412e-002
 -1.0798042e-002
 -1.0916596e-002
 -1.1258422e-002
 -1.1130183e-002
 -1.1417331e-002
 -1.1408931e-002
 -1.1454361e-002
 -1.1785276e-002
 -1.1920212e-002
 -1.1813576e-002
 -1.1836028e-002
 -1.1747956e-002
 -1.1839597e-002
 -1.2560615e-002
 -1.3347633e-002
 -1.2919056e-002
 -1.1471961e-002
 -9.7006614e-003
 -8.6494703e-003
 -7.6212280e-003
 -6.6171301e-003
 -5.6373488e-003
 -4.6822748e-003
 -3.7534304e-003
 -2.8542196e-003
 -1.9922032e-003
 -1.1841663e-003
 -4.7023467e-004
 -8.1237037e-003
 -8.1377113e-003
 -8.1667947e-003
 -8.2136217e-003
 -8.2832787e-003
 -8.3652137e-003
 -8.5919246e-003
 -8.7499012e-003
 -8.9977634e-003
 -9.4442756e-003
 -1.0227435e-002
 -1.0726614e-002
 -1.0635929e-002
 -1.0202645e-002
 -9.5251572e-003
 -8.6277788e-003
 -7.2608174e-003
 -5.4768522e-003
 -4.3303526e-003
 -3.8875006e-003
 -4.1200504e-003
 -5.5402408e-003
 -8.1960685e-003
 -1.0961202e-002
 -1.3315277e-002
 -1.4828233e-002
 -1.5024981e-002
 -1.4709940e-002
 -1.3489831e-002
 -1.1804463e-002
 -1.0567854e-002
 -9.4528758e-003
 -8.5570427e-003
 -8.7214348e-003
 -9.1588956e-003
 -9.2456412e-003
 -9.5745601e-003
 -9.6915428e-003
 -9.8177306e-003
 -1.0155153e-002
 -1.0590036e-002
 -1.0541252e-002
 -1.0824979e-002
 -1.0527562e-002
 -1.0528682e-002
 -1.1329274e-002
 -1.2177243e-002
 -1.2071486e-002
 -1.0724150e-002
 -8.9562014e-003
 -7.9203294e-003
 -6.9270486e-003
 -5.9699963e-003
 -5.0446602e-003
 -4.1480630e-003
 -3.2791388e-003
 -2.4390788e-003
 -1.6345591e-003
 -8.8539713e-004
 -2.4210998e-004
 -6.7566343e-003
 -6.7624899e-003
 -6.7738298e-003
 -6.7901865e-003
 -6.8119825e-003
 -6.9863704e-003
 -7.1463750e-003
 -7.4701393e-003
 -7.9313060e-003
 -8.8275145e-003
 -9.3235725e-003
 -9.4094053e-003
 -9.3443920e-003
 -8.8529854e-003
 -7.9725320e-003
 -6.9427773e-003
 -5.0526527e-003
 -3.2733941e-003
 -2.2474355e-003
 -2.0119617e-003
 -3.1765474e-003
 -5.1479137e-003
 -7.8869703e-003
 -1.0472466e-002
 -1.2633667e-002
 -1.3823361e-002
 -1.3820078e-002
 -1.3144350e-002
 -1.1704190e-002
 -9.9581283e-003
 -8.4002919e-003
 -7.0679830e-003
 -6.4442629e-003
 -6.6138572e-003
 -7.1786679e-003
 -7.4776979e-003
 -7.9574685e-003
 -7.9290828e-003
 -8.2462095e-003
 -8.4124732e-003
 -9.0163598e-003
 -9.4200525e-003
 -9.6308262e-003
 -9.1730164e-003
 -9.1725070e-003
 -9.8031073e-003
 -1.0718596e-002
 -1.0753943e-002
 -9.6005122e-003
 -7.9434324e-003
 -6.9620634e-003
 -6.0357345e-003
 -5.1520872e-003
 -4.3023053e-003
 -3.4801012e-003
 -2.6815675e-003
 -1.9052611e-003
 -1.1587687e-003
 -4.7535009e-004
 -4.5994554e-008
 -5.3916524e-003
 -5.3914465e-003
 -5.3875739e-003
 -5.3714140e-003
 -5.3230165e-003
 -5.4469989e-003
 -5.8486241e-003
 -6.2967528e-003
 -7.0525460e-003
 -7.4296858e-003
 -7.5434251e-003
 -7.7623987e-003
 -7.8577312e-003
 -7.1016625e-003
 -6.3330902e-003
 -5.2082686e-003
 -3.1562432e-003
 -1.7202063e-003
 -1.0849939e-003
 -1.5354313e-003
 -3.0841900e-003
 -4.8505642e-003
 -7.0509916e-003
 -9.0281545e-003
 -1.0805888e-002
 -1.1577556e-002
 -1.1555875e-002
 -1.0871272e-002
 -9.4503874e-003
 -7.8677350e-003
 -6.4378642e-003
 -5.1491660e-003
 -4.8153596e-003
 -5.0886017e-003
 -5.6604794e-003
 -5.9833102e-003
 -6.4653399e-003
 -6.2711169e-003
 -6.7572377e-003
 -6.8470599e-003
 -7.2288876e-003
 -7.9822936e-003
 -8.1360462e-003
 -7.5872144e-003
 -7.3661441e-003
 -8.0307214e-003
 -8.8071011e-003
 -8.8305993e-003
 -7.9371739e-003
 -6.5312288e-003
 -5.6881899e-003
 -4.8907715e-003
 -4.1249579e-003
 -3.3818427e-003
 -2.6566529e-003
 -1.9480034e-003
 -1.2587611e-003
 -5.9521401e-004
 -5.3882029e-008
 -2.3220764e-011
 -4.0531157e-003
 -4.0643434e-003
 -4.0885387e-003
 -4.1303995e-003
 -4.2007890e-003
 -4.3246307e-003
 -4.5096684e-003
 -4.7291692e-003
 -4.9599330e-003
 -5.1238300e-003
 -5.1981643e-003
 -5.1864086e-003
 -5.0476524e-003
 -4.7276169e-003
 -4.2830833e-003
 -3.7333331e-003
 -3.1317859e-003
 -2.6937624e-003
 -2.5610068e-003
 -2.8084464e-003
 -3.4106618e-003
 -4.2338591e-003
 -5.1705046e-003
 -6.0642332e-003
 -6.7910118e-003
 -7.2154821e-003
 -7.3070004e-003
 -7.0885717e-003
 -6.6192658e-003
 -6.0273903e-003
 -5.4384846e-003
 -4.9527336e-003
 -4.6783824e-003
 -4.6049524e-003
 -4.6663568e-003
 -4.7779007e-003
 -4.9157835e-003
 -5.0289249e-003
 -5.1882421e-003
 -5.3440169e-003
 -5.5232235e-003
 -5.7039057e-003
 -5.7927030e-003
 -5.7851455e-003
 -5.7852119e-003
 -5.8395285e-003
 -5.8449201e-003
 -5.6667112e-003
 -5.2633628e-003
 -4.7052085e-003
 -4.1189500e-003
 -3.5181629e-003
 -2.9093940e-003
 -2.2969845e-003
 -1.6858852e-003
 -1.0814895e-003
 -4.9912138e-004
 -4.7512841e-008
  1.7120891e-011
 -2.8623893e-011
 -2.6817792e-003
 -2.6955978e-003
 -2.7240370e-003
 -2.7687115e-003
 -2.8314493e-003
 -2.9130825e-003
 -3.0096620e-003
 -3.1103690e-003
 -3.1999095e-003
 -3.2587243e-003
 -3.2723725e-003
 -3.2316775e-003
 -3.1292456e-003
 -2.9650856e-003
 -2.7563906e-003
 -2.5306854e-003
 -2.3292814e-003
 -2.2088917e-003
 -2.2162796e-003
 -2.3735699e-003
 -2.6698311e-003
 -3.0638822e-003
 -3.5013913e-003
 -3.9214103e-003
 -4.2677634e-003
 -4.4959797e-003
 -4.5858895e-003
 -4.5415564e-003
 -4.3881220e-003
 -4.1681622e-003
 -3.9297168e-003
 -3.7165201e-003
 -3.5613643e-003
 -3.4744926e-003
 -3.4478695e-003
 -3.4647912e-003
 -3.5108711e-003
 -3.5740690e-003
 -3.6512315e-003
 -3.7336896e-003
 -3.8148138e-003
 -3.8831330e-003
 -3.9234127e-003
 -3.9304056e-003
 -3.9087692e-003
 -3.8548259e-003
 -3.7471508e-003
 -3.5606384e-003
 -3.2860586e-003
 -2.9361933e-003
 -2.5333015e-003
 -2.0898558e-003
 -1.6159628e-003
 -1.1288266e-003
 -6.5806635e-004
 -1.9514957e-004
 -2.5930003e-008
  4.1619669e-011
 -1.8425597e-010
  4.8580384e-011
 -1.2624646e-003
 -1.2737427e-003
 -1.2967987e-003
 -1.3323669e-003
 -1.3791089e-003
 -1.4345687e-003
 -1.4937591e-003
 -1.5497080e-003
 -1.5950108e-003
 -1.6176373e-003
 -1.6104306e-003
 -1.5703994e-003
 -1.5028223e-003
 -1.4137220e-003
 -1.3151837e-003
 -1.2227990e-003
 -1.1559099e-003
 -1.1343059e-003
 -1.1750880e-003
 -1.2873208e-003
 -1.4690838e-003
 -1.7014423e-003
 -1.9427972e-003
 -2.1673370e-003
 -2.3537716e-003
 -2.4857756e-003
 -2.5550737e-003
 -2.5625675e-003
 -2.5177972e-003
 -2.4368125e-003
 -2.3387101e-003
 -2.2419167e-003
 -2.1609848e-003
 -2.1041597e-003
 -2.0734427e-003
 -2.0663450e-003
 -2.0783068e-003
 -2.1040354e-003
 -2.1384507e-003
 -2.1759706e-003
 -2.2106939e-003
 -2.2361603e-003
 -2.2457550e-003
 -2.2338189e-003
 -2.1951515e-003
 -2.1226480e-003
 -2.0061695e-003
 -1.8358035e-003
 -1.6109809e-003
 -1.3549401e-003
 -1.0710823e-003
 -7.4493238e-004
 -3.6208777e-004
 -4.8862704e-008
 -1.2020588e-008
 -3.5043314e-009
 -3.8184510e-010
  1.0989968e-010
  5.7155162e-011
 -1.0611166e-010
 -2.2029895e-008
 -2.3071303e-008
 -2.2741943e-008
 -1.8526462e-008
 -2.4405928e-008
 -2.5646102e-008
 -2.6706100e-008
 -4.8602340e-008
 -1.0925118e-008
 -2.5630208e-008
 -1.4303895e-008
 -4.4970694e-008
 -2.6199134e-008
 -2.3910923e-008
 -2.1613576e-008
 -2.0608530e-008
 -2.0380120e-008
 -2.0267284e-008
 -2.0341607e-008
 -2.4050602e-008
 -4.7337169e-008
 -3.1825976e-004
 -5.4049334e-004
 -7.0151274e-004
 -8.2017943e-004
 -9.0223590e-004
 -9.4998633e-004
 -9.6637943e-004
 -9.5631383e-004
 -9.2662201e-004
 -8.8526444e-004
 -8.4030056e-004
 -7.9879373e-004
 -7.6591728e-004
 -7.4451228e-004
 -7.3515701e-004
 -7.3663105e-004
 -7.4646163e-004
 -7.6146750e-004
 -7.7803944e-004
 -7.9228855e-004
 -8.0017676e-004
 -7.9739214e-004
 -7.7909412e-004
 -7.3900372e-004
 -6.6708484e-004
 -5.4602790e-004
 -3.4711140e-004
 -4.7965332e-006
 -2.4052583e-008
 -1.8769810e-008
 -1.3117895e-008
 -6.3732112e-009
  4.7356245e-011
 -1.1383814e-010
  8.9888811e-011
 -1.5975324e-010
  2.7730823e-010
 -2.5849219e-010
  1.3854651e-010
