 -4.0588591e-001
  1.0000000e-004
  1.0000000e-004
  1.0000000e-004
  1.0000000e-004
  1.0000000e-004
  1.0000000e-004
  1.0000000e-004
  1.0000000e-004
  1.0000000e-004
  1.0000000e-004
  1.0000000e-004
  1.0000000e-004
  1.0000000e-004
  1.0000000e-004
  1.0000000e-004
  1.0000000e-004
  1.0000000e-004
  1.0000000e-004
  1.0000000e-004
  1.0000000e-004
  1.0000000e-004
  1.0000000e-004
  1.0000000e-004
  1.0000000e-004
  1.0000000e-004
  1.0000000e-004
  1.0000000e-004
  1.0000000e-004
  1.0000000e-004
  1.0000000e-004
  1.0000000e-004
  1.0000000e-004
  1.0000000e-004
  1.0000000e-004
  1.0000000e-004
  1.0000000e-004
  1.0000000e-004
  1.0000000e-004
  1.0000000e-004
  1.0000000e-004
  1.0000000e-004
  1.0000000e-004
  1.0000000e-004
  1.0000000e-004
  1.0000000e-004
  1.0000000e-004
  1.0000000e-004
  1.0000000e-004
  1.0000000e-004
  1.0000000e-004
  1.0000000e-004
  1.0000000e-004
  1.0000000e-004
  1.0000000e-004
  1.0000000e-004
  1.0000000e-004
  1.0000000e-004
  1.0000000e-004
  1.0000000e-004
  1.0000000e-004
  1.0000000e-004
  1.0000000e-004
  1.0000000e-004
  1.0000000e-004
  1.0000000e-004
  1.0000000e-004
  1.0000000e-004
  1.0000000e-004
  1.0000000e-004
  1.0000000e-004
  1.0000000e-004
  1.0000000e-004
  1.0000000e-004
  1.0000000e-004
  1.0000000e-004
  1.0000000e-004
  1.0000000e-004
  1.0000000e-004
  1.0000000e-004
  1.0000000e-004
  1.0000000e-004
  1.0000000e-004
  1.0000000e-004
  1.0000000e-004
  1.0000000e-004
  1.0000000e-004
  1.0000000e-004
  1.0000000e-004
  1.0000000e-004
  1.0000000e-004
  1.0000000e-004
  1.0000000e-004
  1.0000000e-004
  1.0000000e-004
  1.0000000e-004
  1.0000000e-004
  1.0000000e-004
  1.0000000e-004
  1.0000000e-004
  1.0000000e-004
  1.0000000e-004
  1.0000000e-004
  1.0000000e-004
  1.0000000e-004
  1.0000000e-004
  1.0000000e-004
  1.0000000e-004
  1.0000000e-004
  1.0000000e-004
  1.0000000e-004
  1.0000000e-004
  1.0000000e-004
  1.0000000e-004
  1.0000000e-004
  1.0000000e-004
  1.0000000e-004
  1.0000000e-004
  1.0000000e-004
  1.0000000e-004
  1.0000000e-004
  1.0000000e-004
  1.0000000e-004
  1.0000000e-004
  1.0000000e-004
  1.0000000e-004
  1.0000000e-004
  1.0000000e-004
  1.0000000e-004
  1.0000000e-004
  1.0000000e-004
  1.0000000e-004
  1.0000000e-004
  1.0000000e-004
  1.0000000e-004
  1.0000000e-004
  1.0000000e-004
  1.0000000e-004
  1.0000000e-004
  1.0000000e-004
  1.0000000e-004
  1.0000000e-004
  1.0000000e-004
  1.0000000e-004
  1.0000000e-004
  1.0000000e-004
  1.0000000e-004
  1.0000000e-004
  1.0000000e-004
  1.0000000e-004
  1.0000000e-004
  1.0000000e-004
  1.0000000e-004
  1.0000000e-004
  1.0000000e-004
  1.0000000e-004
  1.0000000e-004
  1.0000000e-004
  1.0000000e-004
  1.0000000e-004
  1.0000000e-004
  1.0000000e-004
  1.0000000e-004
  1.0000000e-004
  1.0000000e-004
  1.0000000e-004
  1.0000000e-004
  1.0000000e-004
  1.0000000e-004
  1.0000000e-004
  1.0000000e-004
  1.0000000e-004
  1.0000000e-004
  1.0000000e-004
  1.0000000e-004
  1.0000000e-004
  1.0000000e-004
  1.0000000e-004
  1.0000000e-004
  1.0000000e-004
  1.0000000e-004
  1.0000000e-004
  1.0000000e-004
  1.0000000e-004
  1.0000000e-004
  1.0000000e-004
  1.0000000e-004
  1.0000000e-004
  1.0000000e-004
  1.0000000e-004
  1.0000000e-004
  1.0000000e-004
  1.0000000e-004
  1.0000000e-004
  1.0000000e-004
  1.0000000e-004
  1.0000000e-004
  1.0000000e-004
  1.0000000e-004
  1.0000000e-004
  1.0000000e-004
  1.0000000e-004
  1.0000000e-004
  1.0000000e-004
  1.0000000e-004
  1.0000000e-004
  1.0000000e-004
  1.0000000e-004
  1.0000000e-004
  1.0000000e-004
  1.0000000e-004
  1.0000000e-004
  1.0000000e-004
  1.0000000e-004
  1.0000000e-004
  1.0000000e-004
  1.0000000e-004
  1.0000000e-004
  1.0000000e-004
  1.0000000e-004
  1.0000000e-004
  1.0000000e-004
  1.0000000e-004
  1.0000000e-004
  1.0000000e-004
  1.0000000e-004
  1.0000000e-004
  1.0000000e-004
  1.0000000e-004
  1.0000000e-004
  1.0000000e-004
  1.0000000e-004
  1.0000000e-004
  1.0000000e-004
  1.0000000e-004
  1.0000000e-004
  1.0000000e-004
  1.0000000e-004
  1.0000000e-004
  1.0000000e-004
  1.0000000e-004
  1.0000000e-004
  1.0000000e-004
  1.0000000e-004
  1.0000000e-004
  1.0000000e-004
 -7.3679279e-002
 -8.6505221e-002
  6.1354040e-003
  1.0000000e-004
 -9.3181390e-002
 -1.2361264e-001
 -5.0540364e-003
  1.0000000e-004
 -1.1810020e-001
 -1.4201569e-001
 -1.3685333e-003
  1.0000000e-004
 -5.1101689e-002
 -9.4219413e-002
  1.0000000e-004
  1.0000000e-004
 -3.9127425e-002
 -1.2762891e-001
  1.0000000e-004
  1.0000000e-004
 -8.0261115e-002
 -8.7934065e-002
  1.0000000e-004
  1.0000000e-004
 -9.5032866e-002
 -1.1757430e-001
  1.0000000e-004
  1.0000000e-004
 -1.4173687e-001
 -4.7742215e-002
  1.0000000e-004
  4.0915556e-003
 -1.1077136e-001
 -5.1456405e-002
  1.0000000e-004
  1.3797503e-002
 -1.0328024e-001
 -9.2870358e-002
  1.0000000e-004
  1.1372669e-002
 -6.3435900e-002
 -5.7689267e-002
  1.0000000e-004
  8.5350673e-003
 -8.0055532e-002
  1.0000000e-004
  1.0000000e-004
  9.3525143e-003
  3.7658063e-003
  1.0000000e-004
  1.0000000e-004
  1.0000000e-004
  1.0000000e-004
  1.0000000e-004
  1.0000000e-004
  1.0000000e-004
  1.0000000e-004
  1.0000000e-004
  1.0000000e-004
  1.0000000e-004
 -7.3679279e-002
 -1.3280702e-001
  4.0366391e-002
  1.2170808e-002
 -9.3181390e-002
 -1.2520297e-001
  6.8443668e-003
 -1.0208073e-002
 -1.1810020e-001
 -1.4053527e-001
  8.8109968e-005
 -2.8370666e-003
 -5.1101689e-002
 -1.1666137e-001
  2.2541961e-002
  2.7003480e-004
 -3.9297460e-002
 -1.0492351e-001
 -2.2605403e-002
 -1.1911318e-002
 -6.8249797e-002
 -1.1514968e-001
  2.7315610e-002
 -2.5616337e-002
 -6.9316530e-002
 -9.1986716e-002
 -2.5487583e-002
 -3.8546764e-002
 -1.0309011e-001
 -4.7742215e-002
  8.0831112e-003
  8.6700379e-004
 -1.1552991e-001
 -5.1456405e-002
  2.7495005e-002
  2.8221881e-002
 -1.4509962e-001
 -9.2870358e-002
  2.2645337e-002
  3.3589359e-002
 -1.0819793e-001
 -5.7689267e-002
  1.6970135e-002
  1.1445134e-002
 -9.9835733e-002
  2.7208748e-003
  1.5984154e-002
  1.1567397e-002
 -1.6954105e-002
  1.0000000e-004
  1.0000000e-004
  1.0000000e-004
  1.0000000e-004
  1.0000000e-004
  1.0000000e-004
  1.0000000e-004
  1.0000000e-004
  1.0000000e-004
  1.0000000e-004
  1.0000000e-004
 -7.3679279e-002
 -1.1299968e-001
 -2.0753609e-002
  3.5377259e-002
 -7.6228165e-002
 -1.1755310e-001
 -3.8287352e-002
  4.3888877e-002
 -1.3356231e-001
 -1.2547034e-001
 -4.9229805e-002
  7.5524363e-002
 -9.5210137e-002
 -7.0860271e-002
 -6.5389348e-002
  6.6030246e-002
 -6.2927465e-002
 -6.6594104e-002
 -3.9267862e-002
 -5.1673457e-002
 -5.0154601e-002
 -2.9672961e-002
 -7.8532837e-002
 -3.9809234e-002
 -3.4751899e-002
 -8.0304713e-003
 -1.3694841e-001
 -1.2249730e-001
  8.3650049e-003
 -3.2649776e-003
 -2.1522195e-002
 -9.4327168e-002
 -3.5207675e-002
  9.6125349e-003
  2.8417082e-002
 -1.2848387e-001
 -5.0384885e-002
 -5.9052352e-002
  3.0589505e-002
 -7.4637821e-002
 -4.7410518e-002
 -2.6706469e-002
  7.0071582e-003
 -2.4498819e-002
 -8.2355822e-002
  2.8358484e-002
  2.1989863e-002
 -3.4008211e-002
  1.0000000e-004
  1.0000000e-004
  1.0000000e-004
  1.0000000e-004
  1.0000000e-004
  1.0000000e-004
  1.0000000e-004
  1.0000000e-004
  1.0000000e-004
  1.0000000e-004
  1.0000000e-004
  1.0000000e-004
 -7.3679279e-002
 -7.0799145e-002
 -6.0861599e-002
 -1.1161784e-002
 -5.3617307e-002
 -5.2051321e-002
 -1.8172547e-002
 -9.8207384e-002
 -3.4630850e-002
 -1.0789301e-001
 -1.8893539e-002
 -4.8215517e-002
 -3.4125867e-002
 -9.0777406e-002
 -1.1629787e-002
 -6.8517328e-002
  3.1903550e-002
 -5.2683587e-002
 -7.5124096e-002
 -5.0618451e-002
 -2.9263891e-002
 -2.7408718e-002
 -1.4591751e-001
  3.6044717e-002
 -4.5485423e-002
 -7.2312954e-002
 -4.3775124e-002
 -7.4168174e-002
 -5.2888699e-002
 -1.0170741e-001
  3.2744162e-002
  3.2503826e-002
 -7.9038802e-002
 -5.0069070e-002
 -3.4429596e-002
  6.8037173e-003
 -7.2843527e-002
 -7.4823585e-002
 -1.5275566e-002
 -2.9354579e-002
 -3.1052669e-002
 -4.7905958e-002
 -1.9641248e-002
  2.3294018e-003
 -6.3177920e-002
  2.4919619e-002
 -5.1933172e-002
  1.0000000e-004
  1.0000000e-004
  1.0000000e-004
  1.0000000e-004
  1.0000000e-004
  1.0000000e-004
  1.0000000e-004
  1.0000000e-004
  1.0000000e-004
  1.0000000e-004
  1.0000000e-004
  1.0000000e-004
  1.0000000e-004
 -7.3679279e-002
 -8.6993946e-002
 -2.0730689e-002
 -1.5591633e-003
 -1.3992811e-001
 -3.8121196e-002
 -7.4404223e-004
 -6.9929955e-002
 -1.0934338e-001
 -1.2794066e-002
 -5.3846510e-003
 -9.1388713e-002
 -6.0186268e-002
 -2.6439023e-002
 -1.0303740e-002
 -4.8707373e-002
 -8.6980516e-002
 -2.1338541e-002
 -2.2959249e-002
 -4.7063381e-002
 -6.5104606e-002
 -6.0911818e-002
  1.8748942e-002
 -7.6841007e-002
 -5.9534852e-002
 -5.1438507e-002
 -6.8182608e-002
 -3.0534189e-002
 -4.9734800e-002
 -7.0090951e-003
 -1.4282021e-001
  5.7808335e-002
 -7.7992341e-003
 -9.6267630e-002
 -6.5936654e-002
 -5.2423316e-003
 -2.6361636e-002
 -7.7293742e-002
 -6.9171947e-002
  4.8737740e-002
 -6.8380390e-002
 -6.3004961e-002
  1.0821156e-002
 -7.1932169e-003
 -3.5019960e-002
 -5.5612755e-002
  9.7085598e-004
  1.0000000e-004
  1.0000000e-004
  1.0000000e-004
  1.0000000e-004
  1.0000000e-004
  1.0000000e-004
  1.0000000e-004
  1.0000000e-004
  1.0000000e-004
  1.0000000e-004
  1.0000000e-004
  1.0000000e-004
  1.0000000e-004
 -7.3679279e-002
 -7.5855905e-002
 -4.2218816e-002
 -3.5587213e-002
 -5.0795512e-002
 -1.0203145e-002
 -1.1758928e-001
 -2.4088032e-002
 -7.5507294e-002
  1.6071628e-002
 -7.9344162e-002
 -1.2423539e-001
 -3.5182534e-002
 -1.2318567e-003
  1.5497188e-002
 -8.4451775e-002
 -5.1380351e-002
 -6.2589783e-002
  4.0219358e-003
 -5.7902086e-002
 -1.0057701e-002
 -1.8358273e-001
  3.9867143e-003
 -2.9345746e-002
 -1.0849900e-001
  3.6779514e-002
 -1.2087917e-001
  4.2343179e-002
 -1.4247108e-001
 -1.6970850e-002
  2.9851551e-002
 -1.4636001e-001
  5.7717448e-002
 -1.3725877e-001
  4.7171378e-002
  3.7523207e-002
 -9.6818056e-002
 -8.2121158e-002
 -4.4463914e-002
  8.0122004e-002
 -1.3617451e-001
 -6.0818365e-002
  5.1429662e-003
  5.8026365e-002
 -1.3030147e-001
 -1.3274522e-002
  1.0000000e-004
  1.0000000e-004
  1.0000000e-004
  1.0000000e-004
  1.0000000e-004
  1.0000000e-004
  1.0000000e-004
  1.0000000e-004
  1.0000000e-004
  1.0000000e-004
  1.0000000e-004
  1.0000000e-004
  1.0000000e-004
  1.0000000e-004
 -7.3679279e-002
 -4.5546788e-002
 -1.9006078e-002
 -5.9517786e-002
 -6.4526721e-002
 -6.5793984e-002
 -8.4527675e-002
 -3.9688125e-002
 -1.8872813e-002
 -1.4959828e-002
 -1.4420740e-001
 -2.9036796e-002
  7.2499759e-003
 -4.1469299e-002
 -1.9092098e-001
 -5.3220301e-002
  7.4484552e-002
 -2.8136471e-002
 -1.0313580e-001
 -8.9466857e-002
 -3.6443221e-002
  8.1924923e-002
 -1.0734892e-001
 -7.3382284e-002
 -5.8439419e-002
  2.5537197e-002
  4.6567113e-002
 -1.0863262e-001
 -1.8569884e-002
 -1.4358231e-001
  2.8867764e-003
 -6.9880422e-002
 -1.4023471e-002
 -4.6189911e-002
 -5.2157441e-002
 -9.7228335e-002
  2.7505795e-002
 -7.8325959e-002
  1.1864360e-001
 -1.1298555e-001
 -3.3938926e-002
 -5.7465853e-002
 -7.5952080e-002
 -9.5215575e-004
 -6.0672600e-002
  1.0000000e-004
  1.0000000e-004
  1.0000000e-004
  1.0000000e-004
  1.0000000e-004
  1.0000000e-004
  1.0000000e-004
  1.0000000e-004
  1.0000000e-004
  1.0000000e-004
  1.0000000e-004
  1.0000000e-004
  1.0000000e-004
  1.0000000e-004
  1.0000000e-004
 -7.3679279e-002
 -7.8811820e-002
  1.9663959e-003
 -1.0782629e-001
 -7.6215177e-002
 -2.2791256e-002
 -5.7092921e-002
 -7.8724507e-002
  1.6704827e-003
 -1.0630641e-001
  1.2992798e-002
 -1.2710455e-003
 -2.1824151e-002
 -9.8732386e-002
 -8.6055329e-003
  3.1874233e-002
 -1.3177330e-001
 -1.2101979e-001
 -2.1474307e-002
  5.5416232e-002
 -8.9485362e-002
 -1.2438000e-001
  1.4684641e-002
 -4.6734837e-002
 -1.4088566e-001
 -6.7847384e-002
 -8.5290100e-002
  1.4446469e-002
  1.9910040e-002
  1.8624428e-002
 -9.5808685e-002
  8.9563289e-002
 -1.6416751e-001
 -2.9858187e-002
  1.6663089e-003
 -1.4548518e-002
 -1.9501848e-002
 -8.1977511e-002
 -1.4502291e-001
  3.0797094e-002
 -4.2999906e-002
 -4.4737617e-002
  1.1064120e-001
 -1.3947654e-001
 -9.2467277e-002
  1.0000000e-004
  1.0000000e-004
  1.0000000e-004
  1.0000000e-004
  1.0000000e-004
  1.0000000e-004
  1.0000000e-004
  1.0000000e-004
  1.0000000e-004
  1.0000000e-004
  1.0000000e-004
  1.0000000e-004
  1.0000000e-004
  1.0000000e-004
  1.0000000e-004
 -7.3679279e-002
 -3.8348870e-002
 -4.3285305e-002
 -8.9103966e-002
  4.1420964e-003
 -1.2247108e-001
 -1.9639853e-002
 -1.0110555e-001
 -2.8314426e-002
 -8.4908614e-002
 -5.4056307e-003
  3.1194233e-002
 -1.1097721e-001
  3.4768852e-002
 -3.5989471e-002
 -2.3298439e-002
 -1.1304020e-001
 -1.6468880e-002
  3.0242735e-002
 -7.4088189e-002
 -2.0757747e-001
 -8.8290917e-002
 -1.1824932e-002
  7.1422787e-002
 -2.1205668e-001
  6.7826911e-002
  5.3875434e-002
 -1.5060074e-001
  1.0324531e-001
 -2.8791092e-002
  1.9555890e-002
 -2.1911216e-001
 -1.1172302e-001
  2.6083636e-002
 -2.5664262e-002
 -7.5013900e-002
 -6.2519650e-002
 -6.3190236e-002
  7.2711749e-002
 -4.9191316e-002
 -5.9074380e-003
 -3.3919201e-002
 -1.3042387e-001
 -7.7474630e-002
 -8.7475627e-003
  1.0000000e-004
  1.0000000e-004
  1.0000000e-004
  1.0000000e-004
  1.0000000e-004
  1.0000000e-004
  1.0000000e-004
  1.0000000e-004
  1.0000000e-004
  1.0000000e-004
  1.0000000e-004
  1.0000000e-004
  1.0000000e-004
  1.0000000e-004
  1.0000000e-004
 -7.3679279e-002
 -2.1993926e-002
 -7.0159792e-002
 -5.1894361e-002
 -9.0967926e-002
 -1.0525781e-001
 -3.1551472e-002
 -4.1141214e-002
 -2.9767736e-002
 -7.0074161e-002
 -3.4523953e-002
 -4.7083682e-002
 -2.6606756e-002
  4.9025772e-003
 -6.7890788e-002
 -1.6779445e-001
  8.2722405e-003
 -1.0345436e-001
 -9.8554227e-002
  1.2565425e-001
 -7.0698766e-002
  1.1087957e-001
 -7.3170230e-002
 -1.5222805e-001
  7.5183334e-002
  4.8912550e-003
 -1.1412897e-001
 -1.6297500e-001
 -7.2428510e-002
 -2.1558167e-001
  9.1860381e-002
  1.6560408e-001
 -5.7744932e-002
 -5.4324764e-002
 -1.7823988e-001
 -2.0978103e-002
  3.6926421e-002
  3.8700438e-002
 -1.8071424e-001
  5.2781148e-002
 -8.8808370e-002
 -2.5230595e-001
  1.2577191e-001
  1.5312269e-002
 -5.7100938e-002
  1.0000000e-004
  1.0000000e-004
  1.0000000e-004
  1.0000000e-004
  1.0000000e-004
  1.0000000e-004
  1.0000000e-004
  1.0000000e-004
  1.0000000e-004
  1.0000000e-004
  1.0000000e-004
  1.0000000e-004
  1.0000000e-004
  1.0000000e-004
  1.0000000e-004
 -7.3679279e-002
 -2.4904020e-002
 -8.4382164e-002
 -2.7524752e-002
 -7.6055726e-002
  1.3287832e-003
 -8.7199666e-002
 -5.6816383e-002
 -2.5250794e-002
 -6.4296023e-002
 -5.4674449e-002
 -4.4106329e-002
 -4.2309411e-002
 -1.0875946e-001
 -9.1782747e-002
  2.9346298e-002
 -1.2474895e-002
 -1.6922213e-002
 -1.3721583e-001
 -1.3751024e-001
  2.3004230e-002
 -1.4147168e-001
  1.0713096e-001
  1.6824637e-003
 -5.3951018e-002
 -2.3343308e-001
  7.2757171e-002
 -7.8010481e-003
  5.7225173e-002
 -2.7545471e-002
 -8.4465367e-002
  9.6542872e-003
 -1.0235083e-001
  6.0737186e-003
 -1.0334750e-001
 -7.3853640e-002
  1.2997575e-002
  5.0280936e-002
 -1.5131193e-002
 -1.0041084e-001
 -1.6972775e-001
  4.1720579e-002
 -8.6760720e-002
  5.6647654e-002
 -1.3081970e-001
  1.0000000e-004
  1.0000000e-004
  1.0000000e-004
  1.0000000e-004
  1.0000000e-004
  1.0000000e-004
  1.0000000e-004
  1.0000000e-004
  1.0000000e-004
  1.0000000e-004
  1.0000000e-004
  1.0000000e-004
  1.0000000e-004
  1.0000000e-004
  1.0000000e-004
 -7.3679279e-002
 -3.9624813e-002
 -1.8495239e-002
 -6.6806577e-002
 -8.4518930e-002
 -5.6962377e-002
 -2.5159700e-003
 -5.8187244e-002
 -1.0617543e-001
 -2.0270662e-002
 -4.2065689e-002
 -7.0188103e-002
 -1.0739364e-001
  1.2371024e-002
  4.9378849e-003
 -5.5205648e-002
 -3.0056287e-002
 -1.0884671e-001
 -1.6033099e-002
 -3.8522527e-002
 -8.4038812e-002
 -3.4823156e-002
 -4.7095450e-002
 -1.4214132e-001
  5.6934592e-002
 -4.9296485e-002
  4.7626387e-002
 -1.1831256e-001
  3.3060489e-002
 -3.6723506e-002
 -1.4905715e-001
  1.3333816e-002
 -1.2024052e-001
  7.4518414e-002
 -1.4553525e-002
  7.4426639e-002
 -2.3748961e-001
 -7.1379545e-002
 -6.4742318e-002
 -9.3170582e-002
  5.9544885e-002
 -3.3398222e-002
 -7.9323717e-004
 -4.2452128e-002
 -6.8582184e-002
  1.0000000e-004
  1.0000000e-004
  1.0000000e-004
  1.0000000e-004
  1.0000000e-004
  1.0000000e-004
  1.0000000e-004
  1.0000000e-004
  1.0000000e-004
  1.0000000e-004
  1.0000000e-004
  1.0000000e-004
  1.0000000e-004
  1.0000000e-004
  1.0000000e-004
 -7.3679279e-002
 -5.5224520e-002
 -1.2939640e-002
 -9.1003678e-002
  7.2126670e-003
 -1.2598936e-001
 -1.4399875e-003
 -1.4270114e-001
 -1.1116890e-002
 -5.7060911e-002
 -9.3888793e-002
  2.0030161e-002
 -8.3473163e-003
 -6.9518272e-002
 -1.4921002e-001
 -1.3005934e-001
 -9.4045877e-002
  1.3289509e-001
 -4.1697220e-002
  6.7102725e-002
 -8.9576262e-002
 -9.8693110e-002
  5.3014434e-003
 -3.5597304e-002
 -5.0581288e-002
 -6.0847956e-002
 -3.0327067e-002
  6.0169870e-003
 -1.3129407e-001
  6.0990461e-002
 -3.0790509e-002
  1.1559661e-002
 -4.2543217e-002
 -8.5698872e-003
 -6.2803718e-002
 -1.4037986e-001
  3.8828349e-002
 -1.3097242e-001
 -1.7084668e-003
 -8.9613830e-002
 -1.6486283e-001
 -4.0633624e-002
 -4.3919985e-002
  4.2495530e-002
 -7.8798255e-003
  1.0000000e-004
  1.0000000e-004
  1.0000000e-004
  1.0000000e-004
  1.0000000e-004
  1.0000000e-004
  1.0000000e-004
  1.0000000e-004
  1.0000000e-004
  1.0000000e-004
  1.0000000e-004
  1.0000000e-004
  1.0000000e-004
  1.0000000e-004
  1.0000000e-004
 -7.3679279e-002
 -6.0842382e-002
 -3.2835546e-002
 -3.5637647e-002
 -4.8614576e-002
 -7.5734846e-002
 -1.2051791e-001
 -2.7116539e-002
  8.5876266e-002
 -1.3097945e-001
 -4.0984270e-002
 -4.0867603e-002
 -5.5304616e-002
 -6.8851657e-002
 -1.3086104e-001
 -4.6527281e-003
 -2.4993544e-002
 -8.1362287e-002
 -1.3990340e-001
 -1.0732497e-002
  4.2946678e-002
  6.5998469e-002
  1.5375377e-002
 -4.8301901e-002
 -5.2888267e-002
 -4.6605519e-002
 -8.9059767e-002
 -8.0842568e-002
  1.1685731e-002
 -7.4786419e-002
 -6.6309648e-002
  1.3669482e-002
 -7.1556090e-002
 -8.1735416e-002
  4.4614388e-003
  3.0295969e-002
 -8.9900353e-002
 -1.6905674e-001
 -4.7186952e-002
 -1.4874939e-002
 -6.5479345e-002
  6.2850150e-003
 -1.3457608e-002
 -9.5572562e-002
  8.4070748e-003
  1.0000000e-004
  1.0000000e-004
  1.0000000e-004
  1.0000000e-004
  1.0000000e-004
  1.0000000e-004
  1.0000000e-004
  1.0000000e-004
  1.0000000e-004
  1.0000000e-004
  1.0000000e-004
  1.0000000e-004
  1.0000000e-004
  1.0000000e-004
  1.0000000e-004
 -7.3679279e-002
 -5.1154035e-002
 -7.3148009e-002
 -2.0893246e-002
 -7.0600252e-002
 -6.6182366e-002
 -1.2766219e-002
 -3.2230397e-002
 -9.1829141e-002
  1.3543766e-002
 -8.0624140e-002
 -1.3331332e-001
 -5.8977179e-002
  5.2511979e-002
 -5.3092497e-002
 -1.8875843e-002
 -7.4751504e-002
 -1.4276124e-002
 -4.0651409e-002
 -9.6160066e-002
  3.1862549e-002
 -5.1654130e-002
  2.0171175e-002
 -6.2264510e-002
 -5.2977959e-002
 -9.4910390e-002
 -5.3173529e-002
  9.0911921e-002
 -3.9425211e-003
 -1.2886446e-002
 -1.0389670e-001
 -1.7708225e-001
 -1.0300296e-001
 -1.6688036e-002
 -8.6582598e-002
 -5.2173614e-002
  1.5908001e-002
  7.2683988e-002
 -2.1033526e-002
 -1.0921384e-001
  1.8172973e-002
 -1.9063010e-001
  1.2292560e-002
 -1.1596741e-001
  1.6142235e-002
  1.0000000e-004
  1.0000000e-004
  1.0000000e-004
  1.0000000e-004
  1.0000000e-004
  1.0000000e-004
  1.0000000e-004
  1.0000000e-004
  1.0000000e-004
  1.0000000e-004
  1.0000000e-004
  1.0000000e-004
  1.0000000e-004
  1.0000000e-004
 -2.4135172e-003
 -7.1165762e-002
 -5.9938890e-002
 -5.9012887e-002
 -6.4025356e-002
 -4.2514575e-002
 -3.0921284e-002
 -1.1339642e-002
 -1.1187845e-001
 -9.2446612e-002
  4.4838307e-002
  2.0842007e-003
 -7.5059324e-002
 -4.1872764e-002
 -1.6653965e-001
 -4.1465499e-002
 -5.8375368e-002
 -1.6411012e-002
  7.3996454e-002
  1.2383264e-002
 -9.2109314e-003
 -9.2255498e-002
 -1.6419569e-001
 -1.0405883e-001
 -1.1825613e-002
 -1.4053873e-002
 -1.0083046e-001
 -6.4711452e-002
  8.2654368e-002
  2.8245152e-002
 -1.5706797e-003
 -6.7870526e-002
 -1.0954301e-002
  2.0289527e-002
 -1.3081475e-001
 -7.9252588e-002
 -2.2720511e-002
 -2.4724951e-001
  3.9204173e-002
  1.5531961e-002
  1.2056345e-002
 -1.0438953e-001
 -1.2981043e-001
  2.7796989e-002
 -6.5837970e-002
 -1.9071410e-002
  1.0000000e-004
  1.0000000e-004
  1.0000000e-004
  1.0000000e-004
  1.0000000e-004
  1.0000000e-004
  1.0000000e-004
  1.0000000e-004
  1.0000000e-004
  1.0000000e-004
  1.0000000e-004
  1.0000000e-004
  1.0000000e-004
  1.0000000e-004
 -3.3481526e-002
 -4.0097753e-002
 -5.1932716e-002
 -4.3047211e-002
 -6.2284938e-002
 -6.1422863e-002
 -2.3667952e-002
  1.3465328e-002
 -4.6116124e-003
 -5.1732106e-002
 -1.0525225e-001
 -5.1268724e-002
 -5.5055756e-002
 -3.9887286e-002
 -5.6392922e-002
  1.9359700e-002
  8.8488816e-002
 -2.5165832e-002
 -9.0897903e-002
 -1.5367552e-001
 -4.3311686e-002
 -1.9847687e-002
 -7.5805937e-002
 -1.5703258e-001
  2.1092870e-002
 -5.7246231e-002
 -6.3887531e-002
 -2.2575884e-003
 -7.1093615e-002
 -1.1118340e-002
  9.9381452e-002
  1.6232748e-001
 -6.8898265e-002
 -1.6922832e-001
 -9.9418042e-002
 -1.0590046e-001
 -7.6468401e-002
  6.0002055e-002
 -1.8925154e-001
 -1.5511564e-001
 -9.0472050e-002
  1.1532018e-001
  9.0816222e-002
 -2.4972084e-001
 -1.3383316e-002
 -2.7905584e-002
  1.0000000e-004
  1.0000000e-004
  1.0000000e-004
  1.0000000e-004
  1.0000000e-004
  1.0000000e-004
  1.0000000e-004
  1.0000000e-004
  1.0000000e-004
  1.0000000e-004
  1.0000000e-004
  1.0000000e-004
  1.0000000e-004
  1.0000000e-004
 -3.3442489e-002
 -4.0136790e-002
 -5.5971162e-002
 -5.0930907e-002
 -4.9616064e-002
 -6.5876251e-002
 -4.9429988e-002
 -1.7777349e-002
 -1.3564899e-001
 -1.5699467e-002
  5.0277490e-004
 -8.4319854e-002
 -7.7700983e-002
  3.2740112e-003
  6.2994591e-002
 -5.4430419e-002
 -1.1647520e-001
  9.2953135e-003
  1.1927197e-002
 -1.2997563e-002
 -7.4617137e-002
 -5.9659866e-002
 -4.3959723e-002
 -6.9860334e-002
 -5.2907607e-002
 -1.1888930e-001
 -8.0229666e-002
  1.0758608e-001
  7.7359565e-003
 -6.9041512e-002
 -1.4687335e-001
 -1.8053180e-001
  2.5036680e-002
 -5.0448971e-002
 -4.3191732e-002
 -2.4378031e-002
 -5.4658715e-002
 -3.2565161e-002
  1.5565127e-002
  2.0805487e-002
 -1.6886206e-002
  6.4941117e-002
 -2.2399231e-001
  5.0537235e-004
 -1.0479667e-001
 -4.9212544e-002
  1.0000000e-004
  1.0000000e-004
  1.0000000e-004
  1.0000000e-004
  1.0000000e-004
  1.0000000e-004
  1.0000000e-004
  1.0000000e-004
  1.0000000e-004
  1.0000000e-004
  1.0000000e-004
  1.0000000e-004
  1.0000000e-004
  1.0000000e-004
 -3.3348316e-002
 -4.0230964e-002
 -6.1220268e-002
 -5.7374116e-002
 -4.0719423e-002
 -3.7729173e-002
 -3.1423660e-002
 -1.8949460e-002
 -8.2844679e-002
 -5.3138295e-002
 -1.2211786e-001
 -5.0538298e-002
 -3.2168943e-002
  2.8405555e-002
 -6.2418596e-002
 -8.0286650e-002
 -1.3420673e-001
 -4.6459761e-002
 -3.4933342e-002
  1.7627249e-002
  2.5266191e-002
 -3.9826168e-002
 -5.7295833e-002
 -2.8574768e-002
  4.4246730e-002
  7.2207868e-002
  3.0925107e-002
 -1.5283230e-001
 -2.2911907e-001
 -1.1409452e-001
 -5.2269800e-003
 -9.9661717e-002
  5.7019148e-002
 -6.2852226e-003
 -5.2975501e-002
 -5.3184600e-002
 -6.9282009e-002
  1.3826832e-003
 -1.2075948e-001
 -1.1144610e-002
 -1.3003015e-002
 -1.5754749e-001
 -1.2199395e-001
  1.2522146e-001
 -2.7158081e-002
 -4.9212544e-002
  1.0000000e-004
  1.0000000e-004
  1.0000000e-004
  1.0000000e-004
  1.0000000e-004
  1.0000000e-004
  1.0000000e-004
  1.0000000e-004
  1.0000000e-004
  1.0000000e-004
  1.0000000e-004
  1.0000000e-004
  1.0000000e-004
  1.0000000e-004
 -3.3631955e-002
 -3.9947324e-002
 -4.1359234e-002
 -4.7291538e-002
 -6.7177324e-002
 -3.4988824e-002
 -6.0163605e-002
 -8.1775511e-002
 -4.8324790e-002
 -1.1086503e-001
 -3.3201208e-002
  1.8409605e-002
 -5.4750699e-002
 -1.3421572e-001
 -8.1911688e-002
 -8.4830949e-002
  7.5614963e-002
 -2.8823311e-002
 -3.7283031e-002
 -2.8559030e-002
 -1.0242835e-002
 -2.8234113e-003
 -6.7098175e-003
 -4.5690923e-002
 -7.2807510e-002
 -1.1899525e-001
 -7.0320574e-002
 -3.6958573e-002
 -1.5467133e-002
  4.1289640e-002
  2.7689762e-002
 -1.0824962e-001
 -1.7946140e-001
 -1.1278683e-001
  1.1556289e-002
  2.1387518e-002
 -3.8115115e-002
 -1.2501423e-001
 -4.6236231e-003
 -1.1543577e-001
  2.9418230e-002
 -1.1901143e-001
  3.0301627e-002
 -7.2565780e-002
  4.4043442e-002
 -2.2314871e-002
  1.0000000e-004
  1.0000000e-004
  1.0000000e-004
  1.0000000e-004
  1.0000000e-004
  1.0000000e-004
  1.0000000e-004
  1.0000000e-004
  1.0000000e-004
  1.0000000e-004
  1.0000000e-004
  1.0000000e-004
  1.0000000e-004
  1.0000000e-004
 -3.7022363e-002
 -3.6556916e-002
 -5.6377105e-002
 -5.2110070e-002
 -4.5042405e-002
 -6.0983752e-002
 -2.8281081e-004
 -1.0489051e-001
 -7.0685817e-002
  4.7862671e-003
  1.2778770e-002
 -1.2042821e-001
 -7.0527136e-002
 -1.2228937e-001
 -2.4347795e-002
  7.1203433e-002
 -8.3631664e-002
 -9.4206115e-002
 -8.2118044e-002
 -3.5841500e-002
 -3.9748894e-003
 -8.0986632e-002
  4.3517468e-003
  4.1898238e-002
 -1.0460706e-001
 -1.1575098e-001
  1.6463603e-003
  8.2389183e-002
 -1.3009217e-002
 -1.0496189e-001
 -5.7860887e-002
 -1.1520233e-001
 -4.1964730e-002
  4.6247234e-002
 -3.8871766e-002
 -6.4496477e-002
  2.2020789e-003
  5.0141917e-003
 -5.5164720e-002
 -6.6047886e-002
 -1.7165335e-001
 -1.9175055e-001
  1.3918472e-001
 -4.1063849e-002
 -5.3007848e-002
 -2.0969987e-002
  1.0000000e-004
  1.0000000e-004
  1.0000000e-004
  1.0000000e-004
  1.0000000e-004
  1.0000000e-004
  1.0000000e-004
  1.0000000e-004
  1.0000000e-004
  1.0000000e-004
  1.0000000e-004
  1.0000000e-004
  1.0000000e-004
  1.0000000e-004
 -3.7022363e-002
 -3.8596450e-002
 -5.2787300e-002
 -6.1378722e-002
 -2.3306569e-002
 -4.7659951e-002
 -1.1695235e-001
 -1.0004860e-002
  1.2052978e-002
 -9.3151864e-003
 -1.0502183e-001
 -4.2350676e-002
  1.3114662e-002
  1.6075583e-003
 -6.4647542e-002
 -9.1606453e-002
 -3.8114577e-002
 -7.7659671e-003
  1.5937788e-002
 -7.1023016e-002
 -5.9316627e-002
 -9.3021520e-002
 -9.4444043e-002
 -2.0418730e-003
 -5.6106210e-002
  1.3268391e-003
 -2.7932837e-002
 -1.0522622e-001
 -1.3766819e-001
 -4.6301978e-002
  6.9369760e-002
 -6.3735454e-002
 -2.7936568e-002
 -7.2565074e-002
 -1.1289216e-001
 -6.6051415e-002
 -4.3528661e-002
 -4.2212779e-002
  1.1554091e-002
  3.9087546e-003
 -8.8860377e-002
  1.1272547e-001
 -3.6661142e-002
 -1.5160193e-001
 -1.0458471e-001
 -1.8338713e-002
  1.0000000e-004
  1.0000000e-004
  1.0000000e-004
  1.0000000e-004
  1.0000000e-004
  1.0000000e-004
  1.0000000e-004
  1.0000000e-004
  1.0000000e-004
  1.0000000e-004
  1.0000000e-004
  1.0000000e-004
  1.0000000e-004
  1.0000000e-004
 -3.9869871e-002
 -3.7284805e-002
 -3.9259428e-002
 -8.7555237e-002
 -8.3912598e-002
  2.2970971e-002
  1.8082258e-002
 -4.5775262e-002
 -5.2862258e-002
 -6.5147517e-002
 -1.8041644e-002
 -6.2857303e-002
 -1.4929825e-001
 -5.9140890e-002
 -7.3960865e-002
 -3.9711667e-002
  4.3931045e-002
  6.3070608e-002
  6.2569486e-002
 -5.4964179e-003
 -1.2638843e-001
 -1.9294269e-001
 -1.0309750e-001
 -8.9735533e-002
 -1.0065995e-001
  1.6715947e-002
  7.7307819e-002
  2.2363356e-003
 -7.7469046e-002
 -9.5615026e-002
 -5.7786907e-002
 -6.2984820e-002
  1.3963679e-002
 -8.1444217e-002
 -1.6529651e-001
 -1.0243360e-001
 -1.5040969e-002
  2.2806943e-002
 -1.8445890e-002
  1.4435073e-002
  4.9378387e-002
 -3.8707286e-002
 -1.4123387e-001
 -4.0789458e-002
 -5.4613631e-002
 -9.5935952e-003
  1.0000000e-004
  1.0000000e-004
  1.0000000e-004
  1.0000000e-004
  1.0000000e-004
  1.0000000e-004
  1.0000000e-004
  1.0000000e-004
  1.0000000e-004
  1.0000000e-004
  1.0000000e-004
  1.0000000e-004
  1.0000000e-004
  1.0000000e-004
 -4.8709945e-002
 -5.1043259e-002
 -4.1950132e-002
 -1.7254682e-002
 -7.2937997e-003
 -1.4809538e-001
 -8.1206052e-002
  7.0457544e-003
 -3.6831868e-002
 -2.0514429e-002
  1.1194999e-002
 -2.2989443e-002
  1.1833683e-002
 -3.5839806e-003
  4.6422589e-003
 -1.0750668e-001
 -1.2090998e-001
 -1.3555467e-001
 -5.2644227e-002
 -8.8544957e-003
 -1.3441725e-002
 -7.8929259e-002
 -7.7246796e-002
 -3.5029212e-002
 -5.2935729e-002
 -7.1425672e-002
 -4.8262768e-002
 -3.1062342e-002
 -2.3832711e-002
 -1.4815013e-001
 -3.4350129e-002
  1.1107279e-002
  3.4786232e-002
  5.1118881e-002
 -3.0838498e-002
 -6.1380805e-002
 -6.0031949e-002
 -1.7033441e-001
 -9.0200850e-002
 -8.2451376e-002
 -1.0997498e-002
  1.2660657e-002
 -1.3876052e-001
 -1.5494880e-002
  1.8319727e-002
 -9.5935952e-003
  1.0000000e-004
  1.0000000e-004
  1.0000000e-004
  1.0000000e-004
  1.0000000e-004
  1.0000000e-004
  1.0000000e-004
  1.0000000e-004
  1.0000000e-004
  1.0000000e-004
  1.0000000e-004
  1.0000000e-004
  1.0000000e-004
  1.0000000e-004
 -4.8709945e-002
 -6.3525734e-002
 -6.5515843e-002
 -4.6947295e-003
 -3.3647006e-002
 -2.0659372e-002
 -6.0781813e-002
 -7.5288718e-002
 -3.7275462e-002
 -2.7223993e-002
 -5.9235022e-002
 -4.3507394e-002
 -1.4373854e-002
  3.8601668e-002
  5.7476985e-003
 -5.0144707e-002
 -8.0232918e-002
 -1.2063817e-001
 -1.7106859e-001
 -1.2630801e-001
  1.2744666e-002
  3.1551321e-002
 -3.5400001e-002
 -9.6262393e-002
 -4.9376258e-003
 -5.0178628e-002
 -6.8589975e-002
 -5.8127903e-002
 -5.2824493e-002
  1.7682667e-002
 -7.5803935e-003
  1.1020728e-002
  3.8225212e-002
 -6.0860576e-002
 -1.4480136e-001
 -1.0919623e-001
 -2.2116573e-002
 -3.1500034e-002
 -9.1445481e-002
 -1.3030362e-001
 -1.0268659e-001
 -5.9570892e-002
  9.6600912e-002
 -6.2988386e-002
  2.5779770e-002
 -1.2736610e-002
  1.0000000e-004
  1.0000000e-004
  1.0000000e-004
  1.0000000e-004
  1.0000000e-004
  1.0000000e-004
  1.0000000e-004
  1.0000000e-004
  1.0000000e-004
  1.0000000e-004
  1.0000000e-004
  1.0000000e-004
  1.0000000e-004
  1.0000000e-004
 -4.8709945e-002
 -5.3323040e-002
 -1.2917762e-002
 -1.6942242e-002
 -1.0687394e-001
 -8.1310985e-002
  5.4673763e-002
 -7.0696755e-003
 -1.3277438e-001
 -1.4942429e-001
  6.9146288e-003
 -4.1423343e-002
 -1.0245035e-001
 -9.0048034e-002
  1.8289573e-002
 -1.0584512e-002
  1.9926855e-002
  3.4860352e-002
 -3.0140726e-002
 -9.0861870e-002
 -1.1718906e-001
 -2.3087830e-002
 -5.6592892e-003
 -2.1624039e-002
 -6.1625895e-002
 -7.4657669e-002
 -4.1150327e-002
 -6.1554157e-002
  2.2131221e-002
  8.7474046e-002
 -1.5041801e-003
  1.2273402e-002
 -7.3252720e-002
 -2.0229375e-001
 -1.3592596e-001
 -1.1437278e-001
 -1.0036331e-001
 -5.8334045e-002
 -4.4268786e-002
 -3.7009829e-002
 -5.1973251e-002
 -3.7380295e-002
  9.0462272e-002
 -3.3282146e-002
 -1.0876571e-001
  6.1396085e-003
  1.0000000e-004
  1.0000000e-004
  1.0000000e-004
  1.0000000e-004
  1.0000000e-004
  1.0000000e-004
  1.0000000e-004
  1.0000000e-004
  1.0000000e-004
  1.0000000e-004
  1.0000000e-004
  1.0000000e-004
  1.0000000e-004
  1.0000000e-004
 -4.7150503e-002
 -5.4686102e-002
 -2.5879616e-003
 -9.6513031e-002
 -3.4439378e-002
 -1.5086480e-002
 -5.5304412e-002
 -3.1601231e-002
 -2.1705661e-002
  1.0052437e-002
 -1.0905142e-001
 -5.9938876e-002
  1.1874364e-002
 -9.5363065e-002
 -1.0553110e-001
 -5.9912662e-002
 -1.9648533e-002
  3.1892330e-002
 -7.2543608e-002
 -3.7168697e-002
  2.7572609e-002
 -1.2719780e-002
 -3.2359229e-003
 -5.8340743e-002
 -1.2389050e-001
 -8.6285688e-002
 -1.3657075e-002
 -2.8335881e-002
  3.3381992e-003
 -4.9957010e-002
 -1.6362814e-001
 -1.5035672e-001
 -1.3428699e-001
 -4.2588524e-002
  7.1732463e-002
  4.4145227e-002
 -2.2564385e-002
 -5.0625849e-002
 -9.1309692e-002
 -8.5217514e-002
  1.3237518e-002
 -4.5242403e-002
 -6.4751839e-002
  9.0913712e-002
  1.2874563e-002
 -1.9939046e-001
  1.0000000e-004
  1.0000000e-004
  1.0000000e-004
  1.0000000e-004
  1.0000000e-004
  1.0000000e-004
  1.0000000e-004
  1.0000000e-004
  1.0000000e-004
  1.0000000e-004
  1.0000000e-004
  1.0000000e-004
  1.0000000e-004
  1.0000000e-004
 -4.5594512e-002
 -5.7894847e-002
 -7.7729010e-002
  2.8738157e-002
 -4.1000344e-002
 -9.7821151e-002
 -6.6415722e-002
  2.7340379e-002
  8.8837176e-003
 -3.3740431e-002
  1.6982043e-002
  1.3122411e-002
 -8.6354628e-002
 -1.2941089e-001
 -3.5362070e-002
 -9.3317698e-002
 -1.1399242e-001
 -1.1309109e-001
  2.5448496e-002
  4.9838623e-002
  2.8969490e-003
 -1.0728481e-001
 -1.1094682e-001
 -3.7762635e-002
  1.5929359e-002
  2.2857134e-002
  3.9636720e-004
 -5.0942235e-002
 -5.9149931e-002
 -1.9642994e-001
 -2.3048232e-001
 -1.4497109e-001
 -4.0606729e-002
  1.1223423e-001
  6.8671833e-003
 -1.1256827e-001
 -2.2429821e-002
  1.0240408e-002
  1.7883477e-003
  8.1943800e-003
 -2.5595968e-002
 -4.4607915e-002
 -1.3653584e-001
 -6.4097089e-002
  1.4151021e-001
 -1.4411659e-001
  1.0000000e-004
  1.0000000e-004
  1.0000000e-004
  1.0000000e-004
  1.0000000e-004
  1.0000000e-004
  1.0000000e-004
  1.0000000e-004
  1.0000000e-004
  1.0000000e-004
  1.0000000e-004
  1.0000000e-004
  1.0000000e-004
  1.0000000e-004
 -5.1181340e-002
  1.7377414e-002
 -5.8468218e-002
 -1.4006534e-001
 -2.1791238e-002
  2.5586014e-002
 -6.1294419e-002
 -3.8673202e-002
 -3.6297553e-003
  1.7760979e-002
 -9.5531123e-002
 -9.0972971e-002
  3.5765220e-002
  8.1063028e-003
 -7.5591501e-002
 -9.0471904e-002
 -7.8059990e-002
 -1.2233391e-001
 -6.1098784e-002
  3.7949686e-003
  2.7872427e-002
  3.4171440e-002
 -3.5661508e-004
 -9.6254403e-002
 -6.1845452e-002
 -4.1458237e-003
 -6.7853752e-002
 -4.5999952e-002
 -8.9840155e-002
 -1.2661350e-001
 -5.4846163e-002
 -5.4206073e-002
 -8.2673785e-002
 -4.4763941e-002
 -4.2146490e-002
 -2.7589907e-002
 -7.4252043e-002
 -8.1685320e-002
  2.5350823e-002
  5.4082390e-002
 -1.2815573e-002
 -4.2397775e-002
 -6.1675427e-002
 -1.0971594e-001
 -2.8952533e-001
  1.8351472e-001
  1.0000000e-004
  1.0000000e-004
  1.0000000e-004
  1.0000000e-004
  1.0000000e-004
  1.0000000e-004
  1.0000000e-004
  1.0000000e-004
  1.0000000e-004
  1.0000000e-004
  1.0000000e-004
  1.0000000e-004
  1.0000000e-004
  1.0000000e-004
 -4.3485803e-002
 -7.6126769e-002
  1.9450405e-003
  4.3688605e-002
 -1.0603487e-002
  1.9961690e-002
 -1.9215169e-002
 -9.1557892e-002
 -1.3783350e-001
 -1.0053262e-001
  2.2897685e-002
 -2.0399898e-002
 -1.1458931e-001
 -3.0804465e-002
 -6.4099407e-003
  1.8750874e-002
  5.7090573e-002
  2.9293063e-002
 -8.7273633e-002
 -1.8211205e-001
 -1.1362789e-001
 -5.6114718e-002
 -2.1671228e-002
 -4.8135013e-002
 -4.2111923e-002
  1.1198930e-002
 -9.4828960e-002
 -1.3265372e-001
 -1.3540201e-001
 -5.5107364e-002
 -2.3780322e-002
 -1.4138564e-002
  3.5619212e-002
 -4.5346445e-002
 -1.2245877e-001
 -6.3294707e-002
 -5.3437122e-002
  4.9809859e-002
 -4.7357901e-002
 -2.6671810e-002
 -2.2681412e-002
 -4.3160893e-002
 -4.9170031e-002
 -2.0377539e-002
 -1.5034410e-001
 -1.4422946e-002
  1.0000000e-004
  1.0000000e-004
  1.0000000e-004
  1.0000000e-004
  1.0000000e-004
  1.0000000e-004
  1.0000000e-004
  1.0000000e-004
  1.0000000e-004
  1.0000000e-004
  1.0000000e-004
  1.0000000e-004
  1.0000000e-004
  1.0000000e-004
  4.8529574e-003
 -1.0855927e-002
 -6.6133941e-002
 -6.5840048e-002
  7.2419337e-004
 -3.2842318e-002
 -5.5422547e-002
 -3.0620632e-002
 -2.9007640e-002
 -5.2482823e-002
 -5.0134797e-002
 -3.6588486e-002
 -3.3853816e-002
 -4.2859631e-002
 -5.4167832e-002
  1.9828421e-002
 -1.0716039e-002
 -7.1728021e-003
 -5.1569036e-002
 -1.4157966e-001
 -1.8748568e-001
 -1.3255159e-001
 -7.7873228e-002
 -1.8594927e-002
 -6.0057991e-002
 -4.2002495e-002
 -3.6978837e-002
 -8.3299810e-003
 -4.1359551e-002
 -3.3273648e-002
 -1.9378618e-002
  1.6210478e-002
 -8.0795276e-002
  5.1453342e-003
  1.4127971e-002
 -4.0001057e-003
 -9.5300495e-002
 -7.9147050e-002
 -6.4657829e-002
 -4.1012393e-002
 -1.2957371e-001
 -5.7820814e-002
 -2.3596309e-002
 -4.8046256e-003
 -6.5752081e-003
 -7.0855417e-002
  1.0000000e-004
  1.0000000e-004
  1.0000000e-004
  1.0000000e-004
  1.0000000e-004
  1.0000000e-004
  1.0000000e-004
  1.0000000e-004
  1.0000000e-004
  1.0000000e-004
  1.0000000e-004
  1.0000000e-004
  1.0000000e-004
 -1.7127099e-002
  1.8636698e-002
  5.0541832e-002
 -2.2451025e-002
 -7.1146433e-003
 -9.6960822e-002
 -6.9604308e-002
 -1.8757605e-002
 -7.4464595e-002
 -1.5150734e-001
 -1.4669585e-001
 -9.0353284e-002
 -5.9016882e-002
  6.4946045e-002
  4.2192535e-002
  3.1816289e-002
 -9.1766067e-002
 -1.1573077e-001
 -7.6360103e-002
 -1.5436355e-002
  4.0922429e-002
 -2.0587730e-002
 -2.6375055e-002
 -7.6100450e-002
 -8.8086475e-002
 -1.0225880e-001
 -1.1446991e-001
 -1.0078562e-001
  7.0817024e-002
  3.1654160e-002
 -1.4665447e-002
 -8.4855081e-002
 -4.2882778e-002
  2.7011750e-002
  7.7826283e-002
 -1.1253887e-001
 -6.8391798e-002
 -9.2459629e-002
 -1.4971976e-001
 -6.9426119e-002
 -1.4929768e-002
  4.0679598e-002
 -3.3148953e-003
 -1.1142492e-001
 -1.0497639e-001
 -1.1786988e-001
  4.5537076e-002
  1.0000000e-004
  1.0000000e-004
  1.0000000e-004
  1.0000000e-004
  1.0000000e-004
  1.0000000e-004
  1.0000000e-004
  1.0000000e-004
  1.0000000e-004
  1.0000000e-004
  1.0000000e-004
  1.0000000e-004
  1.0000000e-004
  1.0000000e-004
  1.0000000e-004
  1.0000000e-004
  1.0000000e-004
  1.0000000e-004
  1.0000000e-004
  1.0000000e-004
  1.0000000e-004
  1.0000000e-004
  1.0000000e-004
  1.0000000e-004
  1.0000000e-004
  1.0000000e-004
  1.0000000e-004
  1.0000000e-004
  1.0000000e-004
  1.0000000e-004
  1.0000000e-004
  1.0000000e-004
  1.0000000e-004
  1.0000000e-004
  1.0000000e-004
  1.0000000e-004
  1.0000000e-004
  1.0000000e-004
  1.0000000e-004
  1.0000000e-004
  1.0000000e-004
  1.0000000e-004
  1.0000000e-004
  1.0000000e-004
  1.0000000e-004
  1.0000000e-004
  1.0000000e-004
  1.0000000e-004
  1.0000000e-004
  1.0000000e-004
  1.0000000e-004
  1.0000000e-004
  1.0000000e-004
  1.0000000e-004
  1.0000000e-004
  1.0000000e-004
  1.0000000e-004
  1.0000000e-004
  1.0000000e-004
  1.0000000e-004
  1.0000000e-004
  1.0000000e-004
  1.0000000e-004
  1.0000000e-004
  1.0000000e-004
  1.0000000e-004
  1.0000000e-004
  1.0000000e-004
  1.0000000e-004
  1.0000000e-004
  1.0000000e-004
  1.0000000e-004
  1.0000000e-004
  1.0000000e-004
  1.0000000e-004
  1.0000000e-004
  1.0000000e-004
  1.0000000e-004
  1.0000000e-004
  1.0000000e-004
  1.0000000e-004
  1.0000000e-004
  1.0000000e-004
  1.0000000e-004
  1.0000000e-004
  1.0000000e-004
  1.0000000e-004
  1.0000000e-004
  1.0000000e-004
  1.0000000e-004
  1.0000000e-004
  1.0000000e-004
  1.0000000e-004
  1.0000000e-004
  1.0000000e-004
  1.0000000e-004
  1.0000000e-004
  1.0000000e-004
  1.0000000e-004
  1.0000000e-004
  1.0000000e-004
  1.0000000e-004
  1.0000000e-004
  1.0000000e-004
  1.0000000e-004
  1.0000000e-004
  1.0000000e-004
  1.0000000e-004
  1.0000000e-004
  1.0000000e-004
  1.0000000e-004
  1.0000000e-004
  1.0000000e-004
  1.0000000e-004
  1.0000000e-004
  1.0000000e-004
  1.0000000e-004
  1.0000000e-004
  1.0000000e-004
  1.0000000e-004
  1.0000000e-004
  1.0000000e-004
  1.0000000e-004
  1.0000000e-004
  1.0000000e-004
  1.0000000e-004
  1.0000000e-004
  1.0000000e-004
  1.0000000e-004
  1.0000000e-004
  1.0000000e-004
  1.0000000e-004
  1.0000000e-004
  1.0000000e-004
  1.0000000e-004
  1.0000000e-004
  1.0000000e-004
  1.0000000e-004
  1.0000000e-004
  1.0000000e-004
  1.0000000e-004
  1.0000000e-004
  1.0000000e-004
  1.0000000e-004
  1.0000000e-004
  1.0000000e-004
  1.0000000e-004
  1.0000000e-004
  1.0000000e-004
  1.0000000e-004
  1.0000000e-004
  1.0000000e-004
  1.0000000e-004
  1.0000000e-004
  1.0000000e-004
  1.0000000e-004
  1.0000000e-004
  1.0000000e-004
  1.0000000e-004
  1.0000000e-004
  1.0000000e-004
  1.0000000e-004
  1.0000000e-004
  1.0000000e-004
  1.0000000e-004
  1.0000000e-004
  1.0000000e-004
  1.0000000e-004
  1.0000000e-004
  1.0000000e-004
  1.0000000e-004
  1.0000000e-004
  1.0000000e-004
  1.0000000e-004
  1.0000000e-004
  1.0000000e-004
  1.0000000e-004
  1.0000000e-004
  1.0000000e-004
  1.0000000e-004
  1.0000000e-004
  1.0000000e-004
  1.0000000e-004
  1.0000000e-004
  1.0000000e-004
  1.0000000e-004
  1.0000000e-004
  1.0000000e-004
  1.0000000e-004
  1.0000000e-004
  1.0000000e-004
  1.0000000e-004
  1.0000000e-004
  1.0000000e-004
  1.0000000e-004
  1.0000000e-004
  1.0000000e-004
  1.0000000e-004
  1.0000000e-004
  1.0000000e-004
  1.0000000e-004
  1.0000000e-004
  1.0000000e-004
  1.0000000e-004
  1.0000000e-004
  1.0000000e-004
  1.0000000e-004
  1.0000000e-004
  1.0000000e-004
  1.0000000e-004
  1.0000000e-004
  1.0000000e-004
  1.0000000e-004
  1.0000000e-004
  1.0000000e-004
  1.0000000e-004
  1.0000000e-004
  1.0000000e-004
  1.0000000e-004
  1.0000000e-004
  1.0000000e-004
  1.0000000e-004
  1.0000000e-004
  1.0000000e-004
  1.0000000e-004
  1.0000000e-004
  1.0000000e-004
  1.0000000e-004
  1.0000000e-004
  1.0000000e-004
  1.0000000e-004
  1.0000000e-004
  1.0000000e-004
  1.0000000e-004
  1.0000000e-004
  1.0000000e-004
  1.0000000e-004
  1.0000000e-004
  1.0000000e-004
  1.0000000e-004
  1.0000000e-004
  1.0000000e-004
  1.0000000e-004
  1.0000000e-004
  1.0000000e-004
  1.0000000e-004
  1.0000000e-004
  1.0000000e-004
  1.0000000e-004
  1.0000000e-004
