-4.25000000e+01 -4.25000000e+01 -4.25000000e+01
-4.25000000e+01 -2.25000000e+01 -4.25000000e+01
-4.25000000e+01 -1.25000000e+01 -4.25000000e+01
-4.25000000e+01 -2.50000000e+00 -4.25000000e+01
-4.25000000e+01 7.50000000e+00 -4.25000000e+01
-4.25000000e+01 1.75000000e+01 -4.25000000e+01
-4.25000000e+01 3.75000000e+01 -4.25000000e+01
-2.25000000e+01 -4.25000000e+01 -4.25000000e+01
-2.25000000e+01 -2.25000000e+01 -4.25000000e+01
-2.25000000e+01 -1.25000000e+01 -4.25000000e+01
-2.25000000e+01 -2.50000000e+00 -4.25000000e+01
-2.25000000e+01 7.50000000e+00 -4.25000000e+01
-2.25000000e+01 1.75000000e+01 -4.25000000e+01
-2.25000000e+01 3.75000000e+01 -4.25000000e+01
-1.25000000e+01 -4.25000000e+01 -4.25000000e+01
-1.25000000e+01 -2.25000000e+01 -4.25000000e+01
-1.25000000e+01 -1.25000000e+01 -4.25000000e+01
-1.25000000e+01 -2.50000000e+00 -4.25000000e+01
-1.25000000e+01 7.50000000e+00 -4.25000000e+01
-1.25000000e+01 1.75000000e+01 -4.25000000e+01
-1.25000000e+01 3.75000000e+01 -4.25000000e+01
-2.50000000e+00 -4.25000000e+01 -4.25000000e+01
-2.50000000e+00 -2.25000000e+01 -4.25000000e+01
-2.50000000e+00 -1.25000000e+01 -4.25000000e+01
-2.50000000e+00 -2.50000000e+00 -4.25000000e+01
-2.50000000e+00 7.50000000e+00 -4.25000000e+01
-2.50000000e+00 1.75000000e+01 -4.25000000e+01
-2.50000000e+00 3.75000000e+01 -4.25000000e+01
7.50000000e+00 -4.25000000e+01 -4.25000000e+01
7.50000000e+00 -2.25000000e+01 -4.25000000e+01
7.50000000e+00 -1.25000000e+01 -4.25000000e+01
7.50000000e+00 -2.50000000e+00 -4.25000000e+01
7.50000000e+00 7.50000000e+00 -4.25000000e+01
7.50000000e+00 1.75000000e+01 -4.25000000e+01
7.50000000e+00 3.75000000e+01 -4.25000000e+01
1.75000000e+01 -4.25000000e+01 -4.25000000e+01
1.75000000e+01 -2.25000000e+01 -4.25000000e+01
1.75000000e+01 -1.25000000e+01 -4.25000000e+01
1.75000000e+01 -2.50000000e+00 -4.25000000e+01
1.75000000e+01 7.50000000e+00 -4.25000000e+01
1.75000000e+01 1.75000000e+01 -4.25000000e+01
1.75000000e+01 3.75000000e+01 -4.25000000e+01
3.75000000e+01 -4.25000000e+01 -4.25000000e+01
3.75000000e+01 -2.25000000e+01 -4.25000000e+01
3.75000000e+01 -1.25000000e+01 -4.25000000e+01
3.75000000e+01 -2.50000000e+00 -4.25000000e+01
3.75000000e+01 7.50000000e+00 -4.25000000e+01
3.75000000e+01 1.75000000e+01 -4.25000000e+01
3.75000000e+01 3.75000000e+01 -4.25000000e+01
-4.25000000e+01 -4.25000000e+01 -2.25000000e+01
-4.25000000e+01 -2.25000000e+01 -2.25000000e+01
-4.25000000e+01 -1.25000000e+01 -2.25000000e+01
-4.25000000e+01 -2.50000000e+00 -2.25000000e+01
-4.25000000e+01 7.50000000e+00 -2.25000000e+01
-4.25000000e+01 1.75000000e+01 -2.25000000e+01
-4.25000000e+01 3.75000000e+01 -2.25000000e+01
-2.25000000e+01 -4.25000000e+01 -2.25000000e+01
-2.25000000e+01 -2.25000000e+01 -2.25000000e+01
-2.25000000e+01 -1.25000000e+01 -2.25000000e+01
-2.25000000e+01 -2.50000000e+00 -2.25000000e+01
-2.25000000e+01 7.50000000e+00 -2.25000000e+01
-2.25000000e+01 1.75000000e+01 -2.25000000e+01
-2.25000000e+01 3.75000000e+01 -2.25000000e+01
-1.25000000e+01 -4.25000000e+01 -2.25000000e+01
-1.25000000e+01 -2.25000000e+01 -2.25000000e+01
-1.25000000e+01 -1.25000000e+01 -2.25000000e+01
-1.25000000e+01 -2.50000000e+00 -2.25000000e+01
-1.25000000e+01 7.50000000e+00 -2.25000000e+01
-1.25000000e+01 1.75000000e+01 -2.25000000e+01
-1.25000000e+01 3.75000000e+01 -2.25000000e+01
-2.50000000e+00 -4.25000000e+01 -2.25000000e+01
-2.50000000e+00 -2.25000000e+01 -2.25000000e+01
-2.50000000e+00 -1.25000000e+01 -2.25000000e+01
-2.50000000e+00 -2.50000000e+00 -2.25000000e+01
-2.50000000e+00 7.50000000e+00 -2.25000000e+01
-2.50000000e+00 1.75000000e+01 -2.25000000e+01
-2.50000000e+00 3.75000000e+01 -2.25000000e+01
7.50000000e+00 -4.25000000e+01 -2.25000000e+01
7.50000000e+00 -2.25000000e+01 -2.25000000e+01
7.50000000e+00 -1.25000000e+01 -2.25000000e+01
7.50000000e+00 -2.50000000e+00 -2.25000000e+01
7.50000000e+00 7.50000000e+00 -2.25000000e+01
7.50000000e+00 1.75000000e+01 -2.25000000e+01
7.50000000e+00 3.75000000e+01 -2.25000000e+01
1.75000000e+01 -4.25000000e+01 -2.25000000e+01
1.75000000e+01 -2.25000000e+01 -2.25000000e+01
1.75000000e+01 -1.25000000e+01 -2.25000000e+01
1.75000000e+01 -2.50000000e+00 -2.25000000e+01
1.75000000e+01 7.50000000e+00 -2.25000000e+01
1.75000000e+01 1.75000000e+01 -2.25000000e+01
1.75000000e+01 3.75000000e+01 -2.25000000e+01
3.75000000e+01 -4.25000000e+01 -2.25000000e+01
3.75000000e+01 -2.25000000e+01 -2.25000000e+01
3.75000000e+01 -1.25000000e+01 -2.25000000e+01
3.75000000e+01 -2.50000000e+00 -2.25000000e+01
3.75000000e+01 7.50000000e+00 -2.25000000e+01
3.75000000e+01 1.75000000e+01 -2.25000000e+01
3.75000000e+01 3.75000000e+01 -2.25000000e+01
-4.25000000e+01 -4.25000000e+01 -1.25000000e+01
-4.25000000e+01 -2.25000000e+01 -1.25000000e+01
-4.25000000e+01 -1.25000000e+01 -1.25000000e+01
-4.25000000e+01 -2.50000000e+00 -1.25000000e+01
-4.25000000e+01 7.50000000e+00 -1.25000000e+01
-4.25000000e+01 1.75000000e+01 -1.25000000e+01
-4.25000000e+01 3.75000000e+01 -1.25000000e+01
-2.25000000e+01 -4.25000000e+01 -1.25000000e+01
-2.25000000e+01 -2.25000000e+01 -1.25000000e+01
-2.25000000e+01 -1.25000000e+01 -1.25000000e+01
-2.25000000e+01 -2.50000000e+00 -1.25000000e+01
-2.25000000e+01 7.50000000e+00 -1.25000000e+01
-2.25000000e+01 1.75000000e+01 -1.25000000e+01
-2.25000000e+01 3.75000000e+01 -1.25000000e+01
-1.25000000e+01 -4.25000000e+01 -1.25000000e+01
-1.25000000e+01 -2.25000000e+01 -1.25000000e+01
-1.25000000e+01 -1.25000000e+01 -1.25000000e+01
-1.25000000e+01 -2.50000000e+00 -1.25000000e+01
-1.25000000e+01 7.50000000e+00 -1.25000000e+01
-1.25000000e+01 1.75000000e+01 -1.25000000e+01
-1.25000000e+01 3.75000000e+01 -1.25000000e+01
-2.50000000e+00 -4.25000000e+01 -1.25000000e+01
-2.50000000e+00 -2.25000000e+01 -1.25000000e+01
-2.50000000e+00 -1.25000000e+01 -1.25000000e+01
-2.50000000e+00 -2.50000000e+00 -1.25000000e+01
-2.50000000e+00 7.50000000e+00 -1.25000000e+01
-2.50000000e+00 1.75000000e+01 -1.25000000e+01
-2.50000000e+00 3.75000000e+01 -1.25000000e+01
7.50000000e+00 -4.25000000e+01 -1.25000000e+01
7.50000000e+00 -2.25000000e+01 -1.25000000e+01
7.50000000e+00 -1.25000000e+01 -1.25000000e+01
7.50000000e+00 -2.50000000e+00 -1.25000000e+01
7.50000000e+00 7.50000000e+00 -1.25000000e+01
7.50000000e+00 1.75000000e+01 -1.25000000e+01
7.50000000e+00 3.75000000e+01 -1.25000000e+01
1.75000000e+01 -4.25000000e+01 -1.25000000e+01
1.75000000e+01 -2.25000000e+01 -1.25000000e+01
1.75000000e+01 -1.25000000e+01 -1.25000000e+01
1.75000000e+01 -2.50000000e+00 -1.25000000e+01
1.75000000e+01 7.50000000e+00 -1.25000000e+01
1.75000000e+01 1.75000000e+01 -1.25000000e+01
1.75000000e+01 3.75000000e+01 -1.25000000e+01
3.75000000e+01 -4.25000000e+01 -1.25000000e+01
3.75000000e+01 -2.25000000e+01 -1.25000000e+01
3.75000000e+01 -1.25000000e+01 -1.25000000e+01
3.75000000e+01 -2.50000000e+00 -1.25000000e+01
3.75000000e+01 7.50000000e+00 -1.25000000e+01
3.75000000e+01 1.75000000e+01 -1.25000000e+01
3.75000000e+01 3.75000000e+01 -1.25000000e+01
-4.25000000e+01 -4.25000000e+01 -2.50000000e+00
-4.25000000e+01 -2.25000000e+01 -2.50000000e+00
-4.25000000e+01 -1.25000000e+01 -2.50000000e+00
-4.25000000e+01 -2.50000000e+00 -2.50000000e+00
-4.25000000e+01 7.50000000e+00 -2.50000000e+00
-4.25000000e+01 1.75000000e+01 -2.50000000e+00
-4.25000000e+01 3.75000000e+01 -2.50000000e+00
-2.25000000e+01 -4.25000000e+01 -2.50000000e+00
-2.25000000e+01 -2.25000000e+01 -2.50000000e+00
-2.25000000e+01 -1.25000000e+01 -2.50000000e+00
-2.25000000e+01 -2.50000000e+00 -2.50000000e+00
-2.25000000e+01 7.50000000e+00 -2.50000000e+00
-2.25000000e+01 1.75000000e+01 -2.50000000e+00
-2.25000000e+01 3.75000000e+01 -2.50000000e+00
-1.25000000e+01 -4.25000000e+01 -2.50000000e+00
-1.25000000e+01 -2.25000000e+01 -2.50000000e+00
-1.25000000e+01 -1.25000000e+01 -2.50000000e+00
-1.25000000e+01 -2.50000000e+00 -2.50000000e+00
-1.25000000e+01 7.50000000e+00 -2.50000000e+00
-1.25000000e+01 1.75000000e+01 -2.50000000e+00
-1.25000000e+01 3.75000000e+01 -2.50000000e+00
-2.50000000e+00 -4.25000000e+01 -2.50000000e+00
-2.50000000e+00 -2.25000000e+01 -2.50000000e+00
-2.50000000e+00 -1.25000000e+01 -2.50000000e+00
-2.50000000e+00 -2.50000000e+00 -2.50000000e+00
-2.50000000e+00 7.50000000e+00 -2.50000000e+00
-2.50000000e+00 1.75000000e+01 -2.50000000e+00
-2.50000000e+00 3.75000000e+01 -2.50000000e+00
7.50000000e+00 -4.25000000e+01 -2.50000000e+00
7.50000000e+00 -2.25000000e+01 -2.50000000e+00
7.50000000e+00 -1.25000000e+01 -2.50000000e+00
7.50000000e+00 -2.50000000e+00 -2.50000000e+00
7.50000000e+00 7.50000000e+00 -2.50000000e+00
7.50000000e+00 1.75000000e+01 -2.50000000e+00
7.50000000e+00 3.75000000e+01 -2.50000000e+00
1.75000000e+01 -4.25000000e+01 -2.50000000e+00
1.75000000e+01 -2.25000000e+01 -2.50000000e+00
1.75000000e+01 -1.25000000e+01 -2.50000000e+00
1.75000000e+01 -2.50000000e+00 -2.50000000e+00
1.75000000e+01 7.50000000e+00 -2.50000000e+00
1.75000000e+01 1.75000000e+01 -2.50000000e+00
1.75000000e+01 3.75000000e+01 -2.50000000e+00
3.75000000e+01 -4.25000000e+01 -2.50000000e+00
3.75000000e+01 -2.25000000e+01 -2.50000000e+00
3.75000000e+01 -1.25000000e+01 -2.50000000e+00
3.75000000e+01 -2.50000000e+00 -2.50000000e+00
3.75000000e+01 7.50000000e+00 -2.50000000e+00
3.75000000e+01 1.75000000e+01 -2.50000000e+00
3.75000000e+01 3.75000000e+01 -2.50000000e+00
-4.25000000e+01 -4.25000000e+01 7.50000000e+00
-4.25000000e+01 -2.25000000e+01 7.50000000e+00
-4.25000000e+01 -1.25000000e+01 7.50000000e+00
-4.25000000e+01 -2.50000000e+00 7.50000000e+00
-4.25000000e+01 7.50000000e+00 7.50000000e+00
-4.25000000e+01 1.75000000e+01 7.50000000e+00
-4.25000000e+01 3.75000000e+01 7.50000000e+00
-2.25000000e+01 -4.25000000e+01 7.50000000e+00
-2.25000000e+01 -2.25000000e+01 7.50000000e+00
-2.25000000e+01 -1.25000000e+01 7.50000000e+00
-2.25000000e+01 -2.50000000e+00 7.50000000e+00
-2.25000000e+01 7.50000000e+00 7.50000000e+00
-2.25000000e+01 1.75000000e+01 7.50000000e+00
-2.25000000e+01 3.75000000e+01 7.50000000e+00
-1.25000000e+01 -4.25000000e+01 7.50000000e+00
-1.25000000e+01 -2.25000000e+01 7.50000000e+00
-1.25000000e+01 -1.25000000e+01 7.50000000e+00
-1.25000000e+01 -2.50000000e+00 7.50000000e+00
-1.25000000e+01 7.50000000e+00 7.50000000e+00
-1.25000000e+01 1.75000000e+01 7.50000000e+00
-1.25000000e+01 3.75000000e+01 7.50000000e+00
-2.50000000e+00 -4.25000000e+01 7.50000000e+00
-2.50000000e+00 -2.25000000e+01 7.50000000e+00
-2.50000000e+00 -1.25000000e+01 7.50000000e+00
-2.50000000e+00 -2.50000000e+00 7.50000000e+00
-2.50000000e+00 7.50000000e+00 7.50000000e+00
-2.50000000e+00 1.75000000e+01 7.50000000e+00
-2.50000000e+00 3.75000000e+01 7.50000000e+00
7.50000000e+00 -4.25000000e+01 7.50000000e+00
7.50000000e+00 -2.25000000e+01 7.50000000e+00
7.50000000e+00 -1.25000000e+01 7.50000000e+00
7.50000000e+00 -2.50000000e+00 7.50000000e+00
7.50000000e+00 7.50000000e+00 7.50000000e+00
7.50000000e+00 1.75000000e+01 7.50000000e+00
7.50000000e+00 3.75000000e+01 7.50000000e+00
1.75000000e+01 -4.25000000e+01 7.50000000e+00
1.75000000e+01 -2.25000000e+01 7.50000000e+00
1.75000000e+01 -1.25000000e+01 7.50000000e+00
1.75000000e+01 -2.50000000e+00 7.50000000e+00
1.75000000e+01 7.50000000e+00 7.50000000e+00
1.75000000e+01 1.75000000e+01 7.50000000e+00
1.75000000e+01 3.75000000e+01 7.50000000e+00
3.75000000e+01 -4.25000000e+01 7.50000000e+00
3.75000000e+01 -2.25000000e+01 7.50000000e+00
3.75000000e+01 -1.25000000e+01 7.50000000e+00
3.75000000e+01 -2.50000000e+00 7.50000000e+00
3.75000000e+01 7.50000000e+00 7.50000000e+00
3.75000000e+01 1.75000000e+01 7.50000000e+00
3.75000000e+01 3.75000000e+01 7.50000000e+00
-4.25000000e+01 -4.25000000e+01 1.75000000e+01
-4.25000000e+01 -2.25000000e+01 1.75000000e+01
-4.25000000e+01 -1.25000000e+01 1.75000000e+01
-4.25000000e+01 -2.50000000e+00 1.75000000e+01
-4.25000000e+01 7.50000000e+00 1.75000000e+01
-4.25000000e+01 1.75000000e+01 1.75000000e+01
-4.25000000e+01 3.75000000e+01 1.75000000e+01
-2.25000000e+01 -4.25000000e+01 1.75000000e+01
-2.25000000e+01 -2.25000000e+01 1.75000000e+01
-2.25000000e+01 -1.25000000e+01 1.75000000e+01
-2.25000000e+01 -2.50000000e+00 1.75000000e+01
-2.25000000e+01 7.50000000e+00 1.75000000e+01
-2.25000000e+01 1.75000000e+01 1.75000000e+01
-2.25000000e+01 3.75000000e+01 1.75000000e+01
-1.25000000e+01 -4.25000000e+01 1.75000000e+01
-1.25000000e+01 -2.25000000e+01 1.75000000e+01
-1.25000000e+01 -1.25000000e+01 1.75000000e+01
-1.25000000e+01 -2.50000000e+00 1.75000000e+01
-1.25000000e+01 7.50000000e+00 1.75000000e+01
-1.25000000e+01 1.75000000e+01 1.75000000e+01
-1.25000000e+01 3.75000000e+01 1.75000000e+01
-2.50000000e+00 -4.25000000e+01 1.75000000e+01
-2.50000000e+00 -2.25000000e+01 1.75000000e+01
-2.50000000e+00 -1.25000000e+01 1.75000000e+01
-2.50000000e+00 -2.50000000e+00 1.75000000e+01
-2.50000000e+00 7.50000000e+00 1.75000000e+01
-2.50000000e+00 1.75000000e+01 1.75000000e+01
-2.50000000e+00 3.75000000e+01 1.75000000e+01
7.50000000e+00 -4.25000000e+01 1.75000000e+01
7.50000000e+00 -2.25000000e+01 1.75000000e+01
7.50000000e+00 -1.25000000e+01 1.75000000e+01
7.50000000e+00 -2.50000000e+00 1.75000000e+01
7.50000000e+00 7.50000000e+00 1.75000000e+01
7.50000000e+00 1.75000000e+01 1.75000000e+01
7.50000000e+00 3.75000000e+01 1.75000000e+01
1.75000000e+01 -4.25000000e+01 1.75000000e+01
1.75000000e+01 -2.25000000e+01 1.75000000e+01
1.75000000e+01 -1.25000000e+01 1.75000000e+01
1.75000000e+01 -2.50000000e+00 1.75000000e+01
1.75000000e+01 7.50000000e+00 1.75000000e+01
1.75000000e+01 1.75000000e+01 1.75000000e+01
1.75000000e+01 3.75000000e+01 1.75000000e+01
3.75000000e+01 -4.25000000e+01 1.75000000e+01
3.75000000e+01 -2.25000000e+01 1.75000000e+01
3.75000000e+01 -1.25000000e+01 1.75000000e+01
3.75000000e+01 -2.50000000e+00 1.75000000e+01
3.75000000e+01 7.50000000e+00 1.75000000e+01
3.75000000e+01 1.75000000e+01 1.75000000e+01
3.75000000e+01 3.75000000e+01 1.75000000e+01
-4.25000000e+01 -4.25000000e+01 3.75000000e+01
-4.25000000e+01 -2.25000000e+01 3.75000000e+01
-4.25000000e+01 -1.25000000e+01 3.75000000e+01
-4.25000000e+01 -2.50000000e+00 3.75000000e+01
-4.25000000e+01 7.50000000e+00 3.75000000e+01
-4.25000000e+01 1.75000000e+01 3.75000000e+01
-4.25000000e+01 3.75000000e+01 3.75000000e+01
-2.25000000e+01 -4.25000000e+01 3.75000000e+01
-2.25000000e+01 -2.25000000e+01 3.75000000e+01
-2.25000000e+01 -1.25000000e+01 3.75000000e+01
-2.25000000e+01 -2.50000000e+00 3.75000000e+01
-2.25000000e+01 7.50000000e+00 3.75000000e+01
-2.25000000e+01 1.75000000e+01 3.75000000e+01
-2.25000000e+01 3.75000000e+01 3.75000000e+01
-1.25000000e+01 -4.25000000e+01 3.75000000e+01
-1.25000000e+01 -2.25000000e+01 3.75000000e+01
-1.25000000e+01 -1.25000000e+01 3.75000000e+01
-1.25000000e+01 -2.50000000e+00 3.75000000e+01
-1.25000000e+01 7.50000000e+00 3.75000000e+01
-1.25000000e+01 1.75000000e+01 3.75000000e+01
-1.25000000e+01 3.75000000e+01 3.75000000e+01
-2.50000000e+00 -4.25000000e+01 3.75000000e+01
-2.50000000e+00 -2.25000000e+01 3.75000000e+01
-2.50000000e+00 -1.25000000e+01 3.75000000e+01
-2.50000000e+00 -2.50000000e+00 3.75000000e+01
-2.50000000e+00 7.50000000e+00 3.75000000e+01
-2.50000000e+00 1.75000000e+01 3.75000000e+01
-2.50000000e+00 3.75000000e+01 3.75000000e+01
7.50000000e+00 -4.25000000e+01 3.75000000e+01
7.50000000e+00 -2.25000000e+01 3.75000000e+01
7.50000000e+00 -1.25000000e+01 3.75000000e+01
7.50000000e+00 -2.50000000e+00 3.75000000e+01
7.50000000e+00 7.50000000e+00 3.75000000e+01
7.50000000e+00 1.75000000e+01 3.75000000e+01
7.50000000e+00 3.75000000e+01 3.75000000e+01
1.75000000e+01 -4.25000000e+01 3.75000000e+01
1.75000000e+01 -2.25000000e+01 3.75000000e+01
1.75000000e+01 -1.25000000e+01 3.75000000e+01
1.75000000e+01 -2.50000000e+00 3.75000000e+01
1.75000000e+01 7.50000000e+00 3.75000000e+01
1.75000000e+01 1.75000000e+01 3.75000000e+01
1.75000000e+01 3.75000000e+01 3.75000000e+01
3.75000000e+01 -4.25000000e+01 3.75000000e+01
3.75000000e+01 -2.25000000e+01 3.75000000e+01
3.75000000e+01 -1.25000000e+01 3.75000000e+01
3.75000000e+01 -2.50000000e+00 3.75000000e+01
3.75000000e+01 7.50000000e+00 3.75000000e+01
3.75000000e+01 1.75000000e+01 3.75000000e+01
3.75000000e+01 3.75000000e+01 3.75000000e+01
