 1.0E-20
 3.503917E-01
 3.272038E-01
 3.058638E-01
 2.863550E-01
 2.685694E-01
 2.523623E-01
 2.375802E-01
 2.240750E-01
 2.067855E-01
 1.840864E-01
 1.0E-20
 4.109582E-01
 3.772211E-01
 3.475777E-01
 3.214837E-01
 2.984241E-01
 2.779480E-01
 2.596734E-01
 2.432820E-01
 2.227091E-01
 1.962688E-01
 1.0E-20
 4.387273E-01
 3.998100E-01
 3.662137E-01
 3.370534E-01
 3.115764E-01
 2.891654E-01
 2.693208E-01
 2.516396E-01
 2.296084E-01
 2.015151E-01
 1.0E-20
 4.592136E-01
 4.165866E-01
 3.801328E-01
 3.487360E-01
 3.214811E-01
 2.976366E-01
 2.766213E-01
 2.579731E-01
 2.348430E-01
 2.054970E-01
 1.0E-20
 4.765537E-01
 4.310197E-01
 3.922582E-01
 3.590109E-01
 3.302562E-01
 3.051832E-01
 2.831519E-01
 2.636560E-01
 2.395531E-01
 2.090878E-01
 1.0E-20
 4.905025E-01
 4.429119E-01
 4.024317E-01
 3.677508E-01
 3.377980E-01
 3.117199E-01
 2.888415E-01
 2.686284E-01
 2.436914E-01
 2.122536E-01
 1.0E-20
 5.012128E-01
 4.523093E-01
 4.106479E-01
 3.749263E-01
 3.440671E-01
 3.172044E-01
 2.936487E-01
 2.728514E-01
 2.472235E-01
 2.149674E-01
 1.0E-20
 5.090871E-01
 4.594281E-01
 4.170164E-01
 3.805861E-01
 3.490777E-01
 3.216316E-01
 2.975581E-01
 2.763047E-01
 2.501273E-01
 2.172090E-01
 1.0E-20
 5.146080E-01
 4.645601E-01
 4.217080E-01
 3.848254E-01
 3.528784E-01
 3.250218E-01
 3.005732E-01
 2.789823E-01
 2.523904E-01
 2.189640E-01
 1.0E-20
 5.182163E-01
 4.679922E-01
 4.249031E-01
 3.877535E-01
 3.555319E-01
 3.274081E-01
 3.027085E-01
 2.808872E-01
 2.540075E-01
 2.202230E-01
 1.0E-20
 5.202457E-01
 4.699544E-01
 4.267538E-01
 3.894668E-01
 3.570967E-01
 3.288238E-01
 3.039808E-01
 2.820260E-01
 2.549775E-01
 2.209804E-01
 1.0E-20
 5.208995E-01
 4.705920E-01
 4.273592E-01
 3.900303E-01
 3.576135E-01
 3.292928E-01
 3.044034E-01
 2.824049E-01
 2.553007E-01
 2.212332E-01
 1.0E-20
 5.202457E-01
 4.699544E-01
 4.267538E-01
 3.894668E-01
 3.570967E-01
 3.288238E-01
 3.039808E-01
 2.820260E-01
 2.549775E-01
 2.209804E-01
 1.0E-20
 5.182163E-01
 4.679922E-01
 4.249031E-01
 3.877535E-01
 3.555319E-01
 3.274081E-01
 3.027085E-01
 2.808872E-01
 2.540075E-01
 2.202230E-01
 1.0E-20
 5.146080E-01
 4.645601E-01
 4.217080E-01
 3.848254E-01
 3.528784E-01
 3.250218E-01
 3.005732E-01
 2.789823E-01
 2.523904E-01
 2.189640E-01
 1.0E-20
 5.090871E-01
 4.594281E-01
 4.170164E-01
 3.805861E-01
 3.490777E-01
 3.216316E-01
 2.975581E-01
 2.763047E-01
 2.501273E-01
 2.172090E-01
 1.0E-20
 5.012128E-01
 4.523093E-01
 4.106479E-01
 3.749263E-01
 3.440671E-01
 3.172044E-01
 2.936487E-01
 2.728514E-01
 2.472235E-01
 2.149674E-01
 1.0E-20
 4.905025E-01
 4.429119E-01
 4.024317E-01
 3.677508E-01
 3.377980E-01
 3.117199E-01
 2.888415E-01
 2.686284E-01
 2.436914E-01
 2.122536E-01
 1.0E-20
 4.765537E-01
 4.310197E-01
 3.922582E-01
 3.590109E-01
 3.302562E-01
 3.051832E-01
 2.831519E-01
 2.636560E-01
 2.395531E-01
 2.090878E-01
 1.0E-20
 4.592136E-01
 4.165866E-01
 3.801328E-01
 3.487360E-01
 3.214811E-01
 2.976366E-01
 2.766213E-01
 2.579731E-01
 2.348430E-01
 2.054970E-01
 1.0E-20
 4.387273E-01
 3.998100E-01
 3.662137E-01
 3.370534E-01
 3.115764E-01
 2.891654E-01
 2.693208E-01
 2.516396E-01
 2.296084E-01
 2.015151E-01
 1.0E-20
 4.109582E-01
 3.772211E-01
 3.475777E-01
 3.214837E-01
 2.984241E-01
 2.779480E-01
 2.596734E-01
 2.432820E-01
 2.227091E-01
 1.962688E-01
 1.0E-20
 3.503917E-01
 3.272038E-01
 3.058638E-01
 2.863550E-01
 2.685694E-01
 2.523623E-01
 2.375802E-01
 2.240750E-01
 2.067855E-01
 1.840864E-01
 1.0E-20
 4.097633E-01
 3.763043E-01
 3.468620E-01
 3.209155E-01
 2.979659E-01
 2.775730E-01
 2.593624E-01
 2.430208E-01
 2.225013E-01
 1.961173E-01
 1.0E-20
 4.956093E-01
 4.438900E-01
 4.011415E-01
 3.652699E-01
 3.347540E-01
 3.084774E-01
 2.856096E-01
 2.655232E-01
 2.408629E-01
 2.098971E-01
 1.0E-20
 5.358327E-01
 4.748164E-01
 4.255899E-01
 3.850325E-01
 3.510190E-01
 3.220623E-01
 2.970949E-01
 2.753324E-01
 2.488316E-01
 2.158406E-01
 1.0E-20
 5.651404E-01
 4.975656E-01
 4.437167E-01
 3.997788E-01
 3.632169E-01
 3.322899E-01
 3.057668E-01
 2.827543E-01
 2.548722E-01
 2.203508E-01
 6.834106E-01
 5.892551E-01
 5.167581E-01
 4.592911E-01
 4.126209E-01
 3.739470E-01
 3.413545E-01
 3.134955E-01
 2.893960E-01
 2.602988E-01
 2.244152E-01
 7.061038E-01
 6.078677E-01
 5.321357E-01
 4.721081E-01
 4.233971E-01
 3.830805E-01
 3.491520E-01
 3.201957E-01
 2.951870E-01
 2.650560E-01
 2.279950E-01
 1.0E-20
 6.214693E-01
 5.438870E-01
 4.822231E-01
 4.321030E-01
 3.905870E-01
 3.556418E-01
 3.258243E-01
 3.000849E-01
 2.691059E-01
 2.310599E-01
 7.318853E-01
 6.309657E-01
 5.524794E-01
 4.898736E-01
 4.388534E-01
 3.965146E-01
 3.608360E-01
 3.303739E-01
 3.040729E-01
 2.724262E-01
 2.335883E-01
 1.0E-20
 6.373103E-01
 5.584695E-01
 4.953793E-01
 4.438273E-01
 4.009592E-01
 3.647812E-01
 3.338626E-01
 3.071522E-01
 2.750072E-01
 2.355654E-01
 1.0E-20
 6.412933E-01
 5.623635E-01
 4.990549E-01
 4.472149E-01
 4.040318E-01
 3.675387E-01
 3.363210E-01
 3.093353E-01
 2.768475E-01
 2.369822E-01
 7.442543E-01
 6.434700E-01
 5.645446E-01
 5.011533E-01
 4.491770E-01
 4.058307E-01
 3.691663E-01
 3.377806E-01
 3.106371E-01
 2.779495E-01
 2.378339E-01
 7.448950E-01
 6.441609E-01
 5.652458E-01
 5.018346E-01
 4.498189E-01
 4.064226E-01
 3.697041E-01
 3.382644E-01
 3.110696E-01
 2.783164E-01
 2.381180E-01
 7.442543E-01
 6.434700E-01
 5.645446E-01
 5.011533E-01
 4.491770E-01
 4.058307E-01
 3.691663E-01
 3.377806E-01
 3.106371E-01
 2.779495E-01
 2.378339E-01
 7.422037E-01
 6.412933E-01
 5.623635E-01
 4.990549E-01
 4.472149E-01
 4.040318E-01
 3.675387E-01
 3.363210E-01
 3.093353E-01
 2.768475E-01
 2.369822E-01
 7.383333E-01
 6.373103E-01
 5.584695E-01
 4.953793E-01
 4.438273E-01
 4.009592E-01
 3.647812E-01
 3.338626E-01
 3.071522E-01
 2.750072E-01
 2.355654E-01
 1.0E-20
 6.309657E-01
 5.524794E-01
 4.898736E-01
 4.388534E-01
 3.965146E-01
 3.608360E-01
 3.303739E-01
 3.040729E-01
 2.724262E-01
 2.335883E-01
 7.216768E-01
 6.214693E-01
 5.438870E-01
 4.822231E-01
 4.321030E-01
 3.905870E-01
 3.556418E-01
 3.258243E-01
 3.000849E-01
 2.691059E-01
 2.310599E-01
 7.061038E-01
 6.078677E-01
 5.321357E-01
 4.721081E-01
 4.233971E-01
 3.830805E-01
 3.491520E-01
 3.201957E-01
 2.951870E-01
 2.650560E-01
 2.279950E-01
 6.834106E-01
 5.892551E-01
 5.167581E-01
 4.592911E-01
 4.126209E-01
 3.739470E-01
 3.413545E-01
 3.134955E-01
 2.893960E-01
 2.602988E-01
 2.244152E-01
 6.523949E-01
 5.651404E-01
 4.975656E-01
 4.437167E-01
 3.997788E-01
 3.632169E-01
 3.322899E-01
 3.057668E-01
 2.827543E-01
 2.548722E-01
 2.203508E-01
 1.0E-20
 5.358327E-01
 4.748164E-01
 4.255899E-01
 3.850325E-01
 3.510190E-01
 3.220623E-01
 2.970949E-01
 2.753324E-01
 2.488316E-01
 2.158406E-01
 1.0E-20
 4.956093E-01
 4.438900E-01
 4.011415E-01
 3.652699E-01
 3.347540E-01
 3.084774E-01
 2.856096E-01
 2.655232E-01
 2.408629E-01
 2.098971E-01
 4.476745E-01
 4.097633E-01
 3.763043E-01
 3.468620E-01
 3.209155E-01
 2.979659E-01
 2.775730E-01
 2.593624E-01
 2.430208E-01
 2.225013E-01
 1.961173E-01
 1.0E-20
 4.366741E-01
 3.982687E-01
 3.650308E-01
 3.361268E-01
 3.108371E-01
 2.885654E-01
 2.688266E-01
 2.512271E-01
 2.292822E-01
 2.012790E-01
 1.0E-20
 5.347304E-01
 4.740588E-01
 4.250461E-01
 3.846277E-01
 3.507086E-01
 3.218182E-01
 2.968987E-01
 2.751719E-01
 2.487074E-01
 2.157528E-01
 6.760993E-01
 5.810779E-01
 5.089118E-01
 4.521561E-01
 4.062752E-01
 3.683562E-01
 3.364464E-01
 3.091895E-01
 2.856150E-01
 2.571417E-01
 2.219988E-01
 7.222555E-01
 6.146846E-01
 5.344526E-01
 4.721973E-01
 4.223916E-01
 3.815681E-01
 3.474450E-01
 3.184606E-01
 2.935109E-01
 2.635325E-01
 2.267379E-01
 7.582720E-01
 6.420211E-01
 5.558336E-01
 4.893232E-01
 4.363722E-01
 3.931573E-01
 3.571726E-01
 3.267107E-01
 3.005689E-01
 2.692695E-01
 2.310071E-01
 7.839204E-01
 6.627665E-01
 5.727749E-01
 5.033101E-01
 4.480412E-01
 4.029844E-01
 3.655176E-01
 3.338487E-01
 3.067139E-01
 2.742942E-01
 2.347656E-01
 1.0E-20
 6.776227E-01
 5.855491E-01
 5.142482E-01
 4.574088E-01
 4.110249E-01
 3.724408E-01
 3.398312E-01
 3.119027E-01
 2.785672E-01
 2.379819E-01
 8.117897E-01
 6.877783E-01
 5.947581E-01
 5.224416E-01
 4.646235E-01
 4.173441E-01
 3.779631E-01
 3.446552E-01
 3.161200E-01
 2.820665E-01
 2.406336E-01
 1.0E-20
 6.944312E-01
 6.010921E-01
 5.282834E-01
 4.699052E-01
 4.220608E-01
 3.821440E-01
 3.483457E-01
 3.193711E-01
 2.847838E-01
 2.427061E-01
 1.0E-20
 6.985397E-01
 6.051632E-01
 5.321526E-01
 4.734825E-01
 4.253087E-01
 3.850582E-01
 3.509411E-01
 3.216725E-01
 2.867194E-01
 2.441906E-01
 8.243489E-01
 7.007588E-01
 6.074247E-01
 5.343487E-01
 4.755461E-01
 4.272049E-01
 3.867747E-01
 3.524799E-01
 3.230436E-01
 2.878778E-01
 2.450827E-01
 8.249771E-01
 7.014588E-01
 6.081486E-01
 5.350596E-01
 4.762197E-01
 4.278278E-01
 3.873412E-01
 3.529895E-01
 3.234988E-01
 2.882633E-01
 2.453802E-01
 8.243489E-01
 7.007588E-01
 6.074247E-01
 5.343487E-01
 4.755461E-01
 4.272049E-01
 3.867747E-01
 3.524799E-01
 3.230436E-01
 2.878778E-01
 2.450827E-01
 8.223207E-01
 6.985397E-01
 6.051632E-01
 5.321526E-01
 4.734825E-01
 4.253087E-01
 3.850582E-01
 3.509411E-01
 3.216725E-01
 2.867194E-01
 2.441906E-01
 8.184287E-01
 6.944312E-01
 6.010921E-01
 5.282834E-01
 4.699052E-01
 4.220608E-01
 3.821440E-01
 3.483457E-01
 3.193711E-01
 2.847838E-01
 2.427061E-01
 1.0E-20
 6.877783E-01
 5.947581E-01
 5.224416E-01
 4.646235E-01
 4.173441E-01
 3.779631E-01
 3.446552E-01
 3.161200E-01
 2.820665E-01
 2.406336E-01
 8.009687E-01
 6.776227E-01
 5.855491E-01
 5.142482E-01
 4.574088E-01
 4.110249E-01
 3.724408E-01
 3.398312E-01
 3.119027E-01
 2.785672E-01
 2.379819E-01
 7.839204E-01
 6.627665E-01
 5.727749E-01
 5.033101E-01
 4.480412E-01
 4.029844E-01
 3.655176E-01
 3.338487E-01
 3.067139E-01
 2.742942E-01
 2.347656E-01
 7.582720E-01
 6.420211E-01
 5.558336E-01
 4.893232E-01
 4.363722E-01
 3.931573E-01
 3.571726E-01
 3.267107E-01
 3.005689E-01
 2.692695E-01
 2.310071E-01
 7.222555E-01
 6.146846E-01
 5.344526E-01
 4.721973E-01
 4.223916E-01
 3.815681E-01
 3.474450E-01
 3.184606E-01
 2.935109E-01
 2.635325E-01
 2.267379E-01
 6.760993E-01
 5.810779E-01
 5.089118E-01
 4.521561E-01
 4.062752E-01
 3.683562E-01
 3.364464E-01
 3.091895E-01
 2.856150E-01
 2.571417E-01
 2.219988E-01
 1.0E-20
 5.347304E-01
 4.740588E-01
 4.250461E-01
 3.846277E-01
 3.507086E-01
 3.218182E-01
 2.968987E-01
 2.751719E-01
 2.487074E-01
 2.157528E-01
 1.0E-20
 4.366741E-01
 3.982687E-01
 3.650308E-01
 3.361268E-01
 3.108371E-01
 2.885654E-01
 2.688266E-01
 2.512271E-01
 2.292822E-01
 2.012790E-01
 1.0E-20
 4.563945E-01
 4.144909E-01
 3.785369E-01
 3.474934E-01
 3.204943E-01
 2.968390E-01
 2.759663E-01
 2.574279E-01
 2.344130E-01
 2.051870E-01
 1.0E-20
 5.629792E-01
 4.960946E-01
 4.426681E-01
 3.990026E-01
 3.626240E-01
 3.318251E-01
 3.053942E-01
 2.824500E-01
 2.546371E-01
 2.201851E-01
 7.204276E-01
 6.135561E-01
 5.337048E-01
 4.716741E-01
 4.220095E-01
 3.812791E-01
 3.472201E-01
 3.182814E-01
 2.933652E-01
 2.634204E-01
 2.266592E-01
 7.713833E-01
 6.501219E-01
 5.612009E-01
 4.930765E-01
 4.391122E-01
 3.952287E-01
 3.587845E-01
 3.279954E-01
 3.016136E-01
 2.700733E-01
 2.315707E-01
 8.107757E-01
 6.796779E-01
 5.841159E-01
 5.113057E-01
 4.539123E-01
 4.074426E-01
 3.689986E-01
 3.366308E-01
 3.089810E-01
 2.760425E-01
 2.359942E-01
 8.384378E-01
 7.019018E-01
 6.021575E-01
 5.261266E-01
 4.662249E-01
 4.177746E-01
 3.777451E-01
 3.440921E-01
 3.153890E-01
 2.812671E-01
 2.398872E-01
 8.565185E-01
 7.176405E-01
 6.156576E-01
 5.376545E-01
 4.760709E-01
 4.262043E-01
 3.849864E-01
 3.503360E-01
 3.207936E-01
 2.857068E-01
 2.432173E-01
 8.677969E-01
 7.282729E-01
 6.253105E-01
 5.462399E-01
 4.836227E-01
 4.328096E-01
 3.907499E-01
 3.553627E-01
 3.251813E-01
 2.893399E-01
 2.459618E-01
 8.746056E-01
 7.351603E-01
 6.318977E-01
 5.523270E-01
 4.891292E-01
 4.377256E-01
 3.951043E-01
 3.592024E-01
 3.285599E-01
 2.921589E-01
 2.481060E-01
 8.785439E-01
 7.393732E-01
 6.361028E-01
 5.563393E-01
 4.928459E-01
 4.411024E-01
 3.981340E-01
 3.618993E-01
 3.309494E-01
 2.941657E-01
 2.496414E-01
 8.805765E-01
 7.416328E-01
 6.384272E-01
 5.586086E-01
 4.949844E-01
 4.430702E-01
 3.999161E-01
 3.634967E-01
 3.323719E-01
 2.953662E-01
 2.505638E-01
 8.812029E-01
 7.423431E-01
 6.391692E-01
 5.593417E-01
 4.956815E-01
 4.437160E-01
 4.005039E-01
 3.640255E-01
 3.328440E-01
 2.957656E-01
 2.508714E-01
 8.805765E-01
 7.416328E-01
 6.384272E-01
 5.586086E-01
 4.949844E-01
 4.430702E-01
 3.999161E-01
 3.634967E-01
 3.323719E-01
 2.953662E-01
 2.505638E-01
 8.785439E-01
 7.393732E-01
 6.361028E-01
 5.563393E-01
 4.928459E-01
 4.411024E-01
 3.981340E-01
 3.618993E-01
 3.309494E-01
 2.941657E-01
 2.496414E-01
 8.746056E-01
 7.351603E-01
 6.318977E-01
 5.523270E-01
 4.891292E-01
 4.377256E-01
 3.951043E-01
 3.592024E-01
 3.285599E-01
 2.921589E-01
 2.481060E-01
 1.0E-20
 7.282729E-01
 6.253105E-01
 5.462399E-01
 4.836227E-01
 4.328096E-01
 3.907499E-01
 3.553627E-01
 3.251813E-01
 2.893399E-01
 2.459618E-01
 8.565185E-01
 7.176405E-01
 6.156576E-01
 5.376545E-01
 4.760709E-01
 4.262043E-01
 3.849864E-01
 3.503360E-01
 3.207936E-01
 2.857068E-01
 2.432173E-01
 8.384378E-01
 7.019018E-01
 6.021575E-01
 5.261266E-01
 4.662249E-01
 4.177746E-01
 3.777451E-01
 3.440921E-01
 3.153890E-01
 2.812671E-01
 2.398872E-01
 8.107757E-01
 6.796779E-01
 5.841159E-01
 5.113057E-01
 4.539123E-01
 4.074426E-01
 3.689986E-01
 3.366308E-01
 3.089810E-01
 2.760425E-01
 2.359942E-01
 7.713833E-01
 6.501219E-01
 5.612009E-01
 4.930765E-01
 4.391122E-01
 3.952287E-01
 3.587845E-01
 3.279954E-01
 3.016136E-01
 2.700733E-01
 2.315707E-01
 7.204276E-01
 6.135561E-01
 5.337048E-01
 4.716741E-01
 4.220095E-01
 3.812791E-01
 3.472201E-01
 3.182814E-01
 2.933652E-01
 2.634204E-01
 2.266592E-01
 1.0E-20
 5.629792E-01
 4.960946E-01
 4.426681E-01
 3.990026E-01
 3.626240E-01
 3.318251E-01
 3.053942E-01
 2.824500E-01
 2.546371E-01
 2.201851E-01
 1.0E-20
 4.563945E-01
 4.144909E-01
 3.785369E-01
 3.474934E-01
 3.204943E-01
 2.968390E-01
 2.759663E-01
 2.574279E-01
 2.344130E-01
 2.051870E-01
 5.254092E-01
 4.730043E-01
 4.283867E-01
 3.902567E-01
 3.574550E-01
 3.290222E-01
 3.041868E-01
 2.823345E-01
 2.629760E-01
 2.390174E-01
 2.087021E-01
 6.784645E-01
 5.860632E-01
 5.145807E-01
 4.577369E-01
 4.114696E-01
 3.730671E-01
 3.406642E-01
 3.129420E-01
 2.889439E-01
 2.599493E-01
 2.241689E-01
 7.546502E-01
 6.397626E-01
 5.543283E-01
 4.882661E-01
 4.355982E-01
 3.925708E-01
 3.567156E-01
 3.263460E-01
 3.002721E-01
 2.690409E-01
 2.308466E-01
 8.089057E-01
 6.785126E-01
 5.833401E-01
 5.107617E-01
 4.535145E-01
 4.071415E-01
 3.687640E-01
 3.364436E-01
 3.088287E-01
 2.759252E-01
 2.359119E-01
 8.506784E-01
 7.097309E-01
 6.074546E-01
 5.298819E-01
 4.689928E-01
 4.198823E-01
 3.793944E-01
 3.454125E-01
 3.164665E-01
 2.820994E-01
 2.404729E-01
 8.798383E-01
 7.330957E-01
 6.263723E-01
 5.453837E-01
 4.818416E-01
 4.306417E-01
 3.884854E-01
 3.531542E-01
 3.231045E-01
 2.875005E-01
 2.444857E-01
 8.987563E-01
 7.495480E-01
 6.404661E-01
 5.574010E-01
 4.920902E-01
 4.394030E-01
 3.960008E-01
 3.596253E-01
 3.286983E-01
 2.920874E-01
 2.479173E-01
 9.104592E-01
 7.605925E-01
 6.504956E-01
 5.663186E-01
 4.999293E-01
 4.462539E-01
 4.019729E-01
 3.648287E-01
 3.332353E-01
 2.958385E-01
 2.507444E-01
 9.174656E-01
 7.677019E-01
 6.573074E-01
 5.726189E-01
 5.056300E-01
 4.513425E-01
 4.064781E-01
 3.687988E-01
 3.367260E-01
 2.987475E-01
 2.529524E-01
 9.214885E-01
 7.720264E-01
 6.616378E-01
 5.767588E-01
 5.094689E-01
 4.548318E-01
 4.096086E-01
 3.715846E-01
 3.391929E-01
 3.008174E-01
 2.545332E-01
 9.235533E-01
 7.743363E-01
 6.640240E-01
 5.790947E-01
 5.116739E-01
 4.568625E-01
 4.114483E-01
 3.732335E-01
 3.406606E-01
 3.020551E-01
 2.554826E-01
 9.241878E-01
 7.750607E-01
 6.647845E-01
 5.798485E-01
 5.123921E-01
 4.575285E-01
 4.120548E-01
 3.737791E-01
 3.411477E-01
 3.024668E-01
 2.557993E-01
 9.235533E-01
 7.743363E-01
 6.640240E-01
 5.790947E-01
 5.116739E-01
 4.568625E-01
 4.114483E-01
 3.732335E-01
 3.406606E-01
 3.020551E-01
 2.554826E-01
 9.214885E-01
 7.720264E-01
 6.616378E-01
 5.767588E-01
 5.094689E-01
 4.548318E-01
 4.096086E-01
 3.715846E-01
 3.391929E-01
 3.008174E-01
 2.545332E-01
 9.174656E-01
 7.677019E-01
 6.573074E-01
 5.726189E-01
 5.056300E-01
 4.513425E-01
 4.064781E-01
 3.687988E-01
 3.367260E-01
 2.987475E-01
 2.529524E-01
 9.104592E-01
 7.605925E-01
 6.504956E-01
 5.663186E-01
 4.999293E-01
 4.462539E-01
 4.019729E-01
 3.648287E-01
 3.332353E-01
 2.958385E-01
 2.507444E-01
 8.987563E-01
 7.495480E-01
 6.404661E-01
 5.574010E-01
 4.920902E-01
 4.394030E-01
 3.960008E-01
 3.596253E-01
 3.286983E-01
 2.920874E-01
 2.479173E-01
 8.798383E-01
 7.330957E-01
 6.263723E-01
 5.453837E-01
 4.818416E-01
 4.306417E-01
 3.884854E-01
 3.531542E-01
 3.231045E-01
 2.875005E-01
 2.444857E-01
 8.506784E-01
 7.097309E-01
 6.074546E-01
 5.298819E-01
 4.689928E-01
 4.198823E-01
 3.793944E-01
 3.454125E-01
 3.164665E-01
 2.820994E-01
 2.404729E-01
 8.089057E-01
 6.785126E-01
 5.833401E-01
 5.107617E-01
 4.535145E-01
 4.071415E-01
 3.687640E-01
 3.364436E-01
 3.088287E-01
 2.759252E-01
 2.359119E-01
 7.546502E-01
 6.397626E-01
 5.543283E-01
 4.882661E-01
 4.355982E-01
 3.925708E-01
 3.567156E-01
 3.263460E-01
 3.002721E-01
 2.690409E-01
 2.308466E-01
 6.784645E-01
 5.860632E-01
 5.145807E-01
 4.577369E-01
 4.114696E-01
 3.730671E-01
 3.406642E-01
 3.129420E-01
 2.889439E-01
 2.599493E-01
 2.241689E-01
 5.254092E-01
 4.730043E-01
 4.283867E-01
 3.902567E-01
 3.574550E-01
 3.290222E-01
 3.041868E-01
 2.823345E-01
 2.629760E-01
 2.390174E-01
 2.087021E-01
 1.0E-20
 4.863151E-01
 4.397934E-01
 4.000542E-01
 3.658986E-01
 3.363264E-01
 3.105300E-01
 2.878643E-01
 2.678149E-01
 2.430499E-01
 2.117915E-01
 6.998765E-01
 6.037865E-01
 5.293216E-01
 4.700840E-01
 4.218889E-01
 3.819227E-01
 3.482406E-01
 3.194629E-01
 2.945869E-01
 2.645911E-01
 2.276666E-01
 7.788381E-01
 6.595236E-01
 5.705798E-01
 5.017518E-01
 4.468911E-01
 4.021078E-01
 3.648310E-01
 3.332988E-01
 3.062650E-01
 2.739473E-01
 2.345214E-01
 8.350158E-01
 6.997044E-01
 6.006657E-01
 5.250660E-01
 4.654415E-01
 4.171771E-01
 3.772769E-01
 3.437169E-01
 3.150825E-01
 2.810302E-01
 2.397203E-01
 8.782487E-01
 7.320438E-01
 6.256450E-01
 5.448605E-01
 4.814520E-01
 4.303427E-01
 3.882501E-01
 3.529649E-01
 3.229494E-01
 2.873803E-01
 2.444008E-01
 9.084160E-01
 7.562192E-01
 6.452141E-01
 5.608874E-01
 4.947264E-01
 4.414493E-01
 3.976260E-01
 3.609417E-01
 3.297825E-01
 2.929328E-01
 2.485178E-01
 9.279714E-01
 7.732161E-01
 6.597687E-01
 5.732922E-01
 5.052997E-01
 4.504826E-01
 4.053692E-01
 3.676041E-01
 3.355369E-01
 2.976461E-01
 2.520374E-01
 9.400499E-01
 7.846040E-01
 6.701061E-01
 5.824812E-01
 5.133751E-01
 4.575374E-01
 4.115162E-01
 3.729568E-01
 3.402013E-01
 3.014988E-01
 2.549363E-01
 9.472656E-01
 7.919182E-01
 6.771128E-01
 5.889619E-01
 5.192390E-01
 4.627710E-01
 4.161487E-01
 3.770377E-01
 3.437877E-01
 3.044853E-01
 2.571999E-01
 9.513988E-01
 7.963574E-01
 6.815584E-01
 5.932133E-01
 5.231825E-01
 4.663560E-01
 4.193650E-01
 3.798993E-01
 3.463209E-01
 3.066094E-01
 2.588201E-01
 9.535157E-01
 7.987243E-01
 6.840045E-01
 5.956094E-01
 5.254454E-01
 4.684407E-01
 4.212540E-01
 3.815922E-01
 3.478276E-01
 3.078793E-01
 2.597930E-01
 9.541655E-01
 7.994659E-01
 6.847834E-01
 5.963820E-01
 5.261820E-01
 4.691242E-01
 4.218765E-01
 3.821522E-01
 3.483274E-01
 3.083016E-01
 2.601174E-01
 9.535157E-01
 7.987243E-01
 6.840045E-01
 5.956094E-01
 5.254454E-01
 4.684407E-01
 4.212540E-01
 3.815922E-01
 3.478276E-01
 3.078793E-01
 2.597930E-01
 9.513988E-01
 7.963574E-01
 6.815584E-01
 5.932133E-01
 5.231825E-01
 4.663560E-01
 4.193650E-01
 3.798993E-01
 3.463209E-01
 3.066094E-01
 2.588201E-01
 9.472656E-01
 7.919182E-01
 6.771128E-01
 5.889619E-01
 5.192390E-01
 4.627710E-01
 4.161487E-01
 3.770377E-01
 3.437877E-01
 3.044853E-01
 2.571999E-01
 9.400499E-01
 7.846040E-01
 6.701061E-01
 5.824812E-01
 5.133751E-01
 4.575374E-01
 4.115162E-01
 3.729568E-01
 3.402013E-01
 3.014988E-01
 2.549363E-01
 9.279714E-01
 7.732161E-01
 6.597687E-01
 5.732922E-01
 5.052997E-01
 4.504826E-01
 4.053692E-01
 3.676041E-01
 3.355369E-01
 2.976461E-01
 2.520374E-01
 9.084160E-01
 7.562192E-01
 6.452141E-01
 5.608874E-01
 4.947264E-01
 4.414493E-01
 3.976260E-01
 3.609417E-01
 3.297825E-01
 2.929328E-01
 2.485178E-01
 8.782487E-01
 7.320438E-01
 6.256450E-01
 5.448605E-01
 4.814520E-01
 4.303427E-01
 3.882501E-01
 3.529649E-01
 3.229494E-01
 2.873803E-01
 2.444008E-01
 8.350158E-01
 6.997044E-01
 6.006657E-01
 5.250660E-01
 4.654415E-01
 4.171771E-01
 3.772769E-01
 3.437169E-01
 3.150825E-01
 2.810302E-01
 2.397203E-01
 7.788381E-01
 6.595236E-01
 5.705798E-01
 5.017518E-01
 4.468911E-01
 4.021078E-01
 3.648310E-01
 3.332988E-01
 3.062650E-01
 2.739473E-01
 2.345214E-01
 6.998765E-01
 6.037865E-01
 5.293216E-01
 4.700840E-01
 4.218889E-01
 3.819227E-01
 3.482406E-01
 3.194629E-01
 2.945869E-01
 2.645911E-01
 2.276666E-01
 5.409439E-01
 4.863151E-01
 4.397934E-01
 4.000542E-01
 3.658986E-01
 3.363264E-01
 3.105300E-01
 2.878643E-01
 2.678149E-01
 2.430499E-01
 2.117915E-01
 1.0E-20
 4.965066E-01
 4.487771E-01
 4.079382E-01
 3.728047E-01
 3.423746E-01
 3.158314E-01
 2.925181E-01
 2.719082E-01
 2.464781E-01
 2.144293E-01
 1.0E-20
 6.166911E-01
 5.405415E-01
 4.797882E-01
 4.302719E-01
 3.891710E-01
 3.545207E-01
 3.249186E-01
 2.993406E-01
 2.685269E-01
 2.306493E-01
 1.0E-20
 6.736105E-01
 5.827777E-01
 5.122507E-01
 4.559172E-01
 4.098775E-01
 3.715357E-01
 3.391020E-01
 3.113046E-01
 2.781029E-01
 2.376535E-01
 8.519883E-01
 7.146310E-01
 6.135635E-01
 5.361385E-01
 4.749355E-01
 4.253289E-01
 3.842947E-01
 3.497779E-01
 3.203354E-01
 2.853506E-01
 2.429650E-01
 8.960155E-01
 7.476587E-01
 6.391214E-01
 5.564127E-01
 4.913422E-01
 4.388218E-01
 3.955388E-01
 3.592508E-01
 3.283897E-01
 2.918466E-01
 2.477462E-01
 9.268034E-01
 7.723687E-01
 6.591450E-01
 5.728230E-01
 5.049387E-01
 4.501985E-01
 4.051413E-01
 3.674179E-01
 3.353827E-01
 2.975250E-01
 2.519509E-01
 9.468100E-01
 7.897575E-01
 6.740392E-01
 5.855205E-01
 5.157630E-01
 4.594462E-01
 4.130673E-01
 3.742357E-01
 3.412693E-01
 3.023436E-01
 2.555448E-01
 9.591938E-01
 8.014169E-01
 6.846177E-01
 5.949227E-01
 5.240256E-01
 4.666642E-01
 4.193557E-01
 3.797106E-01
 3.460387E-01
 3.062810E-01
 2.585043E-01
 1.0E-20
 8.089086E-01
 6.917866E-01
 6.015506E-01
 5.300219E-01
 4.720159E-01
 4.240924E-01
 3.838826E-01
 3.497044E-01
 3.093321E-01
 2.608147E-01
 9.708501E-01
 8.134561E-01
 6.963340E-01
 6.058967E-01
 5.340524E-01
 4.756797E-01
 4.273794E-01
 3.868069E-01
 3.522927E-01
 3.115017E-01
 2.624681E-01
 9.730261E-01
 8.158804E-01
 6.988352E-01
 6.083451E-01
 5.363643E-01
 4.778096E-01
 4.293092E-01
 3.885364E-01
 3.538317E-01
 3.127984E-01
 2.634609E-01
 9.736941E-01
 8.166398E-01
 6.996315E-01
 6.091344E-01
 5.371166E-01
 4.785076E-01
 4.299451E-01
 3.891084E-01
 3.543422E-01
 3.132297E-01
 2.637919E-01
 1.0E-20
 8.158804E-01
 6.988352E-01
 6.083451E-01
 5.363643E-01
 4.778096E-01
 4.293092E-01
 3.885364E-01
 3.538317E-01
 3.127984E-01
 2.634609E-01
 1.0E-20
 8.134561E-01
 6.963340E-01
 6.058967E-01
 5.340524E-01
 4.756797E-01
 4.273794E-01
 3.868069E-01
 3.522927E-01
 3.115017E-01
 2.624681E-01
 1.0E-20
 8.089086E-01
 6.917866E-01
 6.015506E-01
 5.300219E-01
 4.720159E-01
 4.240924E-01
 3.838826E-01
 3.497044E-01
 3.093321E-01
 2.608147E-01
 1.0E-20
 8.014169E-01
 6.846177E-01
 5.949227E-01
 5.240256E-01
 4.666642E-01
 4.193557E-01
 3.797106E-01
 3.460387E-01
 3.062810E-01
 2.585043E-01
 9.468100E-01
 7.897575E-01
 6.740392E-01
 5.855205E-01
 5.157630E-01
 4.594462E-01
 4.130673E-01
 3.742357E-01
 3.412693E-01
 3.023436E-01
 2.555448E-01
 9.268034E-01
 7.723687E-01
 6.591450E-01
 5.728230E-01
 5.049387E-01
 4.501985E-01
 4.051413E-01
 3.674179E-01
 3.353827E-01
 2.975250E-01
 2.519509E-01
 8.960155E-01
 7.476587E-01
 6.391214E-01
 5.564127E-01
 4.913422E-01
 4.388218E-01
 3.955388E-01
 3.592508E-01
 3.283897E-01
 2.918466E-01
 2.477462E-01
 8.519883E-01
 7.146310E-01
 6.135635E-01
 5.361385E-01
 4.749355E-01
 4.253289E-01
 3.842947E-01
 3.497779E-01
 3.203354E-01
 2.853506E-01
 2.429650E-01
 7.948502E-01
 6.736105E-01
 5.827777E-01
 5.122507E-01
 4.559172E-01
 4.098775E-01
 3.715357E-01
 3.391020E-01
 3.113046E-01
 2.781029E-01
 2.376535E-01
 7.145306E-01
 6.166911E-01
 5.405415E-01
 4.797882E-01
 4.302719E-01
 3.891710E-01
 3.545207E-01
 3.249186E-01
 2.993406E-01
 2.685269E-01
 2.306493E-01
 5.524085E-01
 4.965066E-01
 4.487771E-01
 4.079382E-01
 3.728047E-01
 3.423746E-01
 3.158314E-01
 2.925181E-01
 2.719082E-01
 2.464781E-01
 2.144293E-01
 5.605090E-01
 5.039790E-01
 4.555576E-01
 4.140232E-01
 3.782265E-01
 3.471847E-01
 3.200888E-01
 2.962829E-01
 2.752375E-01
 2.492812E-01
 2.165961E-01
 7.241277E-01
 6.256757E-01
 5.487140E-01
 4.870955E-01
 4.367407E-01
 3.948659E-01
 3.595208E-01
 3.293051E-01
 3.031902E-01
 2.717361E-01
 2.330963E-01
 8.049957E-01
 6.832075E-01
 5.915338E-01
 5.200780E-01
 4.628342E-01
 4.159523E-01
 3.768554E-01
 3.437564E-01
 3.153786E-01
 2.814876E-01
 2.402215E-01
 8.625452E-01
 7.246735E-01
 6.227426E-01
 5.443434E-01
 4.821796E-01
 4.316827E-01
 3.898503E-01
 3.546310E-01
 3.245766E-01
 2.888667E-01
 2.456244E-01
 9.069630E-01
 7.580912E-01
 6.486623E-01
 5.649400E-01
 4.988667E-01
 4.454163E-01
 4.012994E-01
 3.642778E-01
 3.327781E-01
 2.954792E-01
 2.504871E-01
 9.381072E-01
 7.831318E-01
 6.689854E-01
 5.816161E-01
 5.126955E-01
 4.569940E-01
 4.110746E-01
 3.725926E-01
 3.398970E-01
 3.012581E-01
 2.547629E-01
 9.584116E-01
 8.007871E-01
 6.841174E-01
 5.945243E-01
 5.237053E-01
 4.664036E-01
 4.191411E-01
 3.795317E-01
 3.458881E-01
 3.061608E-01
 2.584170E-01
 9.710219E-01
 8.126483E-01
 6.948755E-01
 6.040865E-01
 5.321099E-01
 4.737470E-01
 4.255395E-01
 3.851026E-01
 3.507408E-01
 3.101661E-01
 2.614257E-01
 9.785888E-01
 8.202826E-01
 7.021726E-01
 6.108295E-01
 5.382094E-01
 4.791908E-01
 4.303580E-01
 3.893467E-01
 3.544696E-01
 3.132692E-01
 2.637741E-01
 9.829363E-01
 8.249227E-01
 7.068042E-01
 6.152521E-01
 5.423093E-01
 4.829172E-01
 4.337011E-01
 3.923209E-01
 3.571019E-01
 3.154754E-01
 2.654545E-01
 9.851670E-01
 8.273985E-01
 7.093527E-01
 6.177439E-01
 5.446609E-01
 4.850832E-01
 4.356636E-01
 3.940796E-01
 3.586669E-01
 3.167938E-01
 2.664634E-01
 9.858522E-01
 8.281743E-01
 7.101643E-01
 6.185473E-01
 5.454262E-01
 4.857931E-01
 4.363101E-01
 3.946612E-01
 3.591860E-01
 3.172323E-01
 2.667998E-01
 9.851670E-01
 8.273985E-01
 7.093527E-01
 6.177439E-01
 5.446609E-01
 4.850832E-01
 4.356636E-01
 3.940796E-01
 3.586669E-01
 3.167938E-01
 2.664634E-01
 9.829363E-01
 8.249227E-01
 7.068042E-01
 6.152521E-01
 5.423093E-01
 4.829172E-01
 4.337011E-01
 3.923209E-01
 3.571019E-01
 3.154754E-01
 2.654545E-01
 9.785888E-01
 8.202826E-01
 7.021726E-01
 6.108295E-01
 5.382094E-01
 4.791908E-01
 4.303580E-01
 3.893467E-01
 3.544696E-01
 3.132692E-01
 2.637741E-01
 9.710219E-01
 8.126483E-01
 6.948755E-01
 6.040865E-01
 5.321099E-01
 4.737470E-01
 4.255395E-01
 3.851026E-01
 3.507408E-01
 3.101661E-01
 2.614257E-01
 9.584116E-01
 8.007871E-01
 6.841174E-01
 5.945243E-01
 5.237053E-01
 4.664036E-01
 4.191411E-01
 3.795317E-01
 3.458881E-01
 3.061608E-01
 2.584170E-01
 9.381072E-01
 7.831318E-01
 6.689854E-01
 5.816161E-01
 5.126955E-01
 4.569940E-01
 4.110746E-01
 3.725926E-01
 3.398970E-01
 3.012581E-01
 2.547629E-01
 9.069630E-01
 7.580912E-01
 6.486623E-01
 5.649400E-01
 4.988667E-01
 4.454163E-01
 4.012994E-01
 3.642778E-01
 3.327781E-01
 2.954792E-01
 2.504871E-01
 8.625452E-01
 7.246735E-01
 6.227426E-01
 5.443434E-01
 4.821796E-01
 4.316827E-01
 3.898503E-01
 3.546310E-01
 3.245766E-01
 2.888667E-01
 2.456244E-01
 8.049957E-01
 6.832075E-01
 5.915338E-01
 5.200780E-01
 4.628342E-01
 4.159523E-01
 3.768554E-01
 3.437564E-01
 3.153786E-01
 2.814876E-01
 2.402215E-01
 7.241277E-01
 6.256757E-01
 5.487140E-01
 4.870955E-01
 4.367407E-01
 3.948659E-01
 3.595208E-01
 3.293051E-01
 3.031902E-01
 2.717361E-01
 2.330963E-01
 5.605090E-01
 5.039790E-01
 4.555576E-01
 4.140232E-01
 3.782265E-01
 3.471847E-01
 3.200888E-01
 2.962829E-01
 2.752375E-01
 2.492812E-01
 2.165961E-01
 1.0E-20
 5.091951E-01
 4.604182E-01
 4.184768E-01
 3.822589E-01
 3.508060E-01
 3.233237E-01
 2.991632E-01
 2.777980E-01
 2.514476E-01
 2.182783E-01
 1.0E-20
 6.316554E-01
 5.543808E-01
 4.923210E-01
 4.414739E-01
 3.991043E-01
 3.632893E-01
 3.326418E-01
 3.061386E-01
 2.742101E-01
 2.349938E-01
 1.0E-20
 6.894686E-01
 5.975232E-01
 5.256228E-01
 4.678622E-01
 4.204528E-01
 3.808517E-01
 3.472887E-01
 3.184937E-01
 2.840940E-01
 2.422118E-01
 1.0E-20
 7.311491E-01
 6.289699E-01
 5.501222E-01
 4.874238E-01
 4.363759E-01
 3.940149E-01
 3.583084E-01
 3.278159E-01
 2.915723E-01
 2.476846E-01
 9.134951E-01
 7.647724E-01
 6.551025E-01
 5.709233E-01
 5.042987E-01
 4.502771E-01
 4.056109E-01
 3.680825E-01
 3.361268E-01
 2.982728E-01
 2.526098E-01
 1.0E-20
 7.900064E-01
 6.756123E-01
 5.877738E-01
 5.182862E-01
 4.619964E-01
 4.155107E-01
 3.765058E-01
 3.433396E-01
 3.041278E-01
 2.569401E-01
 1.0E-20
 8.078328E-01
 6.909018E-01
 6.008259E-01
 5.294259E-01
 4.715220E-01
 4.236796E-01
 3.835347E-01
 3.494088E-01
 3.090943E-01
 2.606405E-01
 9.780866E-01
 8.198341E-01
 7.017862E-01
 6.105017E-01
 5.379325E-01
 4.789566E-01
 4.301591E-01
 3.891770E-01
 3.543241E-01
 3.131511E-01
 2.636868E-01
 1.0E-20
 8.275740E-01
 7.091778E-01
 6.173295E-01
 5.441082E-01
 4.844687E-01
 4.350384E-01
 3.934752E-01
 3.581005E-01
 3.162937E-01
 2.660644E-01
 9.901942E-01
 8.322858E-01
 7.138741E-01
 6.218102E-01
 5.482603E-01
 4.882421E-01
 4.384237E-01
 3.964870E-01
 3.607662E-01
 3.185277E-01
 2.677656E-01
 9.924686E-01
 8.348028E-01
 7.164601E-01
 6.243357E-01
 5.506422E-01
 4.904355E-01
 4.404109E-01
 3.982678E-01
 3.623510E-01
 3.198626E-01
 2.687869E-01
 9.931679E-01
 8.355920E-01
 7.172839E-01
 6.251501E-01
 5.514175E-01
 4.911544E-01
 4.410655E-01
 3.988568E-01
 3.628765E-01
 3.203066E-01
 2.691274E-01
 9.924686E-01
 8.348028E-01
 7.164601E-01
 6.243357E-01
 5.506422E-01
 4.904355E-01
 4.404109E-01
 3.982678E-01
 3.623510E-01
 3.198626E-01
 2.687869E-01
 9.901942E-01
 8.322858E-01
 7.138741E-01
 6.218102E-01
 5.482603E-01
 4.882421E-01
 4.384237E-01
 3.964870E-01
 3.607662E-01
 3.185277E-01
 2.677656E-01
 9.857691E-01
 8.275740E-01
 7.091778E-01
 6.173295E-01
 5.441082E-01
 4.844687E-01
 4.350384E-01
 3.934752E-01
 3.581005E-01
 3.162937E-01
 2.660644E-01
 1.0E-20
 8.198341E-01
 7.017862E-01
 6.105017E-01
 5.379325E-01
 4.789566E-01
 4.301591E-01
 3.891770E-01
 3.543241E-01
 3.131511E-01
 2.636868E-01
 9.653217E-01
 8.078328E-01
 6.909018E-01
 6.008259E-01
 5.294259E-01
 4.715220E-01
 4.236796E-01
 3.835347E-01
 3.494088E-01
 3.090943E-01
 2.606405E-01
 9.448326E-01
 7.900064E-01
 6.756123E-01
 5.877738E-01
 5.182862E-01
 4.619964E-01
 4.155107E-01
 3.765058E-01
 3.433396E-01
 3.041278E-01
 2.569401E-01
 9.134951E-01
 7.647724E-01
 6.551025E-01
 5.709233E-01
 5.042987E-01
 4.502771E-01
 4.056109E-01
 3.680825E-01
 3.361268E-01
 2.982728E-01
 2.526098E-01
 8.689021E-01
 7.311491E-01
 6.289699E-01
 5.501222E-01
 4.874238E-01
 4.363759E-01
 3.940149E-01
 3.583084E-01
 3.278159E-01
 2.915723E-01
 2.476846E-01
 8.112088E-01
 6.894686E-01
 5.975232E-01
 5.256228E-01
 4.678622E-01
 4.204528E-01
 3.808517E-01
 3.472887E-01
 3.184937E-01
 2.840940E-01
 2.422118E-01
 7.301804E-01
 6.316554E-01
 5.543808E-01
 4.923210E-01
 4.414739E-01
 3.991043E-01
 3.632893E-01
 3.326418E-01
 3.061386E-01
 2.742101E-01
 2.349938E-01
 1.0E-20
 5.091951E-01
 4.604182E-01
 4.184768E-01
 3.822589E-01
 3.508060E-01
 3.233237E-01
 2.991632E-01
 2.777980E-01
 2.514476E-01
 2.182783E-01
 1.0E-20
 5.125692E-01
 4.636313E-01
 4.214719E-01
 3.850071E-01
 3.532995E-01
 3.255684E-01
 3.011736E-01
 2.795928E-01
 2.529727E-01
 2.194671E-01
 1.0E-20
 6.353750E-01
 5.580247E-01
 4.957674E-01
 4.446558E-01
 4.019946E-01
 3.658864E-01
 3.349595E-01
 3.081983E-01
 2.759480E-01
 2.363332E-01
 1.0E-20
 6.933001E-01
 6.013309E-01
 5.292510E-01
 4.712237E-01
 4.235097E-01
 3.835981E-01
 3.497373E-01
 3.206668E-01
 2.859232E-01
 2.436161E-01
 1.0E-20
 7.350732E-01
 6.329017E-01
 5.538850E-01
 4.909176E-01
 4.395558E-01
 3.968719E-01
 3.608544E-01
 3.300735E-01
 2.934700E-01
 2.491378E-01
 9.172178E-01
 7.687974E-01
 6.591509E-01
 5.748067E-01
 5.079089E-01
 4.535647E-01
 4.085647E-01
 3.707139E-01
 3.384589E-01
 3.002312E-01
 2.541067E-01
 9.486544E-01
 7.941375E-01
 6.797692E-01
 5.917634E-01
 5.219967E-01
 4.653761E-01
 4.185473E-01
 3.792105E-01
 3.457359E-01
 3.061387E-01
 2.584752E-01
 9.692501E-01
 8.120660E-01
 6.951556E-01
 6.049063E-01
 5.332203E-01
 4.749781E-01
 4.267848E-01
 3.863002E-01
 3.518586E-01
 3.111493E-01
 2.622078E-01
 9.821112E-01
 8.241564E-01
 7.061214E-01
 6.146564E-01
 5.417944E-01
 4.824737E-01
 4.333190E-01
 3.919913E-01
 3.568169E-01
 3.152419E-01
 2.652805E-01
 1.0E-20
 8.319666E-01
 7.135765E-01
 6.215413E-01
 5.480215E-01
 4.880320E-01
 4.382398E-01
 3.963264E-01
 3.606262E-01
 3.184119E-01
 2.676786E-01
 9.943474E-01
 8.367281E-01
 7.183176E-01
 6.260620E-01
 5.522095E-01
 4.918376E-01
 4.416541E-01
 3.993642E-01
 3.633150E-01
 3.206653E-01
 2.693943E-01
 9.966524E-01
 8.392742E-01
 7.209300E-01
 6.286111E-01
 5.546125E-01
 4.940500E-01
 4.436583E-01
 4.011603E-01
 3.649133E-01
 3.220118E-01
 2.704243E-01
 9.973617E-01
 8.400730E-01
 7.217625E-01
 6.294333E-01
 5.553947E-01
 4.947752E-01
 4.443186E-01
 4.017543E-01
 3.654434E-01
 3.224596E-01
 2.707677E-01
 9.966524E-01
 8.392742E-01
 7.209300E-01
 6.286111E-01
 5.546125E-01
 4.940500E-01
 4.436583E-01
 4.011603E-01
 3.649133E-01
 3.220118E-01
 2.704243E-01
 9.943474E-01
 8.367281E-01
 7.183176E-01
 6.260620E-01
 5.522095E-01
 4.918376E-01
 4.416541E-01
 3.993642E-01
 3.633150E-01
 3.206653E-01
 2.693943E-01
 9.898696E-01
 8.319666E-01
 7.135765E-01
 6.215413E-01
 5.480215E-01
 4.880320E-01
 4.382398E-01
 3.963264E-01
 3.606262E-01
 3.184119E-01
 2.676786E-01
 9.821112E-01
 8.241564E-01
 7.061214E-01
 6.146564E-01
 5.417944E-01
 4.824737E-01
 4.333190E-01
 3.919913E-01
 3.568169E-01
 3.152419E-01
 2.652805E-01
 9.692501E-01
 8.120660E-01
 6.951556E-01
 6.049063E-01
 5.332203E-01
 4.749781E-01
 4.267848E-01
 3.863002E-01
 3.518586E-01
 3.111493E-01
 2.622078E-01
 9.486544E-01
 7.941375E-01
 6.797692E-01
 5.917634E-01
 5.219967E-01
 4.653761E-01
 4.185473E-01
 3.792105E-01
 3.457359E-01
 3.061387E-01
 2.584752E-01
 9.172178E-01
 7.687974E-01
 6.591509E-01
 5.748067E-01
 5.079089E-01
 4.535647E-01
 4.085647E-01
 3.707139E-01
 3.384589E-01
 3.002312E-01
 2.541067E-01
 8.725536E-01
 7.350732E-01
 6.329017E-01
 5.538850E-01
 4.909176E-01
 4.395558E-01
 3.968719E-01
 3.608544E-01
 3.300735E-01
 2.934700E-01
 2.491378E-01
 1.0E-20
 6.933001E-01
 6.013309E-01
 5.292510E-01
 4.712237E-01
 4.235097E-01
 3.835981E-01
 3.497373E-01
 3.206668E-01
 2.859232E-01
 2.436161E-01
 7.337891E-01
 6.353750E-01
 5.580247E-01
 4.957674E-01
 4.446558E-01
 4.019946E-01
 3.658864E-01
 3.349595E-01
 3.081983E-01
 2.759480E-01
 2.363332E-01
 1.0E-20
 5.125692E-01
 4.636313E-01
 4.214719E-01
 3.850071E-01
 3.532995E-01
 3.255684E-01
 3.011736E-01
 2.795928E-01
 2.529727E-01
 2.194671E-01
 5.712697E-01
 5.144094E-01
 4.654102E-01
 4.231502E-01
 3.865616E-01
 3.547201E-01
 3.268543E-01
 3.023301E-01
 2.806286E-01
 2.538555E-01
 2.201570E-01
 1.0E-20
 6.373492E-01
 5.600034E-01
 4.976721E-01
 4.464382E-01
 4.036300E-01
 3.673671E-01
 3.362882E-01
 3.093840E-01
 2.769523E-01
 2.371099E-01
 8.166638E-01
 6.953105E-01
 6.033820E-01
 5.312450E-01
 4.730992E-01
 4.252347E-01
 3.851609E-01
 3.511392E-01
 3.219164E-01
 2.869797E-01
 2.444302E-01
 8.743893E-01
 7.371181E-01
 6.350092E-01
 5.559458E-01
 4.928621E-01
 4.413470E-01
 3.984954E-01
 3.623105E-01
 3.313708E-01
 2.945655E-01
 2.499801E-01
 9.190786E-01
 7.708860E-01
 6.613140E-01
 5.769285E-01
 5.099148E-01
 4.554142E-01
 4.102417E-01
 3.722179E-01
 3.397985E-01
 3.013613E-01
 2.549742E-01
 9.505603E-01
 7.962768E-01
 6.819867E-01
 5.939404E-01
 5.240562E-01
 4.672758E-01
 4.202701E-01
 3.807556E-01
 3.471117E-01
 3.072989E-01
 2.593646E-01
 9.712092E-01
 8.142576E-01
 6.974239E-01
 6.071319E-01
 5.353254E-01
 4.769199E-01
 4.285459E-01
 3.878796E-01
 3.532648E-01
 3.123347E-01
 2.631158E-01
 9.841207E-01
 8.263958E-01
 7.084339E-01
 6.169226E-01
 5.439368E-01
 4.844496E-01
 4.351110E-01
 3.935982E-01
 3.582476E-01
 3.164477E-01
 2.662038E-01
 9.919204E-01
 8.342448E-01
 7.159243E-01
 6.238394E-01
 5.501927E-01
 4.900339E-01
 4.400552E-01
 3.979544E-01
 3.620756E-01
 3.196335E-01
 2.686136E-01
 9.964277E-01
 8.390343E-01
 7.206909E-01
 6.283829E-01
 5.544011E-01
 4.938579E-01
 4.434859E-01
 4.010069E-01
 3.647776E-01
 3.218980E-01
 2.703377E-01
 9.987501E-01
 8.415971E-01
 7.233185E-01
 6.309456E-01
 5.568162E-01
 4.960811E-01
 4.454999E-01
 4.028119E-01
 3.663838E-01
 3.232511E-01
 2.713728E-01
 9.994650E-01
 8.424015E-01
 7.241560E-01
 6.317722E-01
 5.576024E-01
 4.968098E-01
 4.461635E-01
 4.034088E-01
 3.669165E-01
 3.237011E-01
 2.717178E-01
 9.987501E-01
 8.415971E-01
 7.233185E-01
 6.309456E-01
 5.568162E-01
 4.960811E-01
 4.454999E-01
 4.028119E-01
 3.663838E-01
 3.232511E-01
 2.713728E-01
 9.964277E-01
 8.390343E-01
 7.206909E-01
 6.283829E-01
 5.544011E-01
 4.938579E-01
 4.434859E-01
 4.010069E-01
 3.647776E-01
 3.218980E-01
 2.703377E-01
 9.919204E-01
 8.342448E-01
 7.159243E-01
 6.238394E-01
 5.501927E-01
 4.900339E-01
 4.400552E-01
 3.979544E-01
 3.620756E-01
 3.196335E-01
 2.686136E-01
 9.841207E-01
 8.263958E-01
 7.084339E-01
 6.169226E-01
 5.439368E-01
 4.844496E-01
 4.351110E-01
 3.935982E-01
 3.582476E-01
 3.164477E-01
 2.662038E-01
 9.712092E-01
 8.142576E-01
 6.974239E-01
 6.071319E-01
 5.353254E-01
 4.769199E-01
 4.285459E-01
 3.878796E-01
 3.532648E-01
 3.123347E-01
 2.631158E-01
 9.505603E-01
 7.962768E-01
 6.819867E-01
 5.939404E-01
 5.240562E-01
 4.672758E-01
 4.202701E-01
 3.807556E-01
 3.471117E-01
 3.072989E-01
 2.593646E-01
 9.190786E-01
 7.708860E-01
 6.613140E-01
 5.769285E-01
 5.099148E-01
 4.554142E-01
 4.102417E-01
 3.722179E-01
 3.397985E-01
 3.013613E-01
 2.549742E-01
 8.743893E-01
 7.371181E-01
 6.350092E-01
 5.559458E-01
 4.928621E-01
 4.413470E-01
 3.984954E-01
 3.623105E-01
 3.313708E-01
 2.945655E-01
 2.499801E-01
 8.166638E-01
 6.953105E-01
 6.033820E-01
 5.312450E-01
 4.730992E-01
 4.252347E-01
 3.851609E-01
 3.511392E-01
 3.219164E-01
 2.869797E-01
 2.444302E-01
 7.356504E-01
 6.373492E-01
 5.600034E-01
 4.976721E-01
 4.464382E-01
 4.036300E-01
 3.673671E-01
 3.362882E-01
 3.093840E-01
 2.769523E-01
 2.371099E-01
 1.0E-20
 5.144094E-01
 4.654102E-01
 4.231502E-01
 3.865616E-01
 3.547201E-01
 3.268543E-01
 3.023301E-01
 2.806286E-01
 2.538555E-01
 2.201570E-01
 5.717543E-01
 5.148969E-01
 4.658849E-01
 4.236006E-01
 3.869807E-01
 3.551045E-01
 3.272032E-01
 3.026445E-01
 2.809106E-01
 2.540961E-01
 2.203453E-01
 7.361304E-01
 6.378652E-01
 5.605263E-01
 4.981799E-01
 4.469165E-01
 4.040710E-01
 3.677678E-01
 3.366487E-01
 3.097064E-01
 2.772259E-01
 2.373219E-01
 8.171337E-01
 6.958332E-01
 6.039220E-01
 5.317751E-01
 4.736015E-01
 4.256992E-01
 3.855834E-01
 3.515193E-01
 3.222561E-01
 2.872674E-01
 2.446524E-01
 8.748569E-01
 7.376480E-01
 6.355627E-01
 5.564927E-01
 4.933822E-01
 4.418289E-01
 3.989341E-01
 3.627052E-01
 3.317234E-01
 2.948638E-01
 2.502100E-01
 9.195512E-01
 7.714260E-01
 6.618812E-01
 5.774909E-01
 5.104508E-01
 4.559115E-01
 4.106946E-01
 3.726255E-01
 3.401623E-01
 3.016690E-01
 2.552109E-01
 9.510438E-01
 7.968294E-01
 6.825677E-01
 5.945172E-01
 5.246063E-01
 4.677864E-01
 4.207353E-01
 3.811742E-01
 3.474854E-01
 3.076147E-01
 2.596072E-01
 9.717061E-01
 8.148236E-01
 6.980181E-01
 6.077213E-01
 5.358875E-01
 4.774417E-01
 4.290214E-01
 3.883074E-01
 3.536466E-01
 3.126574E-01
 2.633635E-01
 9.846308E-01
 8.269742E-01
 7.090397E-01
 6.175229E-01
 5.445089E-01
 4.849805E-01
 4.355946E-01
 3.940335E-01
 3.586361E-01
 3.167759E-01
 2.664556E-01
 9.924414E-01
 8.348337E-01
 7.165396E-01
 6.244482E-01
 5.507725E-01
 4.905718E-01
 4.405453E-01
 3.983954E-01
 3.624691E-01
 3.199660E-01
 2.688687E-01
 9.969565E-01
 8.396307E-01
 7.213130E-01
 6.289978E-01
 5.549864E-01
 4.944007E-01
 4.439804E-01
 4.014519E-01
 3.651747E-01
 3.222335E-01
 2.705950E-01
 9.992835E-01
 8.421980E-01
 7.239447E-01
 6.315641E-01
 5.574049E-01
 4.966269E-01
 4.459971E-01
 4.032592E-01
 3.667830E-01
 3.235884E-01
 2.716315E-01
 1.000000E+00
 8.430039E-01
 7.247836E-01
 6.323920E-01
 5.581922E-01
 4.973566E-01
 4.466615E-01
 4.038569E-01
 3.673164E-01
 3.240390E-01
 2.719770E-01
 9.992835E-01
 8.421980E-01
 7.239447E-01
 6.315641E-01
 5.574049E-01
 4.966269E-01
 4.459971E-01
 4.032592E-01
 3.667830E-01
 3.235884E-01
 2.716315E-01
 9.969565E-01
 8.396307E-01
 7.213130E-01
 6.289978E-01
 5.549864E-01
 4.944007E-01
 4.439804E-01
 4.014519E-01
 3.651747E-01
 3.222335E-01
 2.705950E-01
 9.924414E-01
 8.348337E-01
 7.165396E-01
 6.244482E-01
 5.507725E-01
 4.905718E-01
 4.405453E-01
 3.983954E-01
 3.624691E-01
 3.199660E-01
 2.688687E-01
 9.846308E-01
 8.269742E-01
 7.090397E-01
 6.175229E-01
 5.445089E-01
 4.849805E-01
 4.355946E-01
 3.940335E-01
 3.586361E-01
 3.167759E-01
 2.664556E-01
 9.717061E-01
 8.148236E-01
 6.980181E-01
 6.077213E-01
 5.358875E-01
 4.774417E-01
 4.290214E-01
 3.883074E-01
 3.536466E-01
 3.126574E-01
 2.633635E-01
 9.510438E-01
 7.968294E-01
 6.825677E-01
 5.945172E-01
 5.246063E-01
 4.677864E-01
 4.207353E-01
 3.811742E-01
 3.474854E-01
 3.076147E-01
 2.596072E-01
 9.195512E-01
 7.714260E-01
 6.618812E-01
 5.774909E-01
 5.104508E-01
 4.559115E-01
 4.106946E-01
 3.726255E-01
 3.401623E-01
 3.016690E-01
 2.552109E-01
 8.748569E-01
 7.376480E-01
 6.355627E-01
 5.564927E-01
 4.933822E-01
 4.418289E-01
 3.989341E-01
 3.627052E-01
 3.317234E-01
 2.948638E-01
 2.502100E-01
 8.171337E-01
 6.958332E-01
 6.039220E-01
 5.317751E-01
 4.736015E-01
 4.256992E-01
 3.855834E-01
 3.515193E-01
 3.222561E-01
 2.872674E-01
 2.446524E-01
 7.361304E-01
 6.378652E-01
 5.605263E-01
 4.981799E-01
 4.469165E-01
 4.040710E-01
 3.677678E-01
 3.366487E-01
 3.097064E-01
 2.772259E-01
 2.373219E-01
 1.0E-20
 5.148969E-01
 4.658849E-01
 4.236006E-01
 3.869807E-01
 3.551045E-01
 3.272032E-01
 3.026445E-01
 2.809106E-01
 2.540961E-01
 2.203453E-01
 5.709422E-01
 5.140810E-01
 4.650913E-01
 4.228482E-01
 3.862810E-01
 3.544631E-01
 3.266213E-01
 3.021203E-01
 2.804405E-01
 2.536950E-01
 2.200314E-01
 7.353239E-01
 6.369998E-01
 5.596508E-01
 4.973308E-01
 4.461175E-01
 4.033348E-01
 3.670992E-01
 3.360473E-01
 3.091688E-01
 2.767698E-01
 2.369686E-01
 8.163432E-01
 6.949560E-01
 6.030174E-01
 5.308883E-01
 4.727622E-01
 4.249236E-01
 3.848783E-01
 3.508852E-01
 3.216897E-01
 2.867878E-01
 2.442822E-01
 8.740699E-01
 7.367583E-01
 6.346351E-01
 5.555776E-01
 4.925129E-01
 4.410241E-01
 3.982020E-01
 3.620468E-01
 3.311355E-01
 2.943665E-01
 2.498269E-01
 9.187554E-01
 7.705190E-01
 6.609305E-01
 5.765497E-01
 5.095548E-01
 4.550810E-01
 4.099387E-01
 3.719456E-01
 3.395555E-01
 3.011561E-01
 2.548164E-01
 9.502295E-01
 7.959012E-01
 6.815938E-01
 5.935519E-01
 5.236867E-01
 4.669336E-01
 4.199589E-01
 3.804758E-01
 3.468622E-01
 3.070882E-01
 2.592029E-01
 9.708692E-01
 8.138728E-01
 6.970220E-01
 6.067347E-01
 5.349477E-01
 4.765702E-01
 4.282278E-01
 3.875937E-01
 3.530098E-01
 3.121195E-01
 2.629507E-01
 9.837718E-01
 8.260025E-01
 7.080241E-01
 6.165182E-01
 5.435525E-01
 4.840937E-01
 4.347873E-01
 3.933073E-01
 3.579882E-01
 3.162288E-01
 2.660359E-01
 9.915642E-01
 8.338446E-01
 7.155082E-01
 6.234293E-01
 5.498032E-01
 4.896734E-01
 4.397273E-01
 3.976597E-01
 3.618128E-01
 3.194117E-01
 2.684436E-01
 9.960662E-01
 8.386291E-01
 7.202701E-01
 6.279686E-01
 5.540079E-01
 4.934940E-01
 4.431551E-01
 4.007096E-01
 3.645124E-01
 3.216742E-01
 2.701661E-01
 9.983854E-01
 8.411889E-01
 7.228950E-01
 6.305289E-01
 5.564208E-01
 4.957153E-01
 4.451673E-01
 4.025129E-01
 3.661172E-01
 3.230261E-01
 2.712003E-01
 9.990993E-01
 8.419922E-01
 7.237316E-01
 6.313547E-01
 5.572063E-01
 4.964434E-01
 4.458302E-01
 4.031093E-01
 3.666494E-01
 3.234757E-01
 2.715451E-01
 9.983854E-01
 8.411889E-01
 7.228950E-01
 6.305289E-01
 5.564208E-01
 4.957153E-01
 4.451673E-01
 4.025129E-01
 3.661172E-01
 3.230261E-01
 2.712003E-01
 9.960662E-01
 8.386291E-01
 7.202701E-01
 6.279686E-01
 5.540079E-01
 4.934940E-01
 4.431551E-01
 4.007096E-01
 3.645124E-01
 3.216742E-01
 2.701661E-01
 9.915642E-01
 8.338446E-01
 7.155082E-01
 6.234293E-01
 5.498032E-01
 4.896734E-01
 4.397273E-01
 3.976597E-01
 3.618128E-01
 3.194117E-01
 2.684436E-01
 9.837718E-01
 8.260025E-01
 7.080241E-01
 6.165182E-01
 5.435525E-01
 4.840937E-01
 4.347873E-01
 3.933073E-01
 3.579882E-01
 3.162288E-01
 2.660359E-01
 9.708692E-01
 8.138728E-01
 6.970220E-01
 6.067347E-01
 5.349477E-01
 4.765702E-01
 4.282278E-01
 3.875937E-01
 3.530098E-01
 3.121195E-01
 2.629507E-01
 9.502295E-01
 7.959012E-01
 6.815938E-01
 5.935519E-01
 5.236867E-01
 4.669336E-01
 4.199589E-01
 3.804758E-01
 3.468622E-01
 3.070882E-01
 2.592029E-01
 9.187554E-01
 7.705190E-01
 6.609305E-01
 5.765497E-01
 5.095548E-01
 4.550810E-01
 4.099387E-01
 3.719456E-01
 3.395555E-01
 3.011561E-01
 2.548164E-01
 8.740699E-01
 7.367583E-01
 6.346351E-01
 5.555776E-01
 4.925129E-01
 4.410241E-01
 3.982020E-01
 3.620468E-01
 3.311355E-01
 2.943665E-01
 2.498269E-01
 8.163432E-01
 6.949560E-01
 6.030174E-01
 5.308883E-01
 4.727622E-01
 4.249236E-01
 3.848783E-01
 3.508852E-01
 3.216897E-01
 2.867878E-01
 2.442822E-01
 7.353239E-01
 6.369998E-01
 5.596508E-01
 4.973308E-01
 4.461175E-01
 4.033348E-01
 3.670992E-01
 3.360473E-01
 3.091688E-01
 2.767698E-01
 2.369686E-01
 5.709422E-01
 5.140810E-01
 4.650913E-01
 4.228482E-01
 3.862810E-01
 3.544631E-01
 3.266213E-01
 3.021203E-01
 2.804405E-01
 2.536950E-01
 2.200314E-01
 1.0E-20
 5.118794E-01
 4.629695E-01
 4.208513E-01
 3.844350E-01
 3.527786E-01
 3.250982E-01
 3.007517E-01
 2.792155E-01
 2.526517E-01
 2.192165E-01
 7.330717E-01
 6.346249E-01
 5.572814E-01
 4.950581E-01
 4.439966E-01
 4.013929E-01
 3.653437E-01
 3.344738E-01
 3.077659E-01
 2.755824E-01
 2.360509E-01
 8.141137E-01
 6.925317E-01
 6.005572E-01
 5.285064E-01
 4.705286E-01
 4.228742E-01
 3.830248E-01
 3.492246E-01
 3.202108E-01
 2.855386E-01
 2.433202E-01
 8.718370E-01
 7.342890E-01
 6.321047E-01
 5.531141E-01
 4.901961E-01
 4.388953E-01
 3.962759E-01
 3.603215E-01
 3.295999E-01
 2.930710E-01
 2.488317E-01
 9.164893E-01
 7.679947E-01
 6.583316E-01
 5.740120E-01
 5.071640E-01
 4.528822E-01
 4.079487E-01
 3.701634E-01
 3.379698E-01
 2.998195E-01
 2.537914E-01
 9.479074E-01
 7.933144E-01
 6.789286E-01
 5.909475E-01
 5.212315E-01
 4.646748E-01
 4.179142E-01
 3.786447E-01
 3.452334E-01
 3.057161E-01
 2.581519E-01
 9.684822E-01
 8.112227E-01
 6.942956E-01
 6.040720E-01
 5.324379E-01
 4.742610E-01
 4.261376E-01
 3.857219E-01
 3.513449E-01
 3.107174E-01
 2.618777E-01
 9.813239E-01
 8.232950E-01
 7.052448E-01
 6.138069E-01
 5.409982E-01
 4.817440E-01
 4.326605E-01
 3.914027E-01
 3.562943E-01
 3.148025E-01
 2.649449E-01
 9.890668E-01
 8.310907E-01
 7.126868E-01
 6.206799E-01
 5.472146E-01
 4.872927E-01
 4.375726E-01
 3.957302E-01
 3.600967E-01
 3.179668E-01
 2.673386E-01
 9.935337E-01
 8.358419E-01
 7.174185E-01
 6.251923E-01
 5.513951E-01
 4.910916E-01
 4.409808E-01
 3.987625E-01
 3.627807E-01
 3.202161E-01
 2.690513E-01
 9.958324E-01
 8.383818E-01
 7.200254E-01
 6.277365E-01
 5.537937E-01
 4.933001E-01
 4.429815E-01
 4.005555E-01
 3.643762E-01
 3.215602E-01
 2.700795E-01
 9.965395E-01
 8.391786E-01
 7.208560E-01
 6.285570E-01
 5.545745E-01
 4.940239E-01
 4.436406E-01
 4.011484E-01
 3.649053E-01
 3.220072E-01
 2.704223E-01
 9.958324E-01
 8.383818E-01
 7.200254E-01
 6.277365E-01
 5.537937E-01
 4.933001E-01
 4.429815E-01
 4.005555E-01
 3.643762E-01
 3.215602E-01
 2.700795E-01
 9.935337E-01
 8.358419E-01
 7.174185E-01
 6.251923E-01
 5.513951E-01
 4.910916E-01
 4.409808E-01
 3.987625E-01
 3.627807E-01
 3.202161E-01
 2.690513E-01
 9.890668E-01
 8.310907E-01
 7.126868E-01
 6.206799E-01
 5.472146E-01
 4.872927E-01
 4.375726E-01
 3.957302E-01
 3.600967E-01
 3.179668E-01
 2.673386E-01
 9.813239E-01
 8.232950E-01
 7.052448E-01
 6.138069E-01
 5.409982E-01
 4.817440E-01
 4.326605E-01
 3.914027E-01
 3.562943E-01
 3.148025E-01
 2.649449E-01
 9.684822E-01
 8.112227E-01
 6.942956E-01
 6.040720E-01
 5.324379E-01
 4.742610E-01
 4.261376E-01
 3.857219E-01
 3.513449E-01
 3.107174E-01
 2.618777E-01
 9.479074E-01
 7.933144E-01
 6.789286E-01
 5.909475E-01
 5.212315E-01
 4.646748E-01
 4.179142E-01
 3.786447E-01
 3.452334E-01
 3.057161E-01
 2.581519E-01
 9.164893E-01
 7.679947E-01
 6.583316E-01
 5.740120E-01
 5.071640E-01
 4.528822E-01
 4.079487E-01
 3.701634E-01
 3.379698E-01
 2.998195E-01
 2.537914E-01
 8.718370E-01
 7.342890E-01
 6.321047E-01
 5.531141E-01
 4.901961E-01
 4.388953E-01
 3.962759E-01
 3.603215E-01
 3.295999E-01
 2.930710E-01
 2.488317E-01
 8.141137E-01
 6.925317E-01
 6.005572E-01
 5.285064E-01
 4.705286E-01
 4.228742E-01
 3.830248E-01
 3.492246E-01
 3.202108E-01
 2.855386E-01
 2.433202E-01
 7.330717E-01
 6.346249E-01
 5.572814E-01
 4.950581E-01
 4.439966E-01
 4.013929E-01
 3.653437E-01
 3.344738E-01
 3.077659E-01
 2.755824E-01
 2.360509E-01
 5.687263E-01
 5.118794E-01
 4.629695E-01
 4.208513E-01
 3.844350E-01
 3.527786E-01
 3.250982E-01
 3.007517E-01
 2.792155E-01
 2.526517E-01
 2.192165E-01
 1.0E-20
 5.080784E-01
 4.593674E-01
 4.175066E-01
 3.813752E-01
 3.500089E-01
 3.226091E-01
 2.985254E-01
 2.772298E-01
 2.509660E-01
 2.179038E-01
 7.289319E-01
 6.303977E-01
 5.531708E-01
 4.911924E-01
 4.404429E-01
 3.981753E-01
 3.624594E-01
 3.319044E-01
 3.054854E-01
 2.736607E-01
 2.345715E-01
 8.099411E-01
 6.881614E-01
 5.962508E-01
 5.244295E-01
 4.667697E-01
 4.194680E-01
 3.799726E-01
 3.465088E-01
 3.178040E-01
 2.835154E-01
 2.417689E-01
 8.676132E-01
 7.298031E-01
 6.276510E-01
 5.488813E-01
 4.862861E-01
 4.353501E-01
 3.930996E-01
 3.574970E-01
 3.270990E-01
 2.909719E-01
 2.472262E-01
 9.121754E-01
 7.633873E-01
 6.537412E-01
 5.696403E-01
 5.031215E-01
 4.492155E-01
 4.046638E-01
 3.672433E-01
 3.353859E-01
 2.976529E-01
 2.521376E-01
 9.434755E-01
 7.885828E-01
 6.742129E-01
 5.864544E-01
 5.170753E-01
 4.609044E-01
 4.145366E-01
 3.756429E-01
 3.425782E-01
 3.034911E-01
 2.564558E-01
 9.639270E-01
 8.063738E-01
 6.894694E-01
 5.994759E-01
 5.281872E-01
 4.704049E-01
 4.226833E-01
 3.826522E-01
 3.486302E-01
 3.084436E-01
 2.601459E-01
 9.766593E-01
 8.183453E-01
 7.003267E-01
 6.091273E-01
 5.366718E-01
 4.778197E-01
 4.291451E-01
 3.882789E-01
 3.535317E-01
 3.124890E-01
 2.631839E-01
 9.843168E-01
 8.260622E-01
 7.076977E-01
 6.159367E-01
 5.428308E-01
 4.833168E-01
 4.340111E-01
 3.925651E-01
 3.572976E-01
 3.156229E-01
 2.655550E-01
 9.887248E-01
 8.307582E-01
 7.123797E-01
 6.204045E-01
 5.469714E-01
 4.870799E-01
 4.373871E-01
 3.955686E-01
 3.599560E-01
 3.178507E-01
 2.672516E-01
 9.909895E-01
 8.332659E-01
 7.149574E-01
 6.229225E-01
 5.493467E-01
 4.892673E-01
 4.393688E-01
 3.973446E-01
 3.615364E-01
 3.191820E-01
 2.682702E-01
 9.916856E-01
 8.340522E-01
 7.157784E-01
 6.237345E-01
 5.501197E-01
 4.899841E-01
 4.400217E-01
 3.979319E-01
 3.620605E-01
 3.196248E-01
 2.686098E-01
 9.909895E-01
 8.332659E-01
 7.149574E-01
 6.229225E-01
 5.493467E-01
 4.892673E-01
 4.393688E-01
 3.973446E-01
 3.615364E-01
 3.191820E-01
 2.682702E-01
 9.887248E-01
 8.307582E-01
 7.123797E-01
 6.204045E-01
 5.469714E-01
 4.870799E-01
 4.373871E-01
 3.955686E-01
 3.599560E-01
 3.178507E-01
 2.672516E-01
 9.843168E-01
 8.260622E-01
 7.076977E-01
 6.159367E-01
 5.428308E-01
 4.833168E-01
 4.340111E-01
 3.925651E-01
 3.572976E-01
 3.156229E-01
 2.655550E-01
 9.766593E-01
 8.183453E-01
 7.003267E-01
 6.091273E-01
 5.366718E-01
 4.778197E-01
 4.291451E-01
 3.882789E-01
 3.535317E-01
 3.124890E-01
 2.631839E-01
 9.639270E-01
 8.063738E-01
 6.894694E-01
 5.994759E-01
 5.281872E-01
 4.704049E-01
 4.226833E-01
 3.826522E-01
 3.486302E-01
 3.084436E-01
 2.601459E-01
 9.434755E-01
 7.885828E-01
 6.742129E-01
 5.864544E-01
 5.170753E-01
 4.609044E-01
 4.145366E-01
 3.756429E-01
 3.425782E-01
 3.034911E-01
 2.564558E-01
 9.121754E-01
 7.633873E-01
 6.537412E-01
 5.696403E-01
 5.031215E-01
 4.492155E-01
 4.046638E-01
 3.672433E-01
 3.353859E-01
 2.976529E-01
 2.521376E-01
 8.676132E-01
 7.298031E-01
 6.276510E-01
 5.488813E-01
 4.862861E-01
 4.353501E-01
 3.930996E-01
 3.574970E-01
 3.270990E-01
 2.909719E-01
 2.472262E-01
 8.099411E-01
 6.881614E-01
 5.962508E-01
 5.244295E-01
 4.667697E-01
 4.194680E-01
 3.799726E-01
 3.465088E-01
 3.178040E-01
 2.835154E-01
 2.417689E-01
 1.0E-20
 6.303977E-01
 5.531708E-01
 4.911924E-01
 4.404429E-01
 3.981753E-01
 3.624594E-01
 3.319044E-01
 3.054854E-01
 2.736607E-01
 2.345715E-01
 5.648219E-01
 5.080784E-01
 4.593674E-01
 4.175066E-01
 3.813752E-01
 3.500089E-01
 3.226091E-01
 2.985254E-01
 2.772298E-01
 2.509660E-01
 2.179038E-01
 1.0E-20
 5.023403E-01
 4.540538E-01
 4.126618E-01
 3.770054E-01
 3.460959E-01
 3.191214E-01
 2.954250E-01
 2.744773E-01
 2.486398E-01
 2.160994E-01
 7.221133E-01
 6.237450E-01
 5.469266E-01
 4.854765E-01
 4.352936E-01
 3.935829E-01
 3.583885E-01
 3.283079E-01
 3.023126E-01
 2.710025E-01
 2.325357E-01
 1.0E-20
 6.811628E-01
 5.896299E-01
 5.183506E-01
 4.612911E-01
 4.145864E-01
 3.756523E-01
 3.426994E-01
 3.144506E-01
 2.807143E-01
 2.396333E-01
 1.0E-20
 7.225445E-01
 6.207535E-01
 5.425370E-01
 4.805663E-01
 4.302558E-01
 3.885950E-01
 3.535295E-01
 3.236109E-01
 2.880636E-01
 2.450153E-01
 9.047200E-01
 7.558859E-01
 6.465992E-01
 5.630656E-01
 4.971929E-01
 4.439366E-01
 3.999986E-01
 3.631374E-01
 3.317792E-01
 2.946497E-01
 2.498594E-01
 9.357938E-01
 7.808591E-01
 6.668596E-01
 5.796848E-01
 5.109711E-01
 4.554700E-01
 4.097354E-01
 3.714191E-01
 3.388697E-01
 3.004058E-01
 2.541190E-01
 9.560360E-01
 7.984578E-01
 6.819405E-01
 5.925472E-01
 5.219402E-01
 4.648437E-01
 4.177705E-01
 3.783309E-01
 3.448372E-01
 3.052895E-01
 2.577594E-01
 9.685968E-01
 8.102747E-01
 6.926591E-01
 6.020740E-01
 5.303132E-01
 4.721591E-01
 4.241443E-01
 3.838802E-01
 3.496711E-01
 3.092793E-01
 2.607568E-01
 1.0E-20
 8.178769E-01
 6.999273E-01
 6.087912E-01
 5.363896E-01
 4.775822E-01
 4.289443E-01
 3.881080E-01
 3.533856E-01
 3.123706E-01
 2.630966E-01
 1.0E-20
 8.224956E-01
 7.045396E-01
 6.131964E-01
 5.404738E-01
 4.812945E-01
 4.322747E-01
 3.910709E-01
 3.560079E-01
 3.145684E-01
 2.647708E-01
 1.0E-20
 8.249594E-01
 7.070772E-01
 6.156782E-01
 5.428163E-01
 4.834523E-01
 4.342298E-01
 3.928230E-01
 3.575671E-01
 3.158819E-01
 2.657761E-01
 1.0E-20
 8.257314E-01
 7.078852E-01
 6.164783E-01
 5.435786E-01
 4.841594E-01
 4.348739E-01
 3.934025E-01
 3.580842E-01
 3.163188E-01
 2.661112E-01
 1.0E-20
 8.249594E-01
 7.070772E-01
 6.156782E-01
 5.428163E-01
 4.834523E-01
 4.342298E-01
 3.928230E-01
 3.575671E-01
 3.158819E-01
 2.657761E-01
 1.0E-20
 8.224956E-01
 7.045396E-01
 6.131964E-01
 5.404738E-01
 4.812945E-01
 4.322747E-01
 3.910709E-01
 3.560079E-01
 3.145684E-01
 2.647708E-01
 1.0E-20
 8.178769E-01
 6.999273E-01
 6.087912E-01
 5.363896E-01
 4.775822E-01
 4.289443E-01
 3.881080E-01
 3.533856E-01
 3.123706E-01
 2.630966E-01
 1.0E-20
 8.102747E-01
 6.926591E-01
 6.020740E-01
 5.303132E-01
 4.721591E-01
 4.241443E-01
 3.838802E-01
 3.496711E-01
 3.092793E-01
 2.607568E-01
 1.0E-20
 7.984578E-01
 6.819405E-01
 5.925472E-01
 5.219402E-01
 4.648437E-01
 4.177705E-01
 3.783309E-01
 3.448372E-01
 3.052895E-01
 2.577594E-01
 1.0E-20
 7.808591E-01
 6.668596E-01
 5.796848E-01
 5.109711E-01
 4.554700E-01
 4.097354E-01
 3.714191E-01
 3.388697E-01
 3.004058E-01
 2.541190E-01
 1.0E-20
 7.558859E-01
 6.465992E-01
 5.630656E-01
 4.971929E-01
 4.439366E-01
 3.999986E-01
 3.631374E-01
 3.317792E-01
 2.946497E-01
 2.498594E-01
 1.0E-20
 7.225445E-01
 6.207535E-01
 5.425370E-01
 4.805663E-01
 4.302558E-01
 3.885950E-01
 3.535295E-01
 3.236109E-01
 2.880636E-01
 2.450153E-01
 1.0E-20
 6.811628E-01
 5.896299E-01
 5.183506E-01
 4.612911E-01
 4.145864E-01
 3.756523E-01
 3.426994E-01
 3.144506E-01
 2.807143E-01
 2.396333E-01
 1.0E-20
 6.237450E-01
 5.469266E-01
 4.854765E-01
 4.352936E-01
 3.935829E-01
 3.583885E-01
 3.283079E-01
 3.023126E-01
 2.710025E-01
 2.325357E-01
 1.0E-20
 5.023403E-01
 4.540538E-01
 4.126618E-01
 3.770054E-01
 3.460959E-01
 3.191214E-01
 2.954250E-01
 2.744773E-01
 2.486398E-01
 2.160994E-01
 1.0E-20
 4.942314E-01
 4.467481E-01
 4.061417E-01
 3.712203E-01
 3.409800E-01
 3.146043E-01
 2.914379E-01
 2.709560E-01
 2.456791E-01
 2.138133E-01
 7.114076E-01
 6.138700E-01
 5.380432E-01
 4.775984E-01
 4.283618E-01
 3.875077E-01
 3.530720E-01
 3.236552E-01
 2.982367E-01
 2.676105E-01
 2.299532E-01
 7.914848E-01
 6.705581E-01
 5.800774E-01
 5.098910E-01
 4.538662E-01
 4.080979E-01
 3.699911E-01
 3.377595E-01
 3.101352E-01
 2.771358E-01
 2.369226E-01
 8.484484E-01
 7.114130E-01
 6.107182E-01
 5.336558E-01
 4.727818E-01
 4.234641E-01
 3.826795E-01
 3.483766E-01
 3.191170E-01
 2.843454E-01
 2.422081E-01
 8.923241E-01
 7.443018E-01
 6.361545E-01
 5.538264E-01
 4.891012E-01
 4.368838E-01
 3.938623E-01
 3.577983E-01
 3.271283E-01
 2.908077E-01
 2.469658E-01
 9.229863E-01
 7.689001E-01
 6.560808E-01
 5.701529E-01
 5.026262E-01
 4.481998E-01
 4.034134E-01
 3.659219E-01
 3.340846E-01
 2.964571E-01
 2.511501E-01
 9.428960E-01
 7.862039E-01
 6.709005E-01
 5.827854E-01
 5.133943E-01
 4.573990E-01
 4.112978E-01
 3.727041E-01
 3.399408E-01
 3.012513E-01
 2.547268E-01
 9.552108E-01
 7.978022E-01
 6.814247E-01
 5.921396E-01
 5.216145E-01
 4.645799E-01
 4.175539E-01
 3.781510E-01
 3.446860E-01
 3.051691E-01
 2.576722E-01
 1.0E-20
 8.052525E-01
 6.885563E-01
 5.987338E-01
 5.275805E-01
 4.699046E-01
 4.222667E-01
 3.823021E-01
 3.483334E-01
 3.082053E-01
 2.599717E-01
 9.667938E-01
 8.097741E-01
 6.930797E-01
 6.030579E-01
 5.315909E-01
 4.735502E-01
 4.255374E-01
 3.852119E-01
 3.509090E-01
 3.103643E-01
 2.616174E-01
 9.689551E-01
 8.121844E-01
 6.955677E-01
 6.054939E-01
 5.338914E-01
 4.756697E-01
 4.274578E-01
 3.869329E-01
 3.524405E-01
 3.116548E-01
 2.626056E-01
 9.696185E-01
 8.129394E-01
 6.963598E-01
 6.062793E-01
 5.346401E-01
 4.763643E-01
 4.280906E-01
 3.875022E-01
 3.529486E-01
 3.120840E-01
 2.629351E-01
 9.689551E-01
 8.121844E-01
 6.955677E-01
 6.054939E-01
 5.338914E-01
 4.756697E-01
 4.274578E-01
 3.869329E-01
 3.524405E-01
 3.116548E-01
 2.626056E-01
 9.667938E-01
 8.097741E-01
 6.930797E-01
 6.030579E-01
 5.315909E-01
 4.735502E-01
 4.255374E-01
 3.852119E-01
 3.509090E-01
 3.103643E-01
 2.616174E-01
 9.625743E-01
 8.052525E-01
 6.885563E-01
 5.987338E-01
 5.275805E-01
 4.699046E-01
 4.222667E-01
 3.823021E-01
 3.483334E-01
 3.082053E-01
 2.599717E-01
 9.552108E-01
 7.978022E-01
 6.814247E-01
 5.921396E-01
 5.216145E-01
 4.645799E-01
 4.175539E-01
 3.781510E-01
 3.446860E-01
 3.051691E-01
 2.576722E-01
 9.428960E-01
 7.862039E-01
 6.709005E-01
 5.827854E-01
 5.133943E-01
 4.573990E-01
 4.112978E-01
 3.727041E-01
 3.399408E-01
 3.012513E-01
 2.547268E-01
 9.229863E-01
 7.689001E-01
 6.560808E-01
 5.701529E-01
 5.026262E-01
 4.481998E-01
 4.034134E-01
 3.659219E-01
 3.340846E-01
 2.964571E-01
 2.511501E-01
 8.923241E-01
 7.443018E-01
 6.361545E-01
 5.538264E-01
 4.891012E-01
 4.368838E-01
 3.938623E-01
 3.577983E-01
 3.271283E-01
 2.908077E-01
 2.469658E-01
 8.484484E-01
 7.114130E-01
 6.107182E-01
 5.336558E-01
 4.727818E-01
 4.234641E-01
 3.826795E-01
 3.483766E-01
 3.191170E-01
 2.843454E-01
 2.422081E-01
 7.914848E-01
 6.705581E-01
 5.800774E-01
 5.098910E-01
 4.538662E-01
 4.080979E-01
 3.699911E-01
 3.377595E-01
 3.101352E-01
 2.771358E-01
 2.369226E-01
 7.114076E-01
 6.138700E-01
 5.380432E-01
 4.775984E-01
 4.283618E-01
 3.875077E-01
 3.530720E-01
 3.236552E-01
 2.982367E-01
 2.676105E-01
 2.299532E-01
 5.498875E-01
 4.942314E-01
 4.467481E-01
 4.061417E-01
 3.712203E-01
 3.409800E-01
 3.146043E-01
 2.914379E-01
 2.709560E-01
 2.456791E-01
 2.138133E-01
 1.0E-20
 4.832919E-01
 4.371748E-01
 3.977868E-01
 3.639325E-01
 3.346178E-01
 3.090411E-01
 2.865630E-01
 2.666740E-01
 2.420974E-01
 2.110606E-01
 6.952206E-01
 5.998378E-01
 5.259810E-01
 4.672517E-01
 4.194777E-01
 3.798602E-01
 3.464677E-01
 3.179317E-01
 2.932585E-01
 2.634957E-01
 2.268395E-01
 7.736473E-01
 6.551568E-01
 5.669163E-01
 4.986694E-01
 4.442842E-01
 3.998904E-01
 3.629344E-01
 3.316677E-01
 3.048551E-01
 2.727900E-01
 2.336526E-01
 8.294526E-01
 6.950429E-01
 5.967723E-01
 5.218035E-01
 4.626925E-01
 4.148464E-01
 3.752890E-01
 3.420116E-01
 3.136119E-01
 2.798264E-01
 2.388200E-01
 8.723940E-01
 7.271478E-01
 6.215647E-01
 5.414489E-01
 4.785832E-01
 4.279153E-01
 3.861833E-01
 3.511949E-01
 3.214255E-01
 2.861353E-01
 2.434724E-01
 9.023506E-01
 7.511491E-01
 6.409908E-01
 5.573585E-01
 4.917614E-01
 4.389426E-01
 3.954936E-01
 3.591173E-01
 3.282130E-01
 2.916523E-01
 2.475648E-01
 9.217650E-01
 7.680250E-01
 6.554423E-01
 5.696758E-01
 5.022607E-01
 4.479133E-01
 4.031842E-01
 3.657352E-01
 3.339300E-01
 2.963360E-01
 2.510637E-01
 9.337555E-01
 7.793338E-01
 6.657091E-01
 5.788026E-01
 5.102818E-01
 4.549210E-01
 4.092906E-01
 3.710531E-01
 3.385646E-01
 3.001649E-01
 2.539457E-01
 1.0E-20
 7.865989E-01
 6.726700E-01
 5.852412E-01
 5.161077E-01
 4.601210E-01
 4.138935E-01
 3.751082E-01
 3.421286E-01
 3.031332E-01
 2.561962E-01
 9.450237E-01
 7.910097E-01
 6.770879E-01
 5.894664E-01
 5.200268E-01
 4.636836E-01
 4.170898E-01
 3.779521E-01
 3.446463E-01
 3.052446E-01
 2.578071E-01
 9.471264E-01
 7.933620E-01
 6.795193E-01
 5.918480E-01
 5.222760E-01
 4.657557E-01
 4.189672E-01
 3.796347E-01
 3.461439E-01
 3.065069E-01
 2.587745E-01
 9.477719E-01
 7.940991E-01
 6.802937E-01
 5.926161E-01
 5.230082E-01
 4.664351E-01
 4.195859E-01
 3.801913E-01
 3.466407E-01
 3.069268E-01
 2.590971E-01
 9.471264E-01
 7.933620E-01
 6.795193E-01
 5.918480E-01
 5.222760E-01
 4.657557E-01
 4.189672E-01
 3.796347E-01
 3.461439E-01
 3.065069E-01
 2.587745E-01
 9.450237E-01
 7.910097E-01
 6.770879E-01
 5.894664E-01
 5.200268E-01
 4.636836E-01
 4.170898E-01
 3.779521E-01
 3.446463E-01
 3.052446E-01
 2.578071E-01
 9.409193E-01
 7.865989E-01
 6.726700E-01
 5.852412E-01
 5.161077E-01
 4.601210E-01
 4.138935E-01
 3.751082E-01
 3.421286E-01
 3.031332E-01
 2.561962E-01
 9.337555E-01
 7.793338E-01
 6.657091E-01
 5.788026E-01
 5.102818E-01
 4.549210E-01
 4.092906E-01
 3.710531E-01
 3.385646E-01
 3.001649E-01
 2.539457E-01
 9.217650E-01
 7.680250E-01
 6.554423E-01
 5.696758E-01
 5.022607E-01
 4.479133E-01
 4.031842E-01
 3.657352E-01
 3.339300E-01
 2.963360E-01
 2.510637E-01
 9.023506E-01
 7.511491E-01
 6.409908E-01
 5.573585E-01
 4.917614E-01
 4.389426E-01
 3.954936E-01
 3.591173E-01
 3.282130E-01
 2.916523E-01
 2.475648E-01
 8.723940E-01
 7.271478E-01
 6.215647E-01
 5.414489E-01
 4.785832E-01
 4.279153E-01
 3.861833E-01
 3.511949E-01
 3.214255E-01
 2.861353E-01
 2.434724E-01
 8.294526E-01
 6.950429E-01
 5.967723E-01
 5.218035E-01
 4.626925E-01
 4.148464E-01
 3.752890E-01
 3.420116E-01
 3.136119E-01
 2.798264E-01
 2.388200E-01
 7.736473E-01
 6.551568E-01
 5.669163E-01
 4.986694E-01
 4.442842E-01
 3.998904E-01
 3.629344E-01
 3.316677E-01
 3.048551E-01
 2.727900E-01
 2.336526E-01
 6.952206E-01
 5.998378E-01
 5.259810E-01
 4.672517E-01
 4.194777E-01
 3.798602E-01
 3.464677E-01
 3.179317E-01
 2.932585E-01
 2.634957E-01
 2.268395E-01
 5.374652E-01
 4.832919E-01
 4.371748E-01
 3.977868E-01
 3.639325E-01
 3.346178E-01
 3.090411E-01
 2.865630E-01
 2.666740E-01
 2.420974E-01
 2.110606E-01
 5.208309E-01
 4.691609E-01
 4.251440E-01
 3.875043E-01
 3.551042E-01
 3.270024E-01
 3.024417E-01
 2.808189E-01
 2.616536E-01
 2.379184E-01
 2.078621E-01
 1.0E-20
 5.808022E-01
 5.103108E-01
 4.542230E-01
 4.085421E-01
 3.706024E-01
 3.385702E-01
 3.111489E-01
 2.873981E-01
 2.586823E-01
 2.232172E-01
 1.0E-20
 6.338283E-01
 5.495846E-01
 4.844080E-01
 4.324137E-01
 3.899096E-01
 3.544684E-01
 3.244316E-01
 2.986288E-01
 2.677008E-01
 2.298465E-01
 1.0E-20
 6.721069E-01
 5.782604E-01
 5.066565E-01
 4.501435E-01
 4.043364E-01
 3.664038E-01
 3.344392E-01
 3.071128E-01
 2.745303E-01
 2.348751E-01
 8.419228E-01
 7.029630E-01
 6.021073E-01
 5.255746E-01
 4.654661E-01
 4.169551E-01
 3.769370E-01
 3.433297E-01
 3.146868E-01
 2.806560E-01
 2.394034E-01
 8.707570E-01
 7.260749E-01
 6.208277E-01
 5.409210E-01
 4.781913E-01
 4.276152E-01
 3.859475E-01
 3.510056E-01
 3.212705E-01
 2.860153E-01
 2.433877E-01
 8.894845E-01
 7.423649E-01
 6.347857E-01
 5.528256E-01
 4.883466E-01
 4.362992E-01
 3.933986E-01
 3.574232E-01
 3.268196E-01
 2.905672E-01
 2.467951E-01
 9.010849E-01
 7.533127E-01
 6.447274E-01
 5.616659E-01
 4.961187E-01
 4.430926E-01
 3.993217E-01
 3.625849E-01
 3.313214E-01
 2.942904E-01
 2.496026E-01
 1.0E-20
 7.603678E-01
 6.514858E-01
 5.679160E-01
 5.017737E-01
 4.481406E-01
 4.037914E-01
 3.665243E-01
 3.347855E-01
 2.971781E-01
 2.517954E-01
 9.120383E-01
 7.646639E-01
 6.557857E-01
 5.720254E-01
 5.055837E-01
 4.516033E-01
 4.068981E-01
 3.692891E-01
 3.372341E-01
 2.992330E-01
 2.533654E-01
 9.140927E-01
 7.669604E-01
 6.581566E-01
 5.743453E-01
 5.077728E-01
 4.536192E-01
 4.087243E-01
 3.709257E-01
 3.386912E-01
 3.004618E-01
 2.543084E-01
 9.147244E-01
 7.676809E-01
 6.589125E-01
 5.750940E-01
 5.084860E-01
 4.542804E-01
 4.093263E-01
 3.714674E-01
 3.391746E-01
 3.008706E-01
 2.546229E-01
 9.140927E-01
 7.669604E-01
 6.581566E-01
 5.743453E-01
 5.077728E-01
 4.536192E-01
 4.087243E-01
 3.709257E-01
 3.386912E-01
 3.004618E-01
 2.543084E-01
 9.120383E-01
 7.646639E-01
 6.557857E-01
 5.720254E-01
 5.055837E-01
 4.516033E-01
 4.068981E-01
 3.692891E-01
 3.372341E-01
 2.992330E-01
 2.533654E-01
 9.080398E-01
 7.603678E-01
 6.514858E-01
 5.679160E-01
 5.017737E-01
 4.481406E-01
 4.037914E-01
 3.665243E-01
 3.347855E-01
 2.971781E-01
 2.517954E-01
 9.010849E-01
 7.533127E-01
 6.447274E-01
 5.616659E-01
 4.961187E-01
 4.430926E-01
 3.993217E-01
 3.625849E-01
 3.313214E-01
 2.942904E-01
 2.496026E-01
 8.894845E-01
 7.423649E-01
 6.347857E-01
 5.528256E-01
 4.883466E-01
 4.362992E-01
 3.933986E-01
 3.574232E-01
 3.268196E-01
 2.905672E-01
 2.467951E-01
 8.707570E-01
 7.260749E-01
 6.208277E-01
 5.409210E-01
 4.781913E-01
 4.276152E-01
 3.859475E-01
 3.510056E-01
 3.212705E-01
 2.860153E-01
 2.433877E-01
 8.419228E-01
 7.029630E-01
 6.021073E-01
 5.255746E-01
 4.654661E-01
 4.169551E-01
 3.769370E-01
 3.433297E-01
 3.146868E-01
 2.806560E-01
 2.394034E-01
 8.006514E-01
 6.721069E-01
 5.782604E-01
 5.066565E-01
 4.501435E-01
 4.043364E-01
 3.664038E-01
 3.344392E-01
 3.071128E-01
 2.745303E-01
 2.348751E-01
 7.470792E-01
 6.338283E-01
 5.495846E-01
 4.844080E-01
 4.324137E-01
 3.899096E-01
 3.544684E-01
 3.244316E-01
 2.986288E-01
 2.677008E-01
 2.298465E-01
 6.718849E-01
 5.808022E-01
 5.103108E-01
 4.542230E-01
 4.085421E-01
 3.706024E-01
 3.385702E-01
 3.111489E-01
 2.873981E-01
 2.586823E-01
 2.232172E-01
 1.0E-20
 4.691609E-01
 4.251440E-01
 3.875043E-01
 3.551042E-01
 3.270024E-01
 3.024417E-01
 2.808189E-01
 2.616536E-01
 2.379184E-01
 2.078621E-01
 4.997065E-01
 4.517392E-01
 4.106415E-01
 3.753190E-01
 3.447769E-01
 3.181808E-01
 2.948533E-01
 2.742505E-01
 2.559362E-01
 2.331776E-01
 2.042454E-01
 1.0E-20
 5.563734E-01
 4.909000E-01
 4.384893E-01
 3.955787E-01
 3.597765E-01
 3.294277E-01
 3.033551E-01
 2.807008E-01
 2.532101E-01
 2.191174E-01
 1.0E-20
 6.059911E-01
 5.278759E-01
 4.670544E-01
 4.182668E-01
 3.781939E-01
 3.446409E-01
 3.161003E-01
 2.915032E-01
 2.619098E-01
 2.255367E-01
 1.0E-20
 6.418862E-01
 5.549224E-01
 4.881405E-01
 4.351384E-01
 3.919695E-01
 3.560712E-01
 3.257090E-01
 2.996675E-01
 2.684999E-01
 2.304068E-01
 7.987670E-01
 6.709374E-01
 5.774838E-01
 5.061128E-01
 4.497464E-01
 4.040360E-01
 3.661699E-01
 3.342527E-01
 3.069611E-01
 2.744136E-01
 2.347932E-01
 8.259726E-01
 6.928222E-01
 5.952707E-01
 5.207390E-01
 4.619077E-01
 4.142488E-01
 3.748212E-01
 3.416370E-01
 3.133062E-01
 2.795903E-01
 2.386539E-01
 1.0E-20
 7.083556E-01
 6.086013E-01
 5.321286E-01
 4.716410E-01
 4.225863E-01
 3.819870E-01
 3.478187E-01
 3.186594E-01
 2.839901E-01
 2.419566E-01
 8.549801E-01
 7.188749E-01
 6.181494E-01
 5.406215E-01
 4.791131E-01
 4.291238E-01
 3.876931E-01
 3.527971E-01
 3.230063E-01
 2.875911E-01
 2.446789E-01
 8.617437E-01
 7.257048E-01
 6.246760E-01
 5.466503E-01
 4.845662E-01
 4.339925E-01
 3.920062E-01
 3.566012E-01
 3.263545E-01
 2.903858E-01
 2.468058E-01
 8.656667E-01
 7.298910E-01
 6.288484E-01
 5.506282E-01
 4.882496E-01
 4.373385E-01
 3.950084E-01
 3.592739E-01
 3.287230E-01
 2.923756E-01
 2.483290E-01
 8.676955E-01
 7.321396E-01
 6.311572E-01
 5.528799E-01
 4.903702E-01
 4.392893E-01
 3.967749E-01
 3.608573E-01
 3.301331E-01
 2.935659E-01
 2.492442E-01
 8.683215E-01
 7.328470E-01
 6.318947E-01
 5.536076E-01
 4.910617E-01
 4.399296E-01
 3.973576E-01
 3.613815E-01
 3.306012E-01
 2.939620E-01
 2.495494E-01
 8.676955E-01
 7.321396E-01
 6.311572E-01
 5.528799E-01
 4.903702E-01
 4.392893E-01
 3.967749E-01
 3.608573E-01
 3.301331E-01
 2.935659E-01
 2.492442E-01
 8.656667E-01
 7.298910E-01
 6.288484E-01
 5.506282E-01
 4.882496E-01
 4.373385E-01
 3.950084E-01
 3.592739E-01
 3.287230E-01
 2.923756E-01
 2.483290E-01
 8.617437E-01
 7.257048E-01
 6.246760E-01
 5.466503E-01
 4.845662E-01
 4.339925E-01
 3.920062E-01
 3.566012E-01
 3.263545E-01
 2.903858E-01
 2.468058E-01
 8.549801E-01
 7.188749E-01
 6.181494E-01
 5.406215E-01
 4.791131E-01
 4.291238E-01
 3.876931E-01
 3.527971E-01
 3.230063E-01
 2.875911E-01
 2.446789E-01
 8.438130E-01
 7.083556E-01
 6.086013E-01
 5.321286E-01
 4.716410E-01
 4.225863E-01
 3.819870E-01
 3.478187E-01
 3.186594E-01
 2.839901E-01
 2.419566E-01
 8.259726E-01
 6.928222E-01
 5.952707E-01
 5.207390E-01
 4.619077E-01
 4.142488E-01
 3.748212E-01
 3.416370E-01
 3.133062E-01
 2.795903E-01
 2.386539E-01
 7.987670E-01
 6.709374E-01
 5.774838E-01
 5.061128E-01
 4.497464E-01
 4.040360E-01
 3.661699E-01
 3.342527E-01
 3.069611E-01
 2.744136E-01
 2.347932E-01
 7.601288E-01
 6.418862E-01
 5.549224E-01
 4.881405E-01
 4.351384E-01
 3.919695E-01
 3.560712E-01
 3.257090E-01
 2.996675E-01
 2.684999E-01
 2.304068E-01
 7.102387E-01
 6.059911E-01
 5.278759E-01
 4.670544E-01
 4.182668E-01
 3.781939E-01
 3.446409E-01
 3.161003E-01
 2.915032E-01
 2.619098E-01
 2.255367E-01
 6.403902E-01
 5.563734E-01
 4.909000E-01
 4.384893E-01
 3.955787E-01
 3.597765E-01
 3.294277E-01
 3.033551E-01
 2.807008E-01
 2.532101E-01
 2.191174E-01
 1.0E-20
 4.517392E-01
 4.106415E-01
 3.753190E-01
 3.447769E-01
 3.181808E-01
 2.948533E-01
 2.742505E-01
 2.559362E-01
 2.331776E-01
 2.042454E-01
 1.0E-20
 4.313205E-01
 3.938927E-01
 3.614060E-01
 3.330883E-01
 3.082634E-01
 2.863658E-01
 2.669317E-01
 2.495835E-01
 2.279237E-01
 2.002451E-01
 6.012651E-01
 5.269717E-01
 4.680646E-01
 4.202875E-01
 3.807678E-01
 3.475228E-01
 3.191513E-01
 2.946401E-01
 2.732404E-01
 2.471363E-01
 2.145799E-01
 1.0E-20
 5.721149E-01
 5.021446E-01
 4.468725E-01
 4.020425E-01
 3.648963E-01
 3.335723E-01
 3.067706E-01
 2.835570E-01
 2.554776E-01
 2.207654E-01
 1.0E-20
 6.048777E-01
 5.271367E-01
 4.665366E-01
 4.178883E-01
 3.779074E-01
 3.444178E-01
 3.159225E-01
 2.913585E-01
 2.617984E-01
 2.254586E-01
 7.434781E-01
 6.315831E-01
 5.480881E-01
 4.833570E-01
 4.316441E-01
 3.893265E-01
 3.540139E-01
 3.240689E-01
 2.983336E-01
 2.674735E-01
 2.296869E-01
 7.685506E-01
 6.519115E-01
 5.647227E-01
 4.971137E-01
 4.431370E-01
 3.990164E-01
 3.622503E-01
 3.311199E-01
 3.044081E-01
 2.724448E-01
 2.334096E-01
 7.853118E-01
 6.665225E-01
 5.772962E-01
 5.078899E-01
 4.523740E-01
 4.069513E-01
 3.690875E-01
 3.370321E-01
 3.095390E-01
 2.766733E-01
 2.365956E-01
 7.960127E-01
 6.765489E-01
 5.863841E-01
 5.159764E-01
 4.594971E-01
 4.131930E-01
 3.745448E-01
 3.418016E-01
 3.137106E-01
 2.801369E-01
 2.392227E-01
 8.026127E-01
 6.831407E-01
 5.926503E-01
 5.217520E-01
 4.647180E-01
 4.178559E-01
 3.786789E-01
 3.454519E-01
 3.169276E-01
 2.828271E-01
 2.412761E-01
 8.064987E-01
 6.872238E-01
 5.966862E-01
 5.255829E-01
 4.682578E-01
 4.210691E-01
 3.815621E-01
 3.480202E-01
 3.192055E-01
 2.847437E-01
 2.427472E-01
 8.085298E-01
 6.894339E-01
 5.989317E-01
 5.277597E-01
 4.703013E-01
 4.229460E-01
 3.832610E-01
 3.495432E-01
 3.205628E-01
 2.858908E-01
 2.436312E-01
 8.091600E-01
 6.901320E-01
 5.996510E-01
 5.284647E-01
 4.709686E-01
 4.235628E-01
 3.838218E-01
 3.500477E-01
 3.210134E-01
 2.862726E-01
 2.439260E-01
 8.085298E-01
 6.894339E-01
 5.989317E-01
 5.277597E-01
 4.703013E-01
 4.229460E-01
 3.832610E-01
 3.495432E-01
 3.205628E-01
 2.858908E-01
 2.436312E-01
 8.064987E-01
 6.872238E-01
 5.966862E-01
 5.255829E-01
 4.682578E-01
 4.210691E-01
 3.815621E-01
 3.480202E-01
 3.192055E-01
 2.847437E-01
 2.427472E-01
 8.026127E-01
 6.831407E-01
 5.926503E-01
 5.217520E-01
 4.647180E-01
 4.178559E-01
 3.786789E-01
 3.454519E-01
 3.169276E-01
 2.828271E-01
 2.412761E-01
 7.960127E-01
 6.765489E-01
 5.863841E-01
 5.159764E-01
 4.594971E-01
 4.131930E-01
 3.745448E-01
 3.418016E-01
 3.137106E-01
 2.801369E-01
 2.392227E-01
 7.853118E-01
 6.665225E-01
 5.772962E-01
 5.078899E-01
 4.523740E-01
 4.069513E-01
 3.690875E-01
 3.370321E-01
 3.095390E-01
 2.766733E-01
 2.365956E-01
 7.685506E-01
 6.519115E-01
 5.647227E-01
 4.971137E-01
 4.431370E-01
 3.990164E-01
 3.622503E-01
 3.311199E-01
 3.044081E-01
 2.724448E-01
 2.334096E-01
 7.434781E-01
 6.315831E-01
 5.480881E-01
 4.833570E-01
 4.316441E-01
 3.893265E-01
 3.540139E-01
 3.240689E-01
 2.983336E-01
 2.674735E-01
 2.296869E-01
 1.0E-20
 6.048777E-01
 5.271367E-01
 4.665366E-01
 4.178883E-01
 3.779074E-01
 3.444178E-01
 3.159225E-01
 2.913585E-01
 2.617984E-01
 2.254586E-01
 1.0E-20
 5.721149E-01
 5.021446E-01
 4.468725E-01
 4.020425E-01
 3.648963E-01
 3.335723E-01
 3.067706E-01
 2.835570E-01
 2.554776E-01
 2.207654E-01
 1.0E-20
 5.269717E-01
 4.680646E-01
 4.202875E-01
 3.807678E-01
 3.475228E-01
 3.191513E-01
 2.946401E-01
 2.732404E-01
 2.471363E-01
 2.145799E-01
 1.0E-20
 4.313205E-01
 3.938927E-01
 3.614060E-01
 3.330883E-01
 3.082634E-01
 2.863658E-01
 2.669317E-01
 2.495835E-01
 2.279237E-01
 2.002451E-01
 1.0E-20
 4.038630E-01
 3.714885E-01
 3.428801E-01
 3.175837E-01
 2.951482E-01
 2.751676E-01
 2.572920E-01
 2.412259E-01
 2.210181E-01
 1.949877E-01
 5.476926E-01
 4.870242E-01
 4.372653E-01
 3.958942E-01
 3.610238E-01
 3.312571E-01
 3.055554E-01
 2.831383E-01
 2.634118E-01
 2.391467E-01
 2.086157E-01
 1.0E-20
 5.259013E-01
 4.673248E-01
 4.197544E-01
 3.803699E-01
 3.472170E-01
 3.189105E-01
 2.944463E-01
 2.730817E-01
 2.470133E-01
 2.144929E-01
 1.0E-20
 5.542611E-01
 4.894563E-01
 4.374571E-01
 3.948130E-01
 3.591908E-01
 3.289679E-01
 3.029863E-01
 2.803993E-01
 2.529770E-01
 2.189530E-01
 6.670362E-01
 5.776615E-01
 5.081628E-01
 4.526871E-01
 4.074027E-01
 3.697308E-01
 3.378860E-01
 3.106000E-01
 2.869494E-01
 2.583354E-01
 2.229726E-01
 6.890689E-01
 5.957979E-01
 5.231917E-01
 4.652437E-01
 4.179806E-01
 3.787105E-01
 3.455625E-01
 3.172036E-01
 2.926624E-01
 2.630338E-01
 2.265131E-01
 7.043076E-01
 6.091174E-01
 5.347140E-01
 4.751750E-01
 4.265393E-01
 3.860985E-01
 3.519563E-01
 3.227540E-01
 2.974962E-01
 2.670346E-01
 2.295448E-01
 7.143760E-01
 6.184649E-01
 5.431680E-01
 4.827042E-01
 4.331862E-01
 3.919391E-01
 3.570778E-01
 3.272430E-01
 3.014335E-01
 2.703155E-01
 2.320461E-01
 7.207806E-01
 6.247399E-01
 5.490807E-01
 4.881346E-01
 4.380914E-01
 3.963232E-01
 3.609707E-01
 3.306870E-01
 3.044750E-01
 2.728665E-01
 2.340023E-01
 7.246470E-01
 6.286948E-01
 5.529349E-01
 4.917668E-01
 4.414367E-01
 3.993567E-01
 3.636935E-01
 3.331150E-01
 3.066318E-01
 2.746857E-01
 2.354043E-01
 7.267037E-01
 6.308623E-01
 5.550981E-01
 4.938433E-01
 4.433761E-01
 4.011340E-01
 3.653013E-01
 3.345571E-01
 3.079184E-01
 2.757753E-01
 2.362470E-01
 7.273475E-01
 6.315512E-01
 5.557942E-01
 4.945180E-01
 4.440109E-01
 4.017190E-01
 3.658326E-01
 3.350351E-01
 3.083458E-01
 2.761381E-01
 2.365282E-01
 7.267037E-01
 6.308623E-01
 5.550981E-01
 4.938433E-01
 4.433761E-01
 4.011340E-01
 3.653013E-01
 3.345571E-01
 3.079184E-01
 2.757753E-01
 2.362470E-01
 7.246470E-01
 6.286948E-01
 5.529349E-01
 4.917668E-01
 4.414367E-01
 3.993567E-01
 3.636935E-01
 3.331150E-01
 3.066318E-01
 2.746857E-01
 2.354043E-01
 7.207806E-01
 6.247399E-01
 5.490807E-01
 4.881346E-01
 4.380914E-01
 3.963232E-01
 3.609707E-01
 3.306870E-01
 3.044750E-01
 2.728665E-01
 2.340023E-01
 7.143760E-01
 6.184649E-01
 5.431680E-01
 4.827042E-01
 4.331862E-01
 3.919391E-01
 3.570778E-01
 3.272430E-01
 3.014335E-01
 2.703155E-01
 2.320461E-01
 7.043076E-01
 6.091174E-01
 5.347140E-01
 4.751750E-01
 4.265393E-01
 3.860985E-01
 3.519563E-01
 3.227540E-01
 2.974962E-01
 2.670346E-01
 2.295448E-01
 6.890689E-01
 5.957979E-01
 5.231917E-01
 4.652437E-01
 4.179806E-01
 3.787105E-01
 3.455625E-01
 3.172036E-01
 2.926624E-01
 2.630338E-01
 2.265131E-01
 6.670362E-01
 5.776615E-01
 5.081628E-01
 4.526871E-01
 4.074027E-01
 3.697308E-01
 3.378860E-01
 3.106000E-01
 2.869494E-01
 2.583354E-01
 2.229726E-01
 1.0E-20
 5.542611E-01
 4.894563E-01
 4.374571E-01
 3.948130E-01
 3.591908E-01
 3.289679E-01
 3.029863E-01
 2.803993E-01
 2.529770E-01
 2.189530E-01
 1.0E-20
 5.259013E-01
 4.673248E-01
 4.197544E-01
 3.803699E-01
 3.472170E-01
 3.189105E-01
 2.944463E-01
 2.730817E-01
 2.470133E-01
 2.144929E-01
 1.0E-20
 4.870242E-01
 4.372653E-01
 3.958942E-01
 3.610238E-01
 3.312571E-01
 3.055554E-01
 2.831383E-01
 2.634118E-01
 2.391467E-01
 2.086157E-01
 1.0E-20
 4.038630E-01
 3.714885E-01
 3.428801E-01
 3.175837E-01
 2.951482E-01
 2.751676E-01
 2.572920E-01
 2.412259E-01
 2.210181E-01
 1.949877E-01
 1.0E-20
 3.444992E-01
 3.222673E-01
 3.017008E-01
 2.828186E-01
 2.655432E-01
 2.497545E-01
 2.353181E-01
 2.221009E-01
 2.051417E-01
 1.828219E-01
 1.0E-20
 4.027147E-01
 3.706021E-01
 3.421848E-01
 3.170295E-01
 2.946998E-01
 2.747997E-01
 2.569862E-01
 2.409688E-01
 2.208131E-01
 1.948380E-01
 1.0E-20
 4.293405E-01
 3.923977E-01
 3.602535E-01
 3.321824E-01
 3.075385E-01
 2.857762E-01
 2.664453E-01
 2.491769E-01
 2.276016E-01
 2.000117E-01
 1.0E-20
 4.490094E-01
 4.086018E-01
 3.737595E-01
 3.435590E-01
 3.172113E-01
 2.940681E-01
 2.736048E-01
 2.553980E-01
 2.327526E-01
 2.039386E-01
 5.160815E-01
 4.657083E-01
 4.225718E-01
 3.855426E-01
 3.535754E-01
 3.257874E-01
 3.014591E-01
 2.800118E-01
 2.609815E-01
 2.373883E-01
 2.074799E-01
 1.0E-20
 4.792008E-01
 4.341173E-01
 3.954496E-01
 3.621079E-01
 3.331659E-01
 3.078656E-01
 2.855967E-01
 2.658689E-01
 2.414620E-01
 2.106024E-01
 1.0E-20
 4.896156E-01
 4.432738E-01
 4.034707E-01
 3.691256E-01
 3.393069E-01
 3.132458E-01
 2.903184E-01
 2.700215E-01
 2.449400E-01
 2.132794E-01
 5.520089E-01
 4.973148E-01
 4.502365E-01
 4.097045E-01
 3.746711E-01
 3.442215E-01
 3.175927E-01
 2.941607E-01
 2.734188E-01
 2.478001E-01
 2.154909E-01
 5.577285E-01
 5.027407E-01
 4.552740E-01
 4.143083E-01
 3.788322E-01
 3.479540E-01
 3.209244E-01
 2.971260E-01
 2.760541E-01
 2.500298E-01
 2.172226E-01
 5.613837E-01
 5.063020E-01
 4.586532E-01
 4.174505E-01
 3.817106E-01
 3.505627E-01
 3.232713E-01
 2.992271E-01
 2.779296E-01
 2.516234E-01
 2.184650E-01
 5.634076E-01
 5.083111E-01
 4.605893E-01
 4.192733E-01
 3.833967E-01
 3.521023E-01
 3.246643E-01
 3.004796E-01
 2.790513E-01
 2.525794E-01
 2.192125E-01
 5.640545E-01
 5.089594E-01
 4.612192E-01
 4.198701E-01
 3.839516E-01
 3.526110E-01
 3.251259E-01
 3.008957E-01
 2.794245E-01
 2.528980E-01
 2.194620E-01
 5.634076E-01
 5.083111E-01
 4.605893E-01
 4.192733E-01
 3.833967E-01
 3.521023E-01
 3.246643E-01
 3.004796E-01
 2.790513E-01
 2.525794E-01
 2.192125E-01
 5.613837E-01
 5.063020E-01
 4.586532E-01
 4.174505E-01
 3.817106E-01
 3.505627E-01
 3.232713E-01
 2.992271E-01
 2.779296E-01
 2.516234E-01
 2.184650E-01
 5.577285E-01
 5.027407E-01
 4.552740E-01
 4.143083E-01
 3.788322E-01
 3.479540E-01
 3.209244E-01
 2.971260E-01
 2.760541E-01
 2.500298E-01
 2.172226E-01
 5.520089E-01
 4.973148E-01
 4.502365E-01
 4.097045E-01
 3.746711E-01
 3.442215E-01
 3.175927E-01
 2.941607E-01
 2.734188E-01
 2.478001E-01
 2.154909E-01
 5.436224E-01
 4.896156E-01
 4.432738E-01
 4.034707E-01
 3.691256E-01
 3.393069E-01
 3.132458E-01
 2.903184E-01
 2.700215E-01
 2.449400E-01
 2.132794E-01
 5.318621E-01
 4.792008E-01
 4.341173E-01
 3.954496E-01
 3.621079E-01
 3.331659E-01
 3.078656E-01
 2.855967E-01
 2.658689E-01
 2.414620E-01
 2.106024E-01
 1.0E-20
 4.657083E-01
 4.225718E-01
 3.855426E-01
 3.535754E-01
 3.257874E-01
 3.014591E-01
 2.800118E-01
 2.609815E-01
 2.373883E-01
 2.074799E-01
 1.0E-20
 4.490094E-01
 4.086018E-01
 3.737595E-01
 3.435590E-01
 3.172113E-01
 2.940681E-01
 2.736048E-01
 2.553980E-01
 2.327526E-01
 2.039386E-01
 1.0E-20
 4.293405E-01
 3.923977E-01
 3.602535E-01
 3.321824E-01
 3.075385E-01
 2.857762E-01
 2.664453E-01
 2.491769E-01
 2.276016E-01
 2.000117E-01
 1.0E-20
 4.027147E-01
 3.706021E-01
 3.421848E-01
 3.170295E-01
 2.946998E-01
 2.747997E-01
 2.569862E-01
 2.409688E-01
 2.208131E-01
 1.948380E-01
 1.0E-20
 3.444992E-01
 3.222673E-01
 3.017008E-01
 2.828186E-01
 2.655432E-01
 2.497545E-01
 2.353181E-01
 2.221009E-01
 2.051417E-01
 1.828219E-01
