 1.0E-20
 3.25759E-06
 2.95634E-06
 2.68818E-06
 2.45021E-06
 2.23362E-06
 2.03732E-06
 1.86138E-06
 1.70312E-06
 1.50122E-06
 1.24491E-06
 1.0E-20
 4.26545E-06
 3.78128E-06
 3.37345E-06
 3.02443E-06
 2.71795E-06
 2.44754E-06
 2.20782E-06
 1.99583E-06
 1.73276E-06
 1.40714E-06
 1.0E-20
 4.82031E-06
 4.22608E-06
 3.73511E-06
 3.32112E-06
 2.96478E-06
 2.65312E-06
 2.38001E-06
 2.14040E-06
 1.84519E-06
 1.48439E-06
 1.0E-20
 5.29397E-06
 4.59925E-06
 4.03384E-06
 3.56634E-06
 3.16665E-06
 2.82098E-06
 2.51969E-06
 2.25657E-06
 1.93522E-06
 1.54566E-06
 1.0E-20
 5.75566E-06
 4.95694E-06
 4.32093E-06
 3.79880E-06
 3.35822E-06
 2.97951E-06
 2.65098E-06
 2.36597E-06
 2.01956E-06
 1.60277E-06
 1.0E-20
 6.17926E-06
 5.29045E-06
 4.58344E-06
 4.01229E-06
 3.53233E-06
 3.12320E-06
 2.77023E-06
 2.46468E-06
 2.09555E-06
 1.65412E-06
 1.0E-20
 6.54355E-06
 5.58390E-06
 4.81830E-06
 4.19875E-06
 3.68461E-06
 3.24811E-06
 2.87333E-06
 2.55038E-06
 2.16137E-06
 1.69838E-06
 1.0E-20
 6.83475E-06
 5.82491E-06
 5.01511E-06
 4.35714E-06
 3.81072E-06
 3.35133E-06
 2.95828E-06
 2.62033E-06
 2.21511E-06
 1.73453E-06
 1.0E-20
 7.04671E-06
 6.00687E-06
 5.16706E-06
 4.48107E-06
 3.91038E-06
 3.43056E-06
 3.02326E-06
 2.67369E-06
 2.25581E-06
 1.76180E-06
 1.0E-20
 7.18454E-06
 6.12597E-06
 5.26927E-06
 4.56614E-06
 3.97954E-06
 3.48604E-06
 3.06725E-06
 2.70958E-06
 2.28287E-06
 1.77969E-06
 1.0E-20
 7.25801E-06
 6.18588E-06
 5.32013E-06
 4.60991E-06
 4.01592E-06
 3.51541E-06
 3.09069E-06
 2.72775E-06
 2.29609E-06
 1.78832E-06
 1.0E-20
 7.27142E-06
 6.19157E-06
 5.32272E-06
 4.61180E-06
 4.01822E-06
 3.51762E-06
 3.09254E-06
 2.72890E-06
 2.29600E-06
 1.78784E-06
 1.0E-20
 7.22600E-06
 6.14518E-06
 5.27987E-06
 4.57414E-06
 3.98683E-06
 3.49265E-06
 3.07259E-06
 2.71277E-06
 2.28342E-06
 1.77870E-06
 1.0E-20
 7.12193E-06
 6.04816E-06
 5.19377E-06
 4.49946E-06
 3.92423E-06
 3.44133E-06
 3.03149E-06
 2.67971E-06
 2.25868E-06
 1.76165E-06
 1.0E-20
 6.95851E-06
 5.90305E-06
 5.06696E-06
 4.39090E-06
 3.83304E-06
 3.36610E-06
 2.97041E-06
 2.63055E-06
 2.22226E-06
 1.73740E-06
 1.0E-20
 6.73801E-06
 5.71143E-06
 4.90318E-06
 4.25176E-06
 3.71637E-06
 3.26974E-06
 2.89132E-06
 2.56640E-06
 2.17466E-06
 1.70596E-06
 1.0E-20
 6.46022E-06
 5.47724E-06
 4.70613E-06
 4.08523E-06
 3.57740E-06
 3.15454E-06
 2.79612E-06
 2.48843E-06
 2.11615E-06
 1.66694E-06
 1.0E-20
 6.12684E-06
 5.20318E-06
 4.47730E-06
 3.89311E-06
 3.41712E-06
 3.02049E-06
 2.68453E-06
 2.39581E-06
 2.04516E-06
 1.61888E-06
 1.0E-20
 5.73455E-06
 4.88680E-06
 4.21395E-06
 3.67387E-06
 3.23333E-06
 2.86637E-06
 2.55596E-06
 2.28825E-06
 1.96211E-06
 1.56247E-06
 1.0E-20
 5.29631E-06
 4.53327E-06
 3.92408E-06
 3.43362E-06
 3.03174E-06
 2.69763E-06
 2.41420E-06
 2.16940E-06
 1.86974E-06
 1.49913E-06
 1.0E-20
 4.82747E-06
 4.15946E-06
 3.62016E-06
 3.18057E-06
 2.82035E-06
 2.51949E-06
 2.26409E-06
 2.04318E-06
 1.77070E-06
 1.43059E-06
 1.0E-20
 4.25340E-06
 3.70555E-06
 3.25036E-06
 2.87468E-06
 2.56263E-06
 2.30147E-06
 2.07952E-06
 1.88638E-06
 1.64665E-06
 1.34346E-06
 1.0E-20
 3.20088E-06
 2.83533E-06
 2.53151E-06
 2.27419E-06
 2.05516E-06
 1.86756E-06
 1.70644E-06
 1.56592E-06
 1.38836E-06
 1.15703E-06
 1.0E-20
 4.74103E-06
 4.24348E-06
 3.79623E-06
 3.39772E-06
 3.04863E-06
 2.74072E-06
 2.46735E-06
 2.22576E-06
 1.92848E-06
 1.56280E-06
 1.0E-20
 6.61873E-06
 5.71584E-06
 4.96372E-06
 4.33584E-06
 3.80682E-06
 3.35615E-06
 2.97105E-06
 2.63942E-06
 2.24320E-06
 1.77306E-06
 1.0E-20
 7.66137E-06
 6.50758E-06
 5.58125E-06
 4.82384E-06
 4.19595E-06
 3.67000E-06
 3.22387E-06
 2.84456E-06
 2.39734E-06
 1.87388E-06
 1.0E-20
 8.55822E-06
 7.18695E-06
 6.10369E-06
 5.23270E-06
 4.52008E-06
 3.92814E-06
 3.43144E-06
 3.01215E-06
 2.52207E-06
 1.95456E-06
 1.14933E-05
 9.41597E-06
 7.83354E-06
 6.60230E-06
 5.62290E-06
 4.82784E-06
 4.17377E-06
 3.62810E-06
 3.17030E-06
 2.63942E-06
 2.02983E-06
 1.25043E-05
 1.01675E-05
 8.41268E-06
 7.05108E-06
 5.97416E-06
 5.10704E-06
 4.39607E-06
 3.80615E-06
 3.31360E-06
 2.74535E-06
 2.09748E-06
 1.0E-20
 1.07976E-05
 8.89731E-06
 7.43174E-06
 6.27440E-06
 5.34502E-06
 4.58702E-06
 3.95920E-06
 3.43651E-06
 2.83621E-06
 2.15536E-06
 1.39890E-05
 1.13008E-05
 9.28537E-06
 7.73392E-06
 6.51412E-06
 5.53606E-06
 4.73968E-06
 4.08214E-06
 3.53548E-06
 2.90921E-06
 2.20180E-06
 1.0E-20
 1.16740E-05
 9.57648E-06
 7.95844E-06
 6.68934E-06
 5.67552E-06
 4.85141E-06
 4.17150E-06
 3.60757E-06
 2.96235E-06
 2.23548E-06
 1.0E-20
 1.19181E-05
 9.76830E-06
 8.10647E-06
 6.80129E-06
 5.76216E-06
 4.92014E-06
 4.22631E-06
 3.65123E-06
 2.99439E-06
 2.25586E-06
 1.49338E-05
 1.20429E-05
 9.86081E-06
 8.17488E-06
 6.85130E-06
 5.79693E-06
 4.94598E-06
 4.24615E-06
 3.66663E-06
 3.00533E-06
 2.26261E-06
 1.49664E-05
 1.20515E-05
 9.85609E-06
 8.16300E-06
 6.83689E-06
 5.78183E-06
 4.93041E-06
 4.23203E-06
 3.65447E-06
 2.99565E-06
 2.25608E-06
 1.48623E-05
 1.19448E-05
 9.75467E-06
 8.07216E-06
 6.75834E-06
 5.71591E-06
 4.87540E-06
 4.18605E-06
 3.61633E-06
 2.96656E-06
 2.23711E-06
 1.46167E-05
 1.17199E-05
 9.55747E-06
 7.90365E-06
 6.61806E-06
 5.60064E-06
 4.78182E-06
 4.11057E-06
 3.55467E-06
 2.91993E-06
 2.20680E-06
 1.42191E-05
 1.13750E-05
 9.26466E-06
 7.66078E-06
 6.41964E-06
 5.43984E-06
 4.65250E-06
 4.00746E-06
 3.47187E-06
 2.85790E-06
 2.16639E-06
 1.0E-20
 1.09078E-05
 8.88072E-06
 7.34964E-06
 6.16918E-06
 5.23878E-06
 4.49188E-06
 3.87980E-06
 3.37001E-06
 2.78268E-06
 2.11725E-06
 1.29244E-05
 1.03231E-05
 8.41482E-06
 6.97959E-06
 5.87496E-06
 5.00415E-06
 4.30519E-06
 3.73122E-06
 3.25123E-06
 2.69527E-06
 2.06004E-06
 1.20346E-05
 9.63662E-06
 7.88183E-06
 6.56282E-06
 5.54548E-06
 4.74244E-06
 4.09682E-06
 3.56416E-06
 3.11693E-06
 2.59540E-06
 1.99366E-06
 1.10212E-05
 8.87244E-06
 7.29820E-06
 6.10728E-06
 5.18409E-06
 4.45391E-06
 3.86368E-06
 3.37510E-06
 2.96326E-06
 2.47954E-06
 1.91627E-06
 9.87615E-06
 8.02069E-06
 6.65028E-06
 5.60076E-06
 4.78343E-06
 4.13317E-06
 3.60479E-06
 3.16542E-06
 2.79203E-06
 2.35004E-06
 1.82989E-06
 1.0E-20
 7.11997E-06
 5.96206E-06
 5.06676E-06
 4.36085E-06
 3.79396E-06
 3.33094E-06
 2.94225E-06
 2.60933E-06
 2.21118E-06
 1.73665E-06
 1.0E-20
 6.06128E-06
 5.15012E-06
 4.42955E-06
 3.85295E-06
 3.38439E-06
 2.99618E-06
 2.66787E-06
 2.38323E-06
 2.03769E-06
 1.61889E-06
 4.94700E-06
 4.27907E-06
 3.73060E-06
 3.28303E-06
 2.91406E-06
 2.60607E-06
 2.34802E-06
 2.12574E-06
 1.92804E-06
 1.68095E-06
 1.37009E-06
 1.0E-20
 5.67887E-06
 5.02035E-06
 4.44150E-06
 3.93653E-06
 3.49902E-06
 3.12046E-06
 2.78981E-06
 2.50039E-06
 2.14944E-06
 1.72402E-06
 1.0E-20
 8.22221E-06
 6.94841E-06
 5.92777E-06
 5.09888E-06
 4.41797E-06
 3.85261E-06
 3.37887E-06
 2.97801E-06
 2.50727E-06
 1.95855E-06
 1.18334E-05
 9.62540E-06
 7.97640E-06
 6.70464E-06
 5.69928E-06
 4.88666E-06
 4.22396E-06
 3.67505E-06
 3.21543E-06
 2.68276E-06
 2.07103E-06
 1.36089E-05
 1.08569E-05
 8.87004E-06
 7.37281E-06
 6.20827E-06
 5.28187E-06
 4.53343E-06
 3.91953E-06
 3.41034E-06
 2.82548E-06
 2.16140E-06
 1.52793E-05
 1.20351E-05
 9.72835E-06
 8.01256E-06
 6.69778E-06
 5.66016E-06
 4.82898E-06
 4.15266E-06
 3.59508E-06
 2.96001E-06
 2.24590E-06
 1.67005E-05
 1.30621E-05
 1.04907E-05
 8.58937E-06
 7.13948E-06
 6.00359E-06
 5.09781E-06
 4.36400E-06
 3.76290E-06
 3.08181E-06
 2.32174E-06
 1.0E-20
 1.38964E-05
 1.11224E-05
 9.07332E-06
 7.51528E-06
 6.29690E-06
 5.32815E-06
 4.54599E-06
 3.90693E-06
 3.18612E-06
 2.38661E-06
 1.86395E-05
 1.45325E-05
 1.16135E-05
 9.45329E-06
 7.81157E-06
 6.53056E-06
 5.51228E-06
 4.69142E-06
 4.02252E-06
 3.26981E-06
 2.43832E-06
 1.0E-20
 1.49911E-05
 1.19662E-05
 9.72680E-06
 8.02487E-06
 6.69844E-06
 5.64535E-06
 4.79661E-06
 4.10574E-06
 3.33006E-06
 2.47550E-06
 1.0E-20
 1.52916E-05
 1.21915E-05
 9.89729E-06
 8.15534E-06
 6.79958E-06
 5.72482E-06
 4.85938E-06
 4.15519E-06
 3.36558E-06
 2.49724E-06
 1.98472E-05
 1.54411E-05
 1.22961E-05
 9.96901E-06
 8.20488E-06
 6.83492E-06
 5.75095E-06
 4.87918E-06
 4.17039E-06
 3.37600E-06
 2.50319E-06
 1.98764E-05
 1.54410E-05
 1.22794E-05
 9.94358E-06
 8.17623E-06
 6.80666E-06
 5.72554E-06
 4.85729E-06
 4.15210E-06
 3.36186E-06
 2.49387E-06
 1.97225E-05
 1.52901E-05
 1.21399E-05
 9.81998E-06
 8.07018E-06
 6.71770E-06
 5.65133E-06
 4.79627E-06
 4.10232E-06
 3.32461E-06
 2.47008E-06
 1.93769E-05
 1.49820E-05
 1.18756E-05
 9.59831E-06
 7.88806E-06
 6.56969E-06
 5.53212E-06
 4.69957E-06
 4.02407E-06
 3.26655E-06
 2.43314E-06
 1.88144E-05
 1.45094E-05
 1.14849E-05
 9.28125E-06
 7.63331E-06
 6.36667E-06
 5.37083E-06
 4.57128E-06
 3.92117E-06
 3.19047E-06
 2.38465E-06
 1.0E-20
 1.38635E-05
 1.09711E-05
 8.87474E-06
 7.31312E-06
 6.11496E-06
 5.17262E-06
 4.41513E-06
 3.79738E-06
 3.09932E-06
 2.32633E-06
 1.69468E-05
 1.30497E-05
 1.03450E-05
 8.39105E-06
 6.93854E-06
 5.82295E-06
 4.94412E-06
 4.23577E-06
 3.65543E-06
 2.99557E-06
 2.25940E-06
 1.56341E-05
 1.20909E-05
 9.62902E-06
 7.84896E-06
 6.52317E-06
 5.50030E-06
 4.69195E-06
 4.03707E-06
 3.49750E-06
 2.87952E-06
 2.18327E-06
 1.41373E-05
 1.10301E-05
 8.85242E-06
 7.26657E-06
 6.07472E-06
 5.15082E-06
 4.41605E-06
 3.81615E-06
 3.31941E-06
 2.74662E-06
 2.09504E-06
 1.25183E-05
 9.87761E-06
 8.00627E-06
 6.62504E-06
 5.57875E-06
 4.76260E-06
 4.10766E-06
 3.56947E-06
 3.12046E-06
 2.59786E-06
 1.99671E-06
 1.07403E-05
 8.63739E-06
 7.10043E-06
 5.94223E-06
 5.05288E-06
 4.34929E-06
 3.77956E-06
 3.30644E-06
 2.90741E-06
 2.43795E-06
 1.89070E-06
 1.0E-20
 7.18767E-06
 6.02879E-06
 5.12824E-06
 4.41694E-06
 3.84707E-06
 3.37875E-06
 2.98271E-06
 2.64355E-06
 2.23850E-06
 1.75717E-06
 1.0E-20
 4.86321E-06
 4.21383E-06
 3.68840E-06
 3.26120E-06
 2.90594E-06
 2.60632E-06
 2.34531E-06
 2.11438E-06
 1.82914E-06
 1.47583E-06
 1.0E-20
 6.49295E-06
 5.68654E-06
 4.98981E-06
 4.39107E-06
 3.87823E-06
 3.43889E-06
 3.05882E-06
 2.72900E-06
 2.33276E-06
 1.85762E-06
 1.0E-20
 9.63241E-06
 8.01308E-06
 6.74901E-06
 5.74388E-06
 4.93238E-06
 4.26836E-06
 3.71890E-06
 3.25900E-06
 2.72563E-06
 2.11174E-06
 1.42738E-05
 1.13412E-05
 9.24041E-06
 7.66056E-06
 6.43730E-06
 5.46668E-06
 4.68674E-06
 4.04920E-06
 3.52209E-06
 2.91833E-06
 2.23359E-06
 1.65394E-05
 1.28643E-05
 1.03198E-05
 8.45259E-06
 7.03089E-06
 5.92105E-06
 5.03832E-06
 4.32405E-06
 3.73913E-06
 3.07556E-06
 2.33176E-06
 1.86939E-05
 1.43339E-05
 1.13640E-05
 9.21631E-06
 7.60530E-06
 6.35854E-06
 5.37583E-06
 4.58730E-06
 3.94569E-06
 3.22416E-06
 2.42371E-06
 2.05133E-05
 1.56143E-05
 1.22930E-05
 9.90632E-06
 8.12571E-06
 6.75715E-06
 5.68384E-06
 4.82673E-06
 4.13380E-06
 3.35892E-06
 2.50625E-06
 2.19052E-05
 1.66430E-05
 1.30592E-05
 1.04846E-05
 8.56873E-06
 7.09815E-06
 5.94825E-06
 5.03320E-06
 4.29548E-06
 3.47443E-06
 2.57672E-06
 2.29114E-05
 1.74119E-05
 1.36476E-05
 1.09356E-05
 8.91705E-06
 7.36952E-06
 6.15953E-06
 5.19817E-06
 4.42515E-06
 3.56698E-06
 2.63271E-06
 2.36177E-05
 1.79493E-05
 1.40620E-05
 1.12561E-05
 9.16576E-06
 7.56369E-06
 6.31164E-06
 5.31708E-06
 4.51819E-06
 3.63329E-06
 2.67266E-06
 2.40846E-05
 1.82918E-05
 1.43169E-05
 1.14503E-05
 9.31485E-06
 7.67914E-06
 6.40146E-06
 5.38718E-06
 4.57275E-06
 3.67178E-06
 2.69550E-06
 2.43259E-05
 1.84591E-05
 1.44283E-05
 1.15243E-05
 9.36682E-06
 7.71683E-06
 6.42906E-06
 5.40776E-06
 4.58820E-06
 3.68195E-06
 2.70080E-06
 2.43508E-05
 1.84496E-05
 1.43991E-05
 1.14851E-05
 9.32517E-06
 7.67919E-06
 6.39645E-06
 5.38018E-06
 4.56533E-06
 3.66435E-06
 2.68913E-06
 2.41529E-05
 1.82592E-05
 1.42252E-05
 1.13322E-05
 9.19446E-06
 7.56971E-06
 6.30678E-06
 5.30731E-06
 4.50641E-06
 3.62065E-06
 2.66138E-06
 2.37174E-05
 1.78774E-05
 1.39020E-05
 1.10641E-05
 8.97598E-06
 7.39322E-06
 6.16479E-06
 5.19319E-06
 4.41490E-06
 3.55344E-06
 2.61906E-06
 2.30086E-05
 1.72915E-05
 1.34256E-05
 1.06826E-05
 8.67292E-06
 7.15387E-06
 5.97580E-06
 5.04310E-06
 4.29526E-06
 3.46596E-06
 2.56403E-06
 1.0E-20
 1.64877E-05
 1.27979E-05
 1.01940E-05
 8.29326E-06
 6.85878E-06
 5.74550E-06
 4.86267E-06
 4.15254E-06
 3.36174E-06
 2.49832E-06
 2.06266E-05
 1.54694E-05
 1.20313E-05
 9.61287E-06
 7.85021E-06
 6.51803E-06
 5.48179E-06
 4.65725E-06
 3.99088E-06
 3.24406E-06
 2.42351E-06
 1.89308E-05
 1.42661E-05
 1.11547E-05
 8.96312E-06
 7.36107E-06
 6.14390E-06
 5.19303E-06
 4.43192E-06
 3.81322E-06
 3.11443E-06
 2.33937E-06
 1.69932E-05
 1.29407E-05
 1.02106E-05
 8.27095E-06
 6.83867E-06
 5.74346E-06
 4.88130E-06
 4.18519E-06
 3.61564E-06
 2.96772E-06
 2.24227E-06
 1.49411E-05
 1.15353E-05
 9.19906E-06
 7.51709E-06
 6.26457E-06
 5.29965E-06
 4.53254E-06
 3.90853E-06
 3.39404E-06
 2.80322E-06
 2.13409E-06
 1.26681E-05
 1.00001E-05
 8.10495E-06
 6.70783E-06
 5.65152E-06
 4.82465E-06
 4.15978E-06
 3.61242E-06
 3.15607E-06
 2.62613E-06
 2.01753E-06
 1.0E-20
 8.19780E-06
 6.80514E-06
 5.73906E-06
 4.90743E-06
 4.24584E-06
 3.70320E-06
 3.24714E-06
 2.86078E-06
 2.40497E-06
 1.87078E-06
 1.0E-20
 5.36290E-06
 4.62987E-06
 4.03982E-06
 3.56111E-06
 3.16331E-06
 2.82444E-06
 2.52867E-06
 2.26909E-06
 1.95152E-06
 1.56234E-06
 8.36407E-06
 7.26514E-06
 6.32191E-06
 5.51507E-06
 4.82792E-06
 4.24354E-06
 3.74613E-06
 3.31873E-06
 2.95016E-06
 2.51043E-06
 1.98752E-06
 1.35495E-05
 1.09513E-05
 9.01766E-06
 7.52859E-06
 6.35874E-06
 5.42435E-06
 4.66707E-06
 4.04564E-06
 3.52944E-06
 2.93597E-06
 2.25999E-06
 1.64861E-05
 1.29290E-05
 1.04219E-05
 8.56101E-06
 7.13644E-06
 6.01840E-06
 5.12842E-06
 4.40728E-06
 3.81574E-06
 3.14461E-06
 2.39053E-06
 1.91690E-05
 1.47104E-05
 1.16696E-05
 9.46643E-06
 7.80802E-06
 6.52749E-06
 5.51897E-06
 4.71029E-06
 4.05339E-06
 3.31534E-06
 2.49597E-06
 2.17555E-05
 1.64469E-05
 1.28866E-05
 1.03465E-05
 8.46208E-06
 7.02056E-06
 5.89583E-06
 5.00170E-06
 4.28038E-06
 3.47717E-06
 2.59488E-06
 2.39471E-05
 1.79666E-05
 1.39743E-05
 1.11450E-05
 9.05756E-06
 7.47171E-06
 6.24104E-06
 5.26769E-06
 4.48756E-06
 3.62416E-06
 2.68373E-06
 2.56154E-05
 1.91848E-05
 1.48717E-05
 1.18154E-05
 9.56573E-06
 7.85874E-06
 6.53817E-06
 5.49752E-06
 4.66598E-06
 3.75020E-06
 2.75951E-06
 2.68031E-05
 2.00878E-05
 1.55578E-05
 1.23375E-05
 9.96574E-06
 8.16706E-06
 6.77586E-06
 5.68137E-06
 4.80911E-06
 3.85109E-06
 2.81950E-06
 2.76136E-05
 2.07086E-05
 1.60362E-05
 1.27063E-05
 1.02508E-05
 8.38751E-06
 6.94682E-06
 5.81369E-06
 4.91163E-06
 3.92312E-06
 2.86192E-06
 2.81401E-05
 2.10914E-05
 1.63244E-05
 1.29267E-05
 1.04201E-05
 8.51788E-06
 7.04723E-06
 5.89120E-06
 4.97124E-06
 3.96442E-06
 2.88567E-06
 2.84102E-05
 2.12722E-05
 1.64410E-05
 1.30061E-05
 1.04767E-05
 8.55903E-06
 7.07698E-06
 5.91293E-06
 4.98712E-06
 3.97436E-06
 2.89024E-06
 2.84303E-05
 2.12522E-05
 1.63979E-05
 1.29521E-05
 1.04247E-05
 8.51368E-06
 7.03818E-06
 5.88030E-06
 4.96009E-06
 3.95351E-06
 2.87623E-06
 2.81905E-05
 2.10235E-05
 1.61903E-05
 1.27701E-05
 1.02693E-05
 8.38583E-06
 6.93440E-06
 5.79652E-06
 4.89265E-06
 3.90369E-06
 2.84463E-06
 2.76701E-05
 2.05715E-05
 1.58106E-05
 1.24571E-05
 1.00155E-05
 8.18145E-06
 6.77102E-06
 5.66616E-06
 4.78873E-06
 3.82783E-06
 2.79714E-06
 2.68240E-05
 1.98788E-05
 1.52528E-05
 1.20142E-05
 9.66615E-06
 7.90717E-06
 6.55494E-06
 5.49527E-06
 4.65337E-06
 3.72960E-06
 2.73586E-06
 2.56038E-05
 1.89272E-05
 1.45178E-05
 1.14480E-05
 9.23008E-06
 7.57083E-06
 6.29373E-06
 5.29119E-06
 4.49245E-06
 3.61308E-06
 2.66314E-06
 2.39673E-05
 1.77192E-05
 1.36202E-05
 1.07754E-05
 8.72258E-06
 7.18413E-06
 5.99645E-06
 5.06082E-06
 4.31171E-06
 3.48219E-06
 2.58089E-06
 2.19274E-05
 1.62921E-05
 1.25953E-05
 1.00256E-05
 8.16461E-06
 6.76187E-06
 5.67318E-06
 4.81028E-06
 4.11526E-06
 3.33944E-06
 2.48928E-06
 1.96036E-05
 1.47286E-05
 1.14982E-05
 9.23249E-06
 7.57388E-06
 6.31427E-06
 5.32804E-06
 4.53943E-06
 3.89985E-06
 3.17986E-06
 2.38386E-06
 1.71839E-05
 1.31019E-05
 1.03412E-05
 8.37837E-06
 6.92926E-06
 5.81994E-06
 4.94221E-06
 4.23508E-06
 3.65723E-06
 3.00057E-06
 2.26626E-06
 1.44896E-05
 1.13056E-05
 9.07639E-06
 7.45330E-06
 6.23576E-06
 5.28775E-06
 4.52776E-06
 3.90802E-06
 3.39588E-06
 2.80726E-06
 2.13957E-06
 1.13712E-05
 9.17884E-06
 7.56342E-06
 6.33927E-06
 5.39052E-06
 4.63660E-06
 4.01822E-06
 3.50330E-06
 3.07074E-06
 2.56546E-06
 1.98008E-06
 6.87133E-06
 5.85030E-06
 5.04022E-06
 4.38810E-06
 3.85930E-06
 3.41724E-06
 3.03664E-06
 2.70665E-06
 2.41899E-06
 2.06956E-06
 1.64545E-06
 1.0E-20
 7.95503E-06
 6.88919E-06
 5.98868E-06
 5.22606E-06
 4.57925E-06
 4.03040E-06
 3.56058E-06
 3.15699E-06
 2.67764E-06
 2.11090E-06
 1.52015E-05
 1.21541E-05
 9.91581E-06
 8.21933E-06
 6.90981E-06
 5.87030E-06
 5.03163E-06
 4.34654E-06
 3.78005E-06
 3.13228E-06
 2.39982E-06
 1.85870E-05
 1.43884E-05
 1.14758E-05
 9.35096E-06
 7.75683E-06
 6.51447E-06
 5.52956E-06
 4.73511E-06
 4.08632E-06
 3.35475E-06
 2.53807E-06
 2.16755E-05
 1.64079E-05
 1.28707E-05
 1.03499E-05
 8.49408E-06
 7.07025E-06
 5.95382E-06
 5.06270E-06
 4.34207E-06
 3.53741E-06
 2.64997E-06
 2.46625E-05
 1.83824E-05
 1.42355E-05
 1.13284E-05
 9.21669E-06
 7.61164E-06
 6.36513E-06
 5.37901E-06
 4.58720E-06
 3.71103E-06
 2.75511E-06
 2.71814E-05
 2.01062E-05
 1.54582E-05
 1.22212E-05
 9.87801E-06
 8.10920E-06
 6.74330E-06
 5.66863E-06
 4.81149E-06
 3.86900E-06
 2.84963E-06
 2.90783E-05
 2.14864E-05
 1.64705E-05
 1.29740E-05
 1.04444E-05
 8.53750E-06
 7.06977E-06
 5.91936E-06
 5.00492E-06
 4.00456E-06
 2.93018E-06
 3.04245E-05
 2.25085E-05
 1.72448E-05
 1.35611E-05
 1.08914E-05
 8.87943E-06
 7.33143E-06
 6.12023E-06
 5.16009E-06
 4.11293E-06
 2.99376E-06
 3.13317E-05
 2.32068E-05
 1.77831E-05
 1.39755E-05
 1.12103E-05
 9.12422E-06
 7.51971E-06
 6.26477E-06
 5.27113E-06
 4.18996E-06
 3.03835E-06
 3.19047E-05
 2.36298E-05
 1.81043E-05
 1.42219E-05
 1.13995E-05
 9.26883E-06
 7.63010E-06
 6.34911E-06
 5.33530E-06
 4.23365E-06
 3.06269E-06
 3.21974E-05
 2.38192E-05
 1.82287E-05
 1.43085E-05
 1.14621E-05
 9.31390E-06
 7.66220E-06
 6.37204E-06
 5.35154E-06
 4.24321E-06
 3.06636E-06
 3.22128E-05
 2.37884E-05
 1.81715E-05
 1.42435E-05
 1.14025E-05
 9.26236E-06
 7.61822E-06
 6.33500E-06
 5.32071E-06
 4.21925E-06
 3.04997E-06
 3.19373E-05
 2.35258E-05
 1.79331E-05
 1.40345E-05
 1.12263E-05
 9.11866E-06
 7.50206E-06
 6.24149E-06
 5.24555E-06
 4.16374E-06
 3.01465E-06
 3.13451E-05
 2.30131E-05
 1.75036E-05
 1.36814E-05
 1.09404E-05
 8.88943E-06
 7.31975E-06
 6.09659E-06
 5.13038E-06
 4.07992E-06
 2.96226E-06
 3.03791E-05
 2.22290E-05
 1.68753E-05
 1.31845E-05
 1.05499E-05
 8.58329E-06
 7.07910E-06
 5.90712E-06
 4.98087E-06
 3.97187E-06
 2.89515E-06
 2.89751E-05
 2.11458E-05
 1.60480E-05
 1.25510E-05
 1.00643E-05
 8.21002E-06
 6.78983E-06
 5.68141E-06
 4.80363E-06
 3.84420E-06
 2.81595E-06
 2.70794E-05
 1.97643E-05
 1.50347E-05
 1.18004E-05
 9.50105E-06
 7.78284E-06
 6.46259E-06
 5.42848E-06
 4.60535E-06
 3.70145E-06
 2.72693E-06
 2.47057E-05
 1.81277E-05
 1.38775E-05
 1.09657E-05
 8.88440E-06
 7.31883E-06
 6.10903E-06
 5.15558E-06
 4.39192E-06
 3.54678E-06
 2.62857E-06
 2.19993E-05
 1.63381E-05
 1.26432E-05
 1.00875E-05
 8.23653E-06
 6.83107E-06
 5.73509E-06
 4.86374E-06
 4.16095E-06
 3.37577E-06
 2.51582E-06
 1.92082E-05
 1.45009E-05
 1.13592E-05
 9.15176E-06
 7.53409E-06
 6.29429E-06
 5.31761E-06
 4.53544E-06
 3.89994E-06
 3.18322E-06
 2.38954E-06
 1.61049E-05
 1.24645E-05
 9.94521E-06
 8.13104E-06
 6.77265E-06
 5.71284E-06
 4.86680E-06
 4.18111E-06
 3.61781E-06
 2.97524E-06
 2.25345E-06
 1.25103E-05
 1.00499E-05
 8.25090E-06
 6.89323E-06
 5.83950E-06
 4.99784E-06
 4.31013E-06
 3.74103E-06
 3.26587E-06
 2.71464E-06
 2.08211E-06
 7.39895E-06
 6.29763E-06
 5.42192E-06
 4.71622E-06
 4.14184E-06
 3.65434E-06
 3.23507E-06
 2.87314E-06
 2.55908E-06
 2.17979E-06
 1.72299E-06
 1.0E-20
 8.61585E-06
 7.43022E-06
 6.43256E-06
 5.59212E-06
 4.88315E-06
 4.28510E-06
 3.77683E-06
 3.34352E-06
 2.83018E-06
 2.22525E-06
 1.0E-20
 1.33160E-05
 1.07919E-05
 8.88904E-06
 7.42924E-06
 6.27920E-06
 5.35870E-06
 4.61276E-06
 4.00291E-06
 3.30927E-06
 2.52821E-06
 1.0E-20
 1.58043E-05
 1.25118E-05
 1.01256E-05
 8.34605E-06
 6.97056E-06
 5.88860E-06
 5.02312E-06
 4.32519E-06
 3.54293E-06
 2.67293E-06
 2.40157E-05
 1.80567E-05
 1.40559E-05
 1.12214E-05
 9.14738E-06
 7.56931E-06
 6.34192E-06
 5.37061E-06
 4.59574E-06
 3.73546E-06
 2.79027E-06
 2.73693E-05
 2.02634E-05
 1.55711E-05
 1.22979E-05
 9.93462E-06
 8.15387E-06
 6.78227E-06
 5.70742E-06
 4.85595E-06
 3.91896E-06
 2.90069E-06
 3.01967E-05
 2.21900E-05
 1.69288E-05
 1.32804E-05
 1.06556E-05
 8.69124E-06
 7.18766E-06
 6.01678E-06
 5.09462E-06
 4.08621E-06
 3.00003E-06
 3.23176E-05
 2.37262E-05
 1.80493E-05
 1.41075E-05
 1.12721E-05
 9.15363E-06
 7.53855E-06
 6.28512E-06
 5.30076E-06
 4.22986E-06
 3.08462E-06
 3.38052E-05
 2.48541E-05
 1.89007E-05
 1.47496E-05
 1.17584E-05
 9.52376E-06
 7.82028E-06
 6.50029E-06
 5.46616E-06
 4.34458E-06
 3.15121E-06
 1.0E-20
 2.56166E-05
 1.94898E-05
 1.52035E-05
 1.21061E-05
 9.78927E-06
 8.02323E-06
 6.65504E-06
 5.58426E-06
 4.42581E-06
 3.19757E-06
 3.54032E-05
 2.60748E-05
 1.98405E-05
 1.54736E-05
 1.23128E-05
 9.94625E-06
 8.14213E-06
 6.74505E-06
 5.65203E-06
 4.47124E-06
 3.22226E-06
 3.57111E-05
 2.62727E-05
 1.99737E-05
 1.55682E-05
 1.23813E-05
 9.99504E-06
 8.17630E-06
 6.76884E-06
 5.66830E-06
 4.48010E-06
 3.22480E-06
 3.57182E-05
 2.62287E-05
 1.99036E-05
 1.54951E-05
 1.23163E-05
 9.93865E-06
 8.12796E-06
 6.72789E-06
 5.63395E-06
 4.45308E-06
 3.20597E-06
 1.0E-20
 2.59307E-05
 1.96341E-05
 1.52609E-05
 1.21222E-05
 9.78174E-06
 8.00137E-06
 6.62595E-06
 5.55190E-06
 4.39233E-06
 3.16704E-06
 1.0E-20
 2.53551E-05
 1.91543E-05
 1.48684E-05
 1.18060E-05
 9.53066E-06
 7.80308E-06
 6.46858E-06
 5.42689E-06
 4.30133E-06
 3.11005E-06
 1.0E-20
 2.44749E-05
 1.84534E-05
 1.43176E-05
 1.13756E-05
 9.19457E-06
 7.54102E-06
 6.26331E-06
 5.26514E-06
 4.18460E-06
 3.03759E-06
 1.0E-20
 2.32582E-05
 1.75300E-05
 1.36157E-05
 1.08414E-05
 8.78619E-06
 7.22616E-06
 6.01933E-06
 5.07398E-06
 4.04722E-06
 2.95257E-06
 2.99169E-05
 2.17045E-05
 1.63987E-05
 1.27842E-05
 1.02226E-05
 8.32027E-06
 6.87161E-06
 5.74671E-06
 4.86094E-06
 3.89431E-06
 2.85756E-06
 2.72314E-05
 1.98632E-05
 1.51070E-05
 1.18608E-05
 9.54684E-06
 7.81617E-06
 6.49055E-06
 5.45475E-06
 4.63309E-06
 3.72962E-06
 2.75337E-06
 2.41745E-05
 1.78534E-05
 1.37335E-05
 1.08933E-05
 8.84081E-06
 7.28993E-06
 6.09089E-06
 5.14555E-06
 4.38935E-06
 3.54899E-06
 2.63439E-06
 2.10423E-05
 1.58076E-05
 1.23184E-05
 9.87111E-06
 8.08033E-06
 6.71340E-06
 5.64575E-06
 4.79773E-06
 4.11332E-06
 3.34516E-06
 2.50062E-06
 1.75660E-05
 1.35369E-05
 1.07535E-05
 8.75157E-06
 7.25270E-06
 6.08668E-06
 5.16347E-06
 4.42102E-06
 3.81389E-06
 3.12457E-06
 2.35611E-06
 1.35331E-05
 1.08420E-05
 8.87459E-06
 7.39132E-06
 6.23669E-06
 5.31490E-06
 4.56699E-06
 3.95139E-06
 3.43917E-06
 2.84771E-06
 2.17414E-06
 7.84133E-06
 6.68046E-06
 5.75535E-06
 5.00994E-06
 4.39328E-06
 3.86517E-06
 3.41205E-06
 3.02194E-06
 2.68445E-06
 2.27862E-06
 1.79285E-06
 1.07430E-05
 9.23134E-06
 7.94279E-06
 6.85791E-06
 5.94478E-06
 5.17615E-06
 4.52957E-06
 3.98205E-06
 3.51703E-06
 2.96903E-06
 2.32832E-06
 1.81202E-05
 1.43735E-05
 1.16130E-05
 9.52921E-06
 7.93201E-06
 6.67771E-06
 5.67771E-06
 4.87085E-06
 4.21404E-06
 3.47149E-06
 2.64259E-06
 2.22502E-05
 1.70827E-05
 1.34805E-05
 1.08663E-05
 8.91787E-06
 7.41676E-06
 6.24084E-06
 5.30443E-06
 4.55263E-06
 3.71529E-06
 2.79236E-06
 2.60095E-05
 1.95391E-05
 1.51610E-05
 1.20543E-05
 9.78201E-06
 8.05871E-06
 6.72408E-06
 5.67276E-06
 4.83773E-06
 3.91662E-06
 2.91399E-06
 2.96613E-05
 2.19492E-05
 1.68139E-05
 1.32237E-05
 1.06326E-05
 8.68669E-06
 7.19436E-06
 6.03028E-06
 5.11226E-06
 4.10861E-06
 3.02860E-06
 3.27466E-05
 2.40565E-05
 1.82972E-05
 1.42919E-05
 1.14123E-05
 9.26446E-06
 7.62755E-06
 6.35874E-06
 5.36401E-06
 4.28344E-06
 3.13177E-06
 3.50637E-05
 2.57365E-05
 1.95216E-05
 1.51914E-05
 1.20788E-05
 9.76140E-06
 8.00218E-06
 6.64327E-06
 5.58107E-06
 4.43342E-06
 3.21959E-06
 3.66831E-05
 2.69663E-05
 2.04498E-05
 1.58888E-05
 1.26038E-05
 1.01582E-05
 8.30214E-06
 6.87067E-06
 5.75447E-06
 4.55309E-06
 3.28854E-06
 3.77425E-05
 2.77907E-05
 2.10877E-05
 1.63790E-05
 1.29770E-05
 1.04411E-05
 8.51663E-06
 7.03330E-06
 5.87804E-06
 4.63750E-06
 3.33619E-06
 3.83829E-05
 2.82752E-05
 2.14612E-05
 1.66666E-05
 1.31955E-05
 1.06062E-05
 8.64102E-06
 7.12693E-06
 5.94829E-06
 4.68407E-06
 3.36095E-06
 3.86914E-05
 2.84736E-05
 2.15967E-05
 1.67639E-05
 1.32653E-05
 1.06553E-05
 8.67479E-06
 7.14990E-06
 5.96351E-06
 4.69189E-06
 3.36227E-06
 3.86804E-05
 2.84085E-05
 2.15099E-05
 1.66792E-05
 1.31908E-05
 1.05910E-05
 8.61999E-06
 7.10364E-06
 5.92479E-06
 4.66156E-06
 3.34092E-06
 3.83235E-05
 2.80708E-05
 2.12054E-05
 1.64182E-05
 1.29763E-05
 1.04182E-05
 8.48096E-06
 6.99200E-06
 5.83518E-06
 4.59544E-06
 3.29846E-06
 3.75801E-05
 2.74317E-05
 2.06738E-05
 1.59843E-05
 1.26285E-05
 1.01433E-05
 8.26460E-06
 6.82091E-06
 5.69972E-06
 4.49729E-06
 3.23717E-06
 3.63757E-05
 2.64598E-05
 1.99019E-05
 1.53795E-05
 1.21565E-05
 9.77622E-06
 7.97954E-06
 6.59850E-06
 5.52515E-06
 4.37198E-06
 3.15987E-06
 3.46276E-05
 2.51199E-05
 1.88872E-05
 1.46109E-05
 1.15730E-05
 9.33128E-06
 7.63778E-06
 6.33482E-06
 5.31949E-06
 4.22508E-06
 3.06971E-06
 3.22702E-05
 2.34116E-05
 1.76459E-05
 1.37018E-05
 1.08989E-05
 8.82564E-06
 7.25443E-06
 6.04103E-06
 5.09110E-06
 4.06229E-06
 2.96957E-06
 2.93250E-05
 2.13904E-05
 1.62309E-05
 1.26940E-05
 1.01647E-05
 8.28075E-06
 6.84458E-06
 5.72833E-06
 4.84802E-06
 3.88798E-06
 2.86055E-06
 2.59824E-05
 1.91895E-05
 1.47301E-05
 1.16416E-05
 9.40128E-06
 7.71534E-06
 6.41790E-06
 5.40031E-06
 4.59067E-06
 3.69839E-06
 2.73655E-06
 2.25754E-05
 1.69623E-05
 1.31940E-05
 1.05367E-05
 8.58352E-06
 7.09862E-06
 5.94418E-06
 5.03187E-06
 4.29938E-06
 3.48400E-06
 2.59658E-06
 1.87971E-05
 1.44867E-05
 1.14914E-05
 9.32364E-06
 7.69137E-06
 6.42677E-06
 5.42989E-06
 4.63213E-06
 3.98312E-06
 3.25194E-06
 2.44493E-06
 1.44067E-05
 1.15462E-05
 9.44432E-06
 7.84775E-06
 6.59532E-06
 5.59854E-06
 4.79299E-06
 4.13340E-06
 3.58716E-06
 2.96073E-06
 2.25374E-06
 8.21655E-06
 7.01432E-06
 6.05218E-06
 5.26952E-06
 4.60932E-06
 4.04490E-06
 3.56224E-06
 3.14793E-06
 2.79092E-06
 2.36286E-06
 1.85317E-06
 1.0E-20
 9.77640E-06
 8.40807E-06
 7.25176E-06
 6.27642E-06
 5.45506E-06
 4.76447E-06
 4.18061E-06
 3.68572E-06
 3.10429E-06
 2.42186E-06
 1.0E-20
 1.52782E-05
 1.23410E-05
 1.01129E-05
 8.40072E-06
 7.05577E-06
 5.98464E-06
 5.12195E-06
 4.42121E-06
 3.63179E-06
 2.74945E-06
 1.0E-20
 1.81635E-05
 1.43339E-05
 1.15388E-05
 9.44959E-06
 7.83971E-06
 6.57994E-06
 5.57865E-06
 4.77653E-06
 3.88645E-06
 2.90520E-06
 1.0E-20
 2.07830E-05
 1.61295E-05
 1.28077E-05
 1.03708E-05
 8.52210E-06
 7.09198E-06
 5.96760E-06
 5.07647E-06
 4.09718E-06
 3.03172E-06
 3.14721E-05
 2.33577E-05
 1.78983E-05
 1.40587E-05
 1.12787E-05
 9.19055E-06
 7.59095E-06
 6.34556E-06
 5.36560E-06
 4.29827E-06
 3.15097E-06
 1.0E-20
 2.56133E-05
 1.94879E-05
 1.52022E-05
 1.21116E-05
 9.80581E-06
 8.05062E-06
 6.69276E-06
 5.63063E-06
 4.48132E-06
 3.25823E-06
 1.0E-20
 2.74135E-05
 2.08013E-05
 1.61653E-05
 1.28233E-05
 1.03347E-05
 8.44772E-06
 6.99305E-06
 5.85872E-06
 4.63792E-06
 3.34934E-06
 3.89565E-05
 2.87307E-05
 2.17967E-05
 1.69112E-05
 1.33829E-05
 1.07559E-05
 8.76470E-06
 7.23219E-06
 6.04012E-06
 4.76214E-06
 3.42045E-06
 1.0E-20
 2.96102E-05
 2.24788E-05
 1.74335E-05
 1.37786E-05
 1.10544E-05
 8.98977E-06
 7.40178E-06
 6.16810E-06
 4.84865E-06
 3.46898E-06
 4.07456E-05
 3.01193E-05
 2.28741E-05
 1.77367E-05
 1.40074E-05
 1.12257E-05
 9.11773E-06
 7.49712E-06
 6.23880E-06
 4.89463E-06
 3.49349E-06
 4.10466E-05
 3.03150E-05
 2.30099E-05
 1.78336E-05
 1.40753E-05
 1.12718E-05
 9.14785E-06
 7.51638E-06
 6.25042E-06
 4.89953E-06
 3.49329E-06
 4.10112E-05
 3.02246E-05
 2.29040E-05
 1.77337E-05
 1.39876E-05
 1.11963E-05
 9.08342E-06
 7.46194E-06
 6.20488E-06
 4.86405E-06
 3.46915E-06
 4.06105E-05
 2.98463E-05
 2.25641E-05
 1.74449E-05
 1.37509E-05
 1.10053E-05
 8.92970E-06
 7.33840E-06
 6.10562E-06
 4.79074E-06
 3.42266E-06
 3.97985E-05
 2.91481E-05
 2.19831E-05
 1.69704E-05
 1.33715E-05
 1.07057E-05
 8.69390E-06
 7.15200E-06
 5.95807E-06
 4.68386E-06
 3.35643E-06
 3.84952E-05
 2.80950E-05
 2.11464E-05
 1.63142E-05
 1.28590E-05
 1.03080E-05
 8.38523E-06
 6.91139E-06
 5.76941E-06
 4.54864E-06
 3.27357E-06
 1.0E-20
 2.66498E-05
 2.00511E-05
 1.54842E-05
 1.22287E-05
 9.82725E-06
 8.01664E-06
 6.62741E-06
 5.54831E-06
 4.39111E-06
 3.17746E-06
 3.40868E-05
 2.48133E-05
 1.87150E-05
 1.45054E-05
 1.15031E-05
 9.28344E-06
 7.60457E-06
 6.31223E-06
 5.30388E-06
 4.21749E-06
 3.07123E-06
 3.09425E-05
 2.26465E-05
 1.71956E-05
 1.34228E-05
 1.07153E-05
 8.69986E-06
 7.16654E-06
 5.97833E-06
 5.04507E-06
 4.03275E-06
 2.95649E-06
 2.73862E-05
 2.02935E-05
 1.55885E-05
 1.22960E-05
 9.89962E-06
 8.09755E-06
 6.71358E-06
 5.63119E-06
 4.77335E-06
 3.83352E-06
 2.82677E-06
 2.37750E-05
 1.79225E-05
 1.39500E-05
 1.11181E-05
 9.02964E-06
 7.44312E-06
 6.21230E-06
 5.24236E-06
 4.46637E-06
 3.60787E-06
 2.68015E-06
 1.97704E-05
 1.52831E-05
 1.21317E-05
 9.82315E-06
 8.07915E-06
 6.72934E-06
 5.66753E-06
 4.82017E-06
 4.13314E-06
 3.36382E-06
 2.52120E-06
 1.51108E-05
 1.21440E-05
 9.94283E-06
 8.24618E-06
 6.91084E-06
 5.84900E-06
 4.99259E-06
 4.29331E-06
 3.71624E-06
 3.05785E-06
 2.32083E-06
 1.0E-20
 7.30015E-06
 6.31412E-06
 5.49233E-06
 4.79504E-06
 4.19905E-06
 3.68997E-06
 3.25406E-06
 2.87926E-06
 2.43161E-06
 1.90252E-06
 1.0E-20
 1.02341E-05
 8.81049E-06
 7.60105E-06
 6.57690E-06
 5.71245E-06
 4.98485E-06
 4.36955E-06
 3.84833E-06
 3.23434E-06
 2.50630E-06
 1.0E-20
 1.60085E-05
 1.29517E-05
 1.06190E-05
 8.81848E-06
 7.40097E-06
 6.27082E-06
 5.36053E-06
 4.62137E-06
 3.78739E-06
 2.84746E-06
 1.0E-20
 1.90249E-05
 1.50424E-05
 1.21168E-05
 9.92026E-06
 8.22378E-06
 6.89486E-06
 5.83864E-06
 4.99268E-06
 4.05298E-06
 3.00992E-06
 1.0E-20
 2.17655E-05
 1.69273E-05
 1.34509E-05
 1.08890E-05
 8.94078E-06
 7.43223E-06
 6.24625E-06
 5.30645E-06
 4.27288E-06
 3.14197E-06
 3.28210E-05
 2.44624E-05
 1.87862E-05
 1.47675E-05
 1.18444E-05
 9.64361E-06
 7.95616E-06
 6.64239E-06
 5.60888E-06
 4.48267E-06
 3.26637E-06
 3.62474E-05
 2.68302E-05
 2.04590E-05
 1.59718E-05
 1.27212E-05
 1.02906E-05
 8.43873E-06
 7.00611E-06
 5.88585E-06
 4.67342E-06
 3.37814E-06
 3.88350E-05
 2.87240E-05
 2.18426E-05
 1.69866E-05
 1.34705E-05
 1.08465E-05
 8.85514E-06
 7.32017E-06
 6.12372E-06
 4.83621E-06
 3.47284E-06
 4.06458E-05
 3.01111E-05
 2.28914E-05
 1.77720E-05
 1.40588E-05
 1.12882E-05
 9.18660E-06
 7.56940E-06
 6.31206E-06
 4.96466E-06
 3.54641E-06
 1.0E-20
 3.10355E-05
 2.36089E-05
 1.83202E-05
 1.44730E-05
 1.15997E-05
 9.42043E-06
 7.74474E-06
 6.44364E-06
 5.05311E-06
 3.59608E-06
 4.25046E-05
 3.15657E-05
 2.40216E-05
 1.86351E-05
 1.47095E-05
 1.17757E-05
 9.55090E-06
 7.84104E-06
 6.51427E-06
 5.09850E-06
 3.62027E-06
 4.27989E-05
 3.17595E-05
 2.41576E-05
 1.87304E-05
 1.47743E-05
 1.18181E-05
 9.57708E-06
 7.85631E-06
 6.52200E-06
 5.10016E-06
 3.61826E-06
 4.27384E-05
 3.16465E-05
 2.40346E-05
 1.86161E-05
 1.46734E-05
 1.17307E-05
 9.50229E-06
 7.79296E-06
 6.46878E-06
 5.05882E-06
 3.59086E-06
 4.22966E-05
 3.12297E-05
 2.36613E-05
 1.83001E-05
 1.44140E-05
 1.15206E-05
 9.33244E-06
 7.65583E-06
 6.35826E-06
 4.97725E-06
 3.54003E-06
 4.14259E-05
 3.04796E-05
 2.30355E-05
 1.77877E-05
 1.40044E-05
 1.11961E-05
 9.07635E-06
 7.45288E-06
 6.19721E-06
 4.86043E-06
 3.46847E-06
 4.00429E-05
 2.93590E-05
 2.21430E-05
 1.70853E-05
 1.34546E-05
 1.07689E-05
 8.74421E-06
 7.19353E-06
 5.99355E-06
 4.71423E-06
 3.37979E-06
 3.80584E-05
 2.78299E-05
 2.09806E-05
 1.62019E-05
 1.27821E-05
 1.02552E-05
 8.34980E-06
 6.88931E-06
 5.75649E-06
 4.54520E-06
 3.27764E-06
 3.54065E-05
 2.58944E-05
 1.95678E-05
 1.51640E-05
 1.20112E-05
 9.67657E-06
 7.91069E-06
 6.55328E-06
 5.49588E-06
 4.36011E-06
 3.16539E-06
 3.21199E-05
 2.36181E-05
 1.79659E-05
 1.40197E-05
 1.11772E-05
 9.05839E-06
 7.44634E-06
 6.19897E-06
 5.22144E-06
 4.16448E-06
 3.04488E-06
 2.84149E-05
 2.11532E-05
 1.62760E-05
 1.28322E-05
 1.03173E-05
 8.42362E-06
 6.96938E-06
 5.83345E-06
 4.93547E-06
 3.95526E-06
 2.90924E-06
 2.46631E-05
 1.86750E-05
 1.45572E-05
 1.15948E-05
 9.40306E-06
 7.73609E-06
 6.44313E-06
 5.42532E-06
 4.61309E-06
 3.71828E-06
 2.75561E-06
 1.0E-20
 1.59141E-05
 1.26487E-05
 1.02332E-05
 8.40344E-06
 6.98586E-06
 5.87104E-06
 4.98238E-06
 4.26354E-06
 3.46218E-06
 2.58904E-06
 1.56447E-05
 1.26257E-05
 1.03483E-05
 8.57366E-06
 7.17408E-06
 6.06013E-06
 5.16207E-06
 4.42974E-06
 3.82666E-06
 3.14168E-06
 2.37922E-06
 1.0E-20
 7.53500E-06
 6.52820E-06
 5.67400E-06
 4.94758E-06
 4.32627E-06
 3.79561E-06
 3.34161E-06
 2.95186E-06
 2.48770E-06
 1.94271E-06
 1.22709E-05
 1.05962E-05
 9.14023E-06
 7.89605E-06
 6.83756E-06
 5.94125E-06
 5.18502E-06
 4.54478E-06
 3.99947E-06
 3.34913E-06
 2.58023E-06
 1.0E-20
 1.65598E-05
 1.34333E-05
 1.10334E-05
 9.17229E-06
 7.70218E-06
 6.52756E-06
 5.57983E-06
 4.80688E-06
 3.92558E-06
 2.93327E-06
 2.53680E-05
 1.96646E-05
 1.55929E-05
 1.25843E-05
 1.03147E-05
 8.55612E-06
 7.17542E-06
 6.07638E-06
 5.19242E-06
 4.20165E-06
 3.10136E-06
 2.96155E-05
 2.24872E-05
 1.75409E-05
 1.39664E-05
 1.13197E-05
 9.30056E-06
 7.73360E-06
 6.49983E-06
 5.51831E-06
 4.43027E-06
 3.23833E-06
 3.37575E-05
 2.52677E-05
 1.94638E-05
 1.53313E-05
 1.23113E-05
 1.00305E-05
 8.27780E-06
 6.91120E-06
 5.83223E-06
 4.64826E-06
 3.36771E-06
 3.72811E-05
 2.77133E-05
 2.11963E-05
 1.65805E-05
 1.32216E-05
 1.07023E-05
 8.77876E-06
 7.28855E-06
 6.11933E-06
 4.84623E-06
 3.48415E-06
 3.99481E-05
 2.96731E-05
 2.26306E-05
 1.76335E-05
 1.39993E-05
 1.12791E-05
 9.21047E-06
 7.61376E-06
 6.36537E-06
 5.01485E-06
 3.58264E-06
 4.18171E-05
 3.11106E-05
 2.37184E-05
 1.84482E-05
 1.46091E-05
 1.17365E-05
 9.55311E-06
 7.87089E-06
 6.55939E-06
 5.14735E-06
 3.65893E-06
 4.30266E-05
 3.20682E-05
 2.44613E-05
 1.90152E-05
 1.50368E-05
 1.20573E-05
 9.79325E-06
 8.05030E-06
 6.69372E-06
 5.23779E-06
 3.71007E-06
 4.37248E-05
 3.26146E-05
 2.48855E-05
 1.93379E-05
 1.52782E-05
 1.22359E-05
 9.92471E-06
 8.14650E-06
 6.76387E-06
 5.28290E-06
 3.73441E-06
 4.40120E-05
 3.28067E-05
 2.50196E-05
 1.94298E-05
 1.53389E-05
 1.22739E-05
 9.94638E-06
 8.15732E-06
 6.76777E-06
 5.28195E-06
 3.73117E-06
 4.39303E-05
 3.26755E-05
 2.48812E-05
 1.93014E-05
 1.52253E-05
 1.21751E-05
 9.86160E-06
 8.08521E-06
 6.70735E-06
 5.23564E-06
 3.70116E-06
 4.34538E-05
 3.22273E-05
 2.44797E-05
 1.89618E-05
 1.49449E-05
 1.19470E-05
 9.67651E-06
 7.93522E-06
 6.58638E-06
 5.14686E-06
 3.64642E-06
 4.25359E-05
 3.14342E-05
 2.38148E-05
 1.84163E-05
 1.45075E-05
 1.15990E-05
 9.40055E-06
 7.71568E-06
 6.41190E-06
 5.02077E-06
 3.56975E-06
 4.10930E-05
 3.02609E-05
 2.28758E-05
 1.76737E-05
 1.39246E-05
 1.11442E-05
 9.04547E-06
 7.43733E-06
 6.19269E-06
 4.86385E-06
 3.47525E-06
 3.90352E-05
 2.86691E-05
 2.16603E-05
 1.67460E-05
 1.32155E-05
 1.06006E-05
 8.62676E-06
 7.11330E-06
 5.93946E-06
 4.68379E-06
 3.36725E-06
 3.62979E-05
 2.66625E-05
 2.01892E-05
 1.56610E-05
 1.24068E-05
 9.99141E-06
 8.16296E-06
 6.75743E-06
 5.66284E-06
 4.48772E-06
 3.24932E-06
 3.29177E-05
 2.43101E-05
 1.85266E-05
 1.44689E-05
 1.15354E-05
 9.34389E-06
 7.67490E-06
 6.38416E-06
 5.37326E-06
 4.28153E-06
 3.12353E-06
 2.91181E-05
 2.17696E-05
 1.67778E-05
 1.32360E-05
 1.06406E-05
 8.68232E-06
 7.17695E-06
 6.00166E-06
 5.07372E-06
 4.06233E-06
 2.98258E-06
 2.52761E-05
 1.92187E-05
 1.50017E-05
 1.19540E-05
 9.69160E-06
 7.96763E-06
 6.62931E-06
 5.57599E-06
 4.73675E-06
 3.81423E-06
 2.82270E-06
 2.10059E-05
 1.63747E-05
 1.30285E-05
 1.05426E-05
 8.65366E-06
 7.18776E-06
 6.03413E-06
 5.11460E-06
 4.37206E-06
 3.54638E-06
 2.64911E-06
 1.60228E-05
 1.29828E-05
 1.06477E-05
 8.82117E-06
 7.37689E-06
 6.22551E-06
 5.29680E-06
 4.53965E-06
 3.91704E-06
 3.21197E-06
 2.43009E-06
 1.0E-20
 7.71346E-06
 6.68545E-06
 5.80972E-06
 5.06321E-06
 4.42370E-06
 3.87706E-06
 3.40948E-06
 3.00835E-06
 2.53208E-06
 1.97550E-06
 1.25388E-05
 1.08597E-05
 9.39158E-06
 8.13013E-06
 7.05177E-06
 6.13543E-06
 5.36003E-06
 4.69533E-06
 4.12424E-06
 3.44325E-06
 2.64098E-06
 2.11063E-05
 1.69375E-05
 1.37831E-05
 1.13502E-05
 9.45522E-06
 7.95300E-06
 6.74908E-06
 5.76796E-06
 4.95980E-06
 4.03776E-06
 3.00314E-06
 2.58206E-05
 2.00919E-05
 1.59842E-05
 1.29353E-05
 1.06258E-05
 8.82977E-06
 7.41562E-06
 6.27966E-06
 5.35770E-06
 4.32218E-06
 3.17549E-06
 3.01241E-05
 2.29615E-05
 1.79706E-05
 1.43484E-05
 1.16556E-05
 9.59409E-06
 7.98970E-06
 6.71584E-06
 5.69401E-06
 4.55828E-06
 3.31624E-06
 3.43258E-05
 2.57910E-05
 1.99328E-05
 1.57444E-05
 1.26717E-05
 1.03433E-05
 8.54909E-06
 7.13917E-06
 6.01772E-06
 4.78390E-06
 3.44949E-06
 3.79069E-05
 2.82830E-05
 2.17020E-05
 1.70224E-05
 1.36046E-05
 1.10326E-05
 9.06353E-06
 7.52698E-06
 6.31340E-06
 4.98855E-06
 3.56974E-06
 4.06239E-05
 3.02829E-05
 2.31679E-05
 1.80999E-05
 1.44009E-05
 1.16236E-05
 9.50609E-06
 7.86054E-06
 6.56633E-06
 5.16258E-06
 3.67178E-06
 4.25311E-05
 3.17514E-05
 2.42797E-05
 1.89329E-05
 1.50245E-05
 1.20912E-05
 9.85617E-06
 8.12336E-06
 6.76510E-06
 5.29891E-06
 3.75105E-06
 4.37639E-05
 3.27294E-05
 2.50379E-05
 1.95110E-05
 1.54601E-05
 1.24173E-05
 1.00998E-05
 8.30539E-06
 6.90172E-06
 5.39138E-06
 3.80406E-06
 4.44687E-05
 3.32847E-05
 2.54678E-05
 1.98369E-05
 1.57028E-05
 1.25960E-05
 1.02304E-05
 8.40084E-06
 6.97149E-06
 5.43660E-06
 3.82907E-06
 4.47481E-05
 3.34725E-05
 2.55979E-05
 1.99241E-05
 1.57582E-05
 1.26286E-05
 1.02468E-05
 8.40743E-06
 6.97224E-06
 5.43375E-06
 3.82526E-06
 4.46492E-05
 3.33249E-05
 2.54459E-05
 1.97827E-05
 1.56327E-05
 1.25190E-05
 1.01523E-05
 8.32759E-06
 6.90592E-06
 5.38356E-06
 3.79347E-06
 4.41468E-05
 3.28509E-05
 2.50207E-05
 1.94224E-05
 1.53340E-05
 1.22747E-05
 9.95318E-06
 8.16650E-06
 6.77641E-06
 5.28902E-06
 3.73578E-06
 4.31945E-05
 3.20248E-05
 2.43243E-05
 1.88495E-05
 1.48721E-05
 1.19058E-05
 9.65930E-06
 7.93272E-06
 6.59093E-06
 5.15542E-06
 3.65512E-06
 4.17103E-05
 3.08117E-05
 2.33486E-05
 1.80740E-05
 1.42608E-05
 1.14263E-05
 9.28299E-06
 7.63736E-06
 6.35859E-06
 4.98949E-06
 3.55570E-06
 3.96057E-05
 2.91760E-05
 2.20933E-05
 1.71110E-05
 1.35208E-05
 1.08562E-05
 8.84176E-06
 7.29493E-06
 6.09111E-06
 4.79962E-06
 3.44234E-06
 3.68171E-05
 2.71227E-05
 2.05810E-05
 1.59905E-05
 1.26818E-05
 1.02207E-05
 8.35571E-06
 6.92057E-06
 5.80033E-06
 4.59395E-06
 3.31937E-06
 3.33840E-05
 2.47235E-05
 1.88781E-05
 1.47643E-05
 1.17819E-05
 9.54909E-06
 7.84687E-06
 6.52992E-06
 5.49733E-06
 4.37886E-06
 3.18907E-06
 2.95343E-05
 2.21395E-05
 1.70926E-05
 1.35009E-05
 1.08619E-05
 8.86679E-06
 7.33119E-06
 6.13218E-06
 5.18556E-06
 4.15146E-06
 3.04370E-06
 2.56444E-05
 1.95471E-05
 1.52812E-05
 1.21892E-05
 9.88808E-06
 8.13138E-06
 6.76586E-06
 5.69107E-06
 4.83506E-06
 3.89393E-06
 2.87865E-06
 2.13166E-05
 1.66546E-05
 1.32679E-05
 1.07449E-05
 8.82307E-06
 7.32928E-06
 6.15224E-06
 5.21387E-06
 4.45670E-06
 3.61564E-06
 2.69924E-06
 1.62583E-05
 1.32011E-05
 1.08364E-05
 8.98237E-06
 7.51311E-06
 6.33986E-06
 5.39265E-06
 4.62019E-06
 3.98567E-06
 3.26815E-06
 2.47257E-06
 1.0E-20
 7.81880E-06
 6.78184E-06
 5.89555E-06
 5.13814E-06
 4.48812E-06
 3.93195E-06
 3.45604E-06
 3.04799E-06
 2.56467E-06
 2.00151E-06
 1.26900E-05
 1.10249E-05
 9.56219E-06
 8.29970E-06
 7.21622E-06
 6.29093E-06
 5.49307E-06
 4.80647E-06
 4.21599E-06
 3.51267E-06
 2.68603E-06
 2.12983E-05
 1.71511E-05
 1.40049E-05
 1.15698E-05
 9.66602E-06
 8.15048E-06
 6.91733E-06
 5.90472E-06
 5.07020E-06
 4.11908E-06
 3.05415E-06
 2.60226E-05
 2.03198E-05
 1.62222E-05
 1.31718E-05
 1.08528E-05
 9.04220E-06
 7.59742E-06
 6.42740E-06
 5.47609E-06
 4.40891E-06
 3.22920E-06
 3.03402E-05
 2.32048E-05
 1.82241E-05
 1.45999E-05
 1.18966E-05
 9.81916E-06
 8.18269E-06
 6.87353E-06
 5.81997E-06
 4.64987E-06
 3.37236E-06
 3.45604E-05
 2.60516E-05
 2.02024E-05
 1.60106E-05
 1.29261E-05
 1.05802E-05
 8.75231E-06
 7.30602E-06
 6.15167E-06
 4.88062E-06
 3.50817E-06
 3.81621E-05
 2.85611E-05
 2.19869E-05
 1.73021E-05
 1.38706E-05
 1.12795E-05
 9.27535E-06
 7.70168E-06
 6.45449E-06
 5.09046E-06
 3.63100E-06
 4.08986E-05
 3.05765E-05
 2.34657E-05
 1.83904E-05
 1.46761E-05
 1.18782E-05
 9.72447E-06
 8.04135E-06
 6.71307E-06
 5.26949E-06
 3.73555E-06
 4.28220E-05
 3.20571E-05
 2.45868E-05
 1.92307E-05
 1.53055E-05
 1.23504E-05
 1.00786E-05
 8.30817E-06
 6.91573E-06
 5.40950E-06
 3.81712E-06
 4.40659E-05
 3.30423E-05
 2.53496E-05
 1.98118E-05
 1.57429E-05
 1.26776E-05
 1.03235E-05
 8.49182E-06
 7.05426E-06
 5.50414E-06
 3.87213E-06
 4.47716E-05
 3.35991E-05
 2.57790E-05
 2.01361E-05
 1.59833E-05
 1.28536E-05
 1.04524E-05
 8.58638E-06
 7.12386E-06
 5.54994E-06
 3.89840E-06
 4.50422E-05
 3.37815E-05
 2.59030E-05
 2.02164E-05
 1.60319E-05
 1.28796E-05
 1.04638E-05
 8.58950E-06
 7.12232E-06
 5.54605E-06
 3.89479E-06
 4.49281E-05
 3.36198E-05
 2.57390E-05
 2.00632E-05
 1.58949E-05
 1.27597E-05
 1.03613E-05
 8.50366E-06
 7.05162E-06
 5.49326E-06
 3.86216E-06
 4.44062E-05
 3.31250E-05
 2.52957E-05
 1.96859E-05
 1.55805E-05
 1.25013E-05
 1.01512E-05
 8.33414E-06
 6.91575E-06
 5.39462E-06
 3.80266E-06
 4.34309E-05
 3.22741E-05
 2.45749E-05
 1.90913E-05
 1.50988E-05
 1.21149E-05
 9.84358E-06
 8.08968E-06
 6.72210E-06
 5.25555E-06
 3.71928E-06
 4.19212E-05
 3.10340E-05
 2.35721E-05
 1.82898E-05
 1.44639E-05
 1.16145E-05
 9.45095E-06
 7.78162E-06
 6.47996E-06
 5.08296E-06
 3.61635E-06
 3.97913E-05
 2.93705E-05
 2.22890E-05
 1.73004E-05
 1.36987E-05
 1.10215E-05
 8.99135E-06
 7.42480E-06
 6.20136E-06
 4.88543E-06
 3.49882E-06
 3.69797E-05
 2.72916E-05
 2.07507E-05
 1.61547E-05
 1.28359E-05
 1.03638E-05
 8.48705E-06
 7.03622E-06
 5.89960E-06
 4.67228E-06
 3.37189E-06
 3.35280E-05
 2.48710E-05
 1.90255E-05
 1.49067E-05
 1.19155E-05
 9.67265E-06
 7.96101E-06
 6.63230E-06
 5.58644E-06
 4.45034E-06
 3.23809E-06
 2.96659E-05
 2.22717E-05
 1.72231E-05
 1.36263E-05
 1.09793E-05
 8.97490E-06
 7.43063E-06
 6.22298E-06
 5.26597E-06
 4.21692E-06
 3.08943E-06
 2.57663E-05
 1.96664E-05
 1.53970E-05
 1.22991E-05
 9.99021E-06
 8.22492E-06
 6.85114E-06
 5.76933E-06
 4.90554E-06
 3.95250E-06
 2.92053E-06
 2.14225E-05
 1.67570E-05
 1.33664E-05
 1.08377E-05
 8.90900E-06
 7.40780E-06
 6.22340E-06
 5.27893E-06
 4.51641E-06
 3.66656E-06
 2.73678E-06
 1.63390E-05
 1.32798E-05
 1.09123E-05
 9.05415E-06
 7.57943E-06
 6.40050E-06
 5.44753E-06
 4.67021E-06
 4.03184E-06
 3.30918E-06
 2.50441E-06
 9.05465E-06
 7.84874E-06
 6.81453E-06
 5.92825E-06
 5.16940E-06
 4.51707E-06
 3.95838E-06
 3.48008E-06
 3.07031E-06
 2.58550E-06
 2.02061E-06
 1.0E-20
 1.10921E-05
 9.65159E-06
 8.40432E-06
 7.32325E-06
 6.38384E-06
 5.57182E-06
 4.87227E-06
 4.27054E-06
 3.55442E-06
 2.71361E-06
 2.12995E-05
 1.72108E-05
 1.41065E-05
 1.16973E-05
 9.80060E-06
 8.26576E-06
 7.01239E-06
 5.98223E-06
 5.13330E-06
 4.16614E-06
 3.08415E-06
 2.59894E-05
 2.03617E-05
 1.63172E-05
 1.33010E-05
 1.09934E-05
 9.16559E-06
 7.69777E-06
 6.50860E-06
 5.54195E-06
 4.45786E-06
 3.26001E-06
 3.02810E-05
 2.32325E-05
 1.83137E-05
 1.47297E-05
 1.20416E-05
 9.94891E-06
 8.28899E-06
 6.95904E-06
 5.88894E-06
 4.70078E-06
 3.40407E-06
 3.44800E-05
 2.60668E-05
 2.02867E-05
 1.61404E-05
 1.30743E-05
 1.07150E-05
 8.86488E-06
 7.39658E-06
 6.22429E-06
 4.93382E-06
 3.54098E-06
 3.80661E-05
 2.85659E-05
 2.20661E-05
 1.74309E-05
 1.40206E-05
 1.14178E-05
 9.39281E-06
 7.79788E-06
 6.53118E-06
 5.14623E-06
 3.66505E-06
 4.07919E-05
 3.05730E-05
 2.35398E-05
 1.85170E-05
 1.48262E-05
 1.20182E-05
 9.84520E-06
 8.14175E-06
 6.79408E-06
 5.32798E-06
 3.77092E-06
 4.27083E-05
 3.20467E-05
 2.46555E-05
 1.93540E-05
 1.54538E-05
 1.24901E-05
 1.02008E-05
 8.41115E-06
 6.99998E-06
 5.47075E-06
 3.85384E-06
 4.39473E-05
 3.30255E-05
 2.54124E-05
 1.99300E-05
 1.58872E-05
 1.28153E-05
 1.04454E-05
 8.59568E-06
 7.14025E-06
 5.56785E-06
 3.91016E-06
 4.46466E-05
 3.35756E-05
 2.58345E-05
 2.02473E-05
 1.61213E-05
 1.29873E-05
 1.05720E-05
 8.68944E-06
 7.21008E-06
 5.61485E-06
 3.93763E-06
 4.49069E-05
 3.37502E-05
 2.59496E-05
 2.03186E-05
 1.61616E-05
 1.30073E-05
 1.05794E-05
 8.69010E-06
 7.20730E-06
 5.61095E-06
 3.93506E-06
 4.47807E-05
 3.35779E-05
 2.57747E-05
 2.01540E-05
 1.60143E-05
 1.28794E-05
 1.04712E-05
 8.60023E-06
 7.13396E-06
 5.55698E-06
 3.90264E-06
 4.42452E-05
 3.30696E-05
 2.53182E-05
 1.97629E-05
 1.56873E-05
 1.26114E-05
 1.02537E-05
 8.42524E-06
 6.99417E-06
 5.45608E-06
 3.84255E-06
 4.32547E-05
 3.22034E-05
 2.45820E-05
 1.91522E-05
 1.51911E-05
 1.22135E-05
 9.93715E-06
 8.17398E-06
 6.79543E-06
 5.31380E-06
 3.75786E-06
 4.17326E-05
 3.09463E-05
 2.35621E-05
 1.83325E-05
 1.45399E-05
 1.17002E-05
 9.53428E-06
 7.85795E-06
 6.54718E-06
 5.13713E-06
 3.65297E-06
 3.95953E-05
 2.92690E-05
 2.22613E-05
 1.73242E-05
 1.37564E-05
 1.10927E-05
 9.06323E-06
 7.49214E-06
 6.26159E-06
 4.93480E-06
 3.53294E-06
 3.67846E-05
 2.71819E-05
 2.07092E-05
 1.61620E-05
 1.28759E-05
 1.04201E-05
 8.54713E-06
 7.09424E-06
 5.95256E-06
 4.71668E-06
 3.40347E-06
 3.33439E-05
 2.47612E-05
 1.89765E-05
 1.49020E-05
 1.19410E-05
 9.71655E-06
 8.01097E-06
 6.68242E-06
 5.63331E-06
 4.49067E-06
 3.26771E-06
 2.95038E-05
 2.21710E-05
 1.71742E-05
 1.36160E-05
 1.09958E-05
 9.00943E-06
 7.47283E-06
 6.26693E-06
 5.30802E-06
 4.25384E-06
 3.11717E-06
 2.56310E-05
 1.95794E-05
 1.53518E-05
 1.22859E-05
 9.99974E-06
 8.24975E-06
 6.88528E-06
 5.80645E-06
 4.94201E-06
 3.98538E-06
 2.94593E-06
 2.13114E-05
 1.66828E-05
 1.33249E-05
 1.08218E-05
 8.91202E-06
 7.42374E-06
 6.24852E-06
 5.30864E-06
 4.54669E-06
 3.69491E-06
 2.75951E-06
 1.62508E-05
 1.32182E-05
 1.08746E-05
 9.03563E-06
 7.57552E-06
 6.40712E-06
 5.46165E-06
 4.69011E-06
 4.05430E-06
 3.33143E-06
 2.52349E-06
 8.98945E-06
 7.80170E-06
 6.78128E-06
 5.90581E-06
 5.15530E-06
 4.50944E-06
 3.95576E-06
 3.48160E-06
 3.07549E-06
 2.59468E-06
 2.03117E-06
 1.0E-20
 1.10613E-05
 9.66033E-06
 8.42730E-06
 7.34639E-06
 6.40547E-06
 5.59129E-06
 4.88934E-06
 4.28552E-06
 3.56681E-06
 2.72257E-06
 2.11197E-05
 1.71277E-05
 1.40984E-05
 1.17170E-05
 9.81998E-06
 8.28366E-06
 7.02828E-06
 5.99644E-06
 5.14601E-06
 4.17686E-06
 3.09198E-06
 2.57312E-05
 2.02317E-05
 1.62849E-05
 1.33107E-05
 1.10065E-05
 9.17779E-06
 7.70906E-06
 6.51940E-06
 5.55224E-06
 4.46702E-06
 3.26682E-06
 2.99556E-05
 2.30606E-05
 1.82578E-05
 1.47284E-05
 1.20513E-05
 9.95770E-06
 8.29757E-06
 6.96775E-06
 5.89764E-06
 4.70883E-06
 3.41021E-06
 3.40917E-05
 2.58535E-05
 2.02061E-05
 1.61263E-05
 1.30790E-05
 1.07221E-05
 8.87199E-06
 7.40408E-06
 6.23204E-06
 4.94119E-06
 3.54666E-06
 3.76237E-05
 2.83147E-05
 2.19614E-05
 1.74030E-05
 1.40187E-05
 1.14235E-05
 9.39991E-06
 7.80520E-06
 6.53870E-06
 5.15338E-06
 3.67053E-06
 4.03065E-05
 3.02892E-05
 2.34129E-05
 1.84753E-05
 1.48165E-05
 1.20213E-05
 9.85303E-06
 8.14998E-06
 6.80216E-06
 5.33542E-06
 3.77647E-06
 4.21907E-05
 3.17365E-05
 2.45090E-05
 1.92986E-05
 1.54358E-05
 1.24896E-05
 1.02082E-05
 8.42102E-06
 7.00939E-06
 5.47896E-06
 3.85971E-06
 4.34071E-05
 3.26947E-05
 2.52490E-05
 1.98618E-05
 1.58609E-05
 1.28104E-05
 1.04512E-05
 8.60610E-06
 7.15153E-06
 5.57727E-06
 3.91659E-06
 4.40913E-05
 3.32291E-05
 2.56568E-05
 2.01668E-05
 1.60869E-05
 1.29776E-05
 1.05756E-05
 8.69944E-06
 7.22225E-06
 5.62587E-06
 3.94482E-06
 4.43401E-05
 3.33918E-05
 2.57596E-05
 2.02270E-05
 1.61193E-05
 1.29926E-05
 1.05802E-05
 8.69891E-06
 7.21949E-06
 5.62312E-06
 3.94318E-06
 4.42054E-05
 3.32107E-05
 2.55739E-05
 2.00525E-05
 1.59647E-05
 1.28596E-05
 1.04687E-05
 8.60723E-06
 7.14544E-06
 5.56954E-06
 3.91180E-06
 4.36644E-05
 3.26964E-05
 2.51079E-05
 1.96524E-05
 1.56309E-05
 1.25866E-05
 1.02477E-05
 8.42994E-06
 7.00434E-06
 5.46838E-06
 3.85243E-06
 4.26717E-05
 3.18257E-05
 2.43633E-05
 1.90337E-05
 1.51284E-05
 1.21838E-05
 9.92746E-06
 8.17602E-06
 6.80380E-06
 5.32526E-06
 3.76791E-06
 4.11511E-05
 3.05658E-05
 2.33367E-05
 1.82067E-05
 1.44712E-05
 1.16656E-05
 9.52076E-06
 7.85701E-06
 6.55331E-06
 5.14725E-06
 3.66270E-06
 3.90201E-05
 2.88877E-05
 2.20300E-05
 1.71921E-05
 1.36821E-05
 1.10534E-05
 9.04572E-06
 7.48792E-06
 6.26509E-06
 4.94314E-06
 3.54191E-06
 3.62290E-05
 2.68053E-05
 2.04729E-05
 1.60241E-05
 1.27961E-05
 1.03759E-05
 8.52535E-06
 7.08639E-06
 5.95305E-06
 4.72283E-06
 3.41136E-06
 3.28245E-05
 2.44010E-05
 1.87433E-05
 1.47626E-05
 1.18591E-05
 9.66954E-06
 7.98655E-06
 6.67230E-06
 5.63197E-06
 4.49561E-06
 3.27525E-06
 2.90378E-05
 2.18404E-05
 1.69541E-05
 1.34797E-05
 1.09162E-05
 8.96355E-06
 7.44862E-06
 6.25665E-06
 5.30632E-06
 4.25839E-06
 3.12454E-06
 2.52283E-05
 1.92864E-05
 1.51508E-05
 1.21563E-05
 9.92286E-06
 8.20525E-06
 6.86126E-06
 5.79554E-06
 4.93947E-06
 3.98913E-06
 2.95277E-06
 2.09741E-05
 1.64303E-05
 1.31459E-05
 1.07016E-05
 8.83658E-06
 7.37991E-06
 6.22436E-06
 5.29693E-06
 4.54289E-06
 3.69743E-06
 2.76544E-06
 1.0E-20
 1.30138E-05
 1.07236E-05
 8.92882E-06
 7.50379E-06
 6.36231E-06
 5.43620E-06
 4.67673E-06
 4.04859E-06
 3.33212E-06
 2.52810E-06
 8.83247E-06
 7.67535E-06
 6.68066E-06
 5.82754E-06
 5.09600E-06
 4.46580E-06
 3.92502E-06
 3.46170E-06
 3.06401E-06
 2.59028E-06
 2.03196E-06
 1.0E-20
 1.09311E-05
 9.55773E-06
 8.34454E-06
 7.28032E-06
 6.35321E-06
 5.55010E-06
 4.85717E-06
 4.26065E-06
 3.54965E-06
 2.71278E-06
 2.07660E-05
 1.69151E-05
 1.39317E-05
 1.15824E-05
 9.71343E-06
 8.20019E-06
 6.96366E-06
 5.94694E-06
 5.10812E-06
 4.15101E-06
 3.07731E-06
 1.0E-20
 1.99491E-05
 1.60765E-05
 1.31433E-05
 1.08743E-05
 9.07458E-06
 7.62968E-06
 6.45893E-06
 5.50636E-06
 4.43591E-06
 3.24928E-06
 1.0E-20
 2.27121E-05
 1.80122E-05
 1.45349E-05
 1.18984E-05
 9.83885E-06
 8.20659E-06
 6.89872E-06
 5.84545E-06
 4.67358E-06
 3.39042E-06
 3.34027E-05
 2.54368E-05
 1.99200E-05
 1.59106E-05
 1.29081E-05
 1.05896E-05
 8.77074E-06
 7.32744E-06
 6.17423E-06
 4.90225E-06
 3.52489E-06
 3.68383E-05
 2.78331E-05
 2.16344E-05
 1.71633E-05
 1.38342E-05
 1.12802E-05
 9.29043E-06
 7.72239E-06
 6.47630E-06
 5.11141E-06
 3.64712E-06
 3.94419E-05
 2.97509E-05
 2.30479E-05
 1.82115E-05
 1.46189E-05
 1.18708E-05
 9.73787E-06
 8.06280E-06
 6.73646E-06
 5.29124E-06
 3.75185E-06
 4.12658E-05
 3.11517E-05
 2.41108E-05
 1.90127E-05
 1.52255E-05
 1.23330E-05
 1.00902E-05
 8.33149E-06
 6.94183E-06
 5.43351E-06
 3.83436E-06
 1.0E-20
 3.20743E-05
 2.48233E-05
 1.95570E-05
 1.56392E-05
 1.26480E-05
 1.03313E-05
 8.51627E-06
 7.08364E-06
 5.53151E-06
 3.89100E-06
 1.0E-20
 3.25831E-05
 2.52096E-05
 1.98470E-05
 1.58558E-05
 1.28102E-05
 1.04538E-05
 8.60997E-06
 7.15549E-06
 5.58077E-06
 3.91952E-06
 1.0E-20
 3.27292E-05
 2.52970E-05
 1.98965E-05
 1.58815E-05
 1.28215E-05
 1.04571E-05
 8.60979E-06
 7.15423E-06
 5.57961E-06
 3.91864E-06
 1.0E-20
 3.25390E-05
 2.51022E-05
 1.97155E-05
 1.57229E-05
 1.26865E-05
 1.03450E-05
 8.51870E-06
 7.08157E-06
 5.52810E-06
 3.88847E-06
 1.0E-20
 3.20233E-05
 2.46331E-05
 1.93136E-05
 1.53882E-05
 1.24134E-05
 1.01246E-05
 8.34244E-06
 6.94189E-06
 5.42874E-06
 3.83069E-06
 1.0E-20
 3.11582E-05
 2.38918E-05
 1.86975E-05
 1.48879E-05
 1.20124E-05
 9.80598E-06
 8.09008E-06
 6.74289E-06
 5.28720E-06
 3.74785E-06
 1.0E-20
 2.99091E-05
 2.28748E-05
 1.78772E-05
 1.42358E-05
 1.14980E-05
 9.40204E-06
 7.77317E-06
 6.49409E-06
 5.11062E-06
 3.64398E-06
 1.0E-20
 2.82473E-05
 2.15833E-05
 1.68737E-05
 1.34542E-05
 1.08911E-05
 8.93064E-06
 7.40658E-06
 6.20765E-06
 4.90776E-06
 3.52419E-06
 1.0E-20
 2.61850E-05
 2.00451E-05
 1.57198E-05
 1.25778E-05
 1.02199E-05
 8.41442E-06
 7.00774E-06
 5.89736E-06
 4.68847E-06
 3.39432E-06
 1.0E-20
 2.38062E-05
 1.83360E-05
 1.44738E-05
 1.16515E-05
 9.52049E-06
 7.88027E-06
 6.59686E-06
 5.57856E-06
 4.46285E-06
 3.25943E-06
 1.0E-20
 2.12888E-05
 1.65767E-05
 1.32144E-05
 1.07256E-05
 8.82656E-06
 7.35054E-06
 6.18696E-06
 5.25699E-06
 4.22825E-06
 3.11026E-06
 1.0E-20
 1.87910E-05
 1.48059E-05
 1.19167E-05
 9.75107E-06
 8.08149E-06
 6.77223E-06
 5.73185E-06
 4.89431E-06
 3.96153E-06
 2.93982E-06
 1.0E-20
 1.59999E-05
 1.28370E-05
 1.04867E-05
 8.68337E-06
 7.26935E-06
 6.14438E-06
 5.23929E-06
 4.50167E-06
 3.67215E-06
 2.75361E-06
 1.0E-20
 1.26650E-05
 1.04629E-05
 8.73975E-06
 7.37049E-06
 6.26630E-06
 5.36648E-06
 4.62602E-06
 4.01186E-06
 3.30914E-06
 2.51721E-06
 1.0E-20
 7.46760E-06
 6.51270E-06
 5.69506E-06
 4.99379E-06
 4.38862E-06
 3.86878E-06
 3.42067E-06
 3.03378E-06
 2.57070E-06
 2.02205E-06
 1.0E-20
 1.06504E-05
 9.32322E-06
 8.15253E-06
 7.12492E-06
 6.22831E-06
 5.45009E-06
 4.77756E-06
 4.19746E-06
 3.50409E-06
 2.68491E-06
 2.02129E-05
 1.64534E-05
 1.35568E-05
 1.12838E-05
 9.47803E-06
 8.01565E-06
 6.81981E-06
 5.83514E-06
 5.02133E-06
 4.09013E-06
 3.04108E-06
 2.45588E-05
 1.93776E-05
 1.56181E-05
 1.27824E-05
 1.05928E-05
 8.85658E-06
 7.46163E-06
 6.32959E-06
 5.40676E-06
 4.36640E-06
 3.20838E-06
 2.85290E-05
 2.20512E-05
 1.74848E-05
 1.41221E-05
 1.15785E-05
 9.59290E-06
 8.01823E-06
 6.75460E-06
 5.73505E-06
 4.59706E-06
 3.34580E-06
 3.24064E-05
 2.46867E-05
 1.93310E-05
 1.54500E-05
 1.25528E-05
 1.03176E-05
 8.56342E-06
 7.16950E-06
 6.05374E-06
 4.81920E-06
 3.47683E-06
 3.57014E-05
 2.69948E-05
 2.09924E-05
 1.66634E-05
 1.34488E-05
 1.09859E-05
 9.06668E-06
 7.55241E-06
 6.34699E-06
 5.02264E-06
 3.59605E-06
 3.81870E-05
 2.88332E-05
 2.23550E-05
 1.76814E-05
 1.42110E-05
 1.15593E-05
 9.50118E-06
 7.88323E-06
 6.60007E-06
 5.19786E-06
 3.69833E-06
 3.99198E-05
 3.01682E-05
 2.33730E-05
 1.84550E-05
 1.48023E-05
 1.20100E-05
 9.84461E-06
 8.14522E-06
 6.80045E-06
 5.33683E-06
 3.77909E-06
 1.0E-20
 3.10404E-05
 2.40494E-05
 1.89764E-05
 1.52029E-05
 1.23188E-05
 1.00812E-05
 8.32646E-06
 6.93954E-06
 5.43300E-06
 3.83472E-06
 4.16437E-05
 3.15135E-05
 2.44097E-05
 1.92496E-05
 1.54098E-05
 1.24765E-05
 1.02029E-05
 8.41982E-06
 7.01104E-06
 5.48196E-06
 3.86302E-06
 4.18574E-05
 3.16374E-05
 2.44814E-05
 1.92892E-05
 1.54302E-05
 1.24859E-05
 1.02067E-05
 8.42178E-06
 7.01173E-06
 5.48201E-06
 3.86271E-06
 4.17144E-05
 3.14394E-05
 2.42815E-05
 1.91058E-05
 1.52713E-05
 1.23522E-05
 1.00971E-05
 8.33382E-06
 6.94262E-06
 5.43314E-06
 3.83386E-06
 4.11876E-05
 3.09306E-05
 2.38180E-05
 1.87093E-05
 1.49417E-05
 1.20839E-05
 9.88119E-06
 8.16192E-06
 6.80708E-06
 5.33762E-06
 3.77807E-06
 4.02292E-05
 3.00869E-05
 2.30936E-05
 1.81065E-05
 1.44521E-05
 1.16916E-05
 9.56954E-06
 7.91528E-06
 6.61291E-06
 5.20006E-06
 3.69782E-06
 3.87670E-05
 2.88743E-05
 2.21053E-05
 1.73077E-05
 1.38162E-05
 1.11893E-05
 9.17477E-06
 7.60539E-06
 6.36962E-06
 5.02758E-06
 3.59689E-06
 3.67206E-05
 2.72633E-05
 2.08534E-05
 1.63333E-05
 1.30557E-05
 1.05977E-05
 8.71446E-06
 7.24692E-06
 6.08921E-06
 4.82889E-06
 3.47980E-06
 3.40383E-05
 2.52633E-05
 1.93637E-05
 1.52149E-05
 1.22043E-05
 9.94401E-06
 8.21064E-06
 6.85686E-06
 5.78522E-06
 4.61372E-06
 3.35236E-06
 3.07698E-05
 2.29538E-05
 1.77083E-05
 1.40077E-05
 1.13052E-05
 9.26326E-06
 7.68935E-06
 6.45491E-06
 5.47266E-06
 4.39227E-06
 3.22018E-06
 2.71596E-05
 2.05145E-05
 1.60090E-05
 1.27923E-05
 1.04109E-05
 8.59174E-06
 7.17534E-06
 6.05632E-06
 5.15932E-06
 4.16309E-06
 3.07412E-06
 2.35687E-05
 1.81058E-05
 1.43058E-05
 1.15442E-05
 9.47184E-06
 7.87180E-06
 6.61468E-06
 5.61357E-06
 4.80552E-06
 3.90207E-06
 2.90681E-06
 1.95663E-05
 1.54035E-05
 1.24053E-05
 1.01649E-05
 8.44065E-06
 7.08568E-06
 6.00522E-06
 5.13392E-06
 4.42194E-06
 3.61844E-06
 2.72363E-06
 1.48882E-05
 1.21768E-05
 1.01037E-05
 8.47365E-06
 7.16874E-06
 6.11231E-06
 5.24857E-06
 4.53569E-06
 3.94274E-06
 3.26193E-06
 2.49058E-06
 8.23026E-06
 7.17877E-06
 6.28095E-06
 5.51316E-06
 4.85357E-06
 4.28151E-06
 3.78595E-06
 3.35612E-06
 2.98331E-06
 2.53490E-06
 2.00097E-06
 1.0E-20
 1.02060E-05
 8.95748E-06
 7.85577E-06
 6.88587E-06
 6.03626E-06
 5.29633E-06
 4.65470E-06
 4.09935E-06
 3.43257E-06
 2.64038E-06
 1.92629E-05
 1.56965E-05
 1.29647E-05
 1.08238E-05
 9.12107E-06
 7.73835E-06
 6.60402E-06
 5.66700E-06
 4.89003E-06
 3.99701E-06
 2.98518E-06
 2.33593E-05
 1.84440E-05
 1.49014E-05
 1.22339E-05
 1.01714E-05
 8.53291E-06
 7.21256E-06
 6.13740E-06
 5.25797E-06
 4.26196E-06
 3.14623E-06
 2.71103E-05
 2.09616E-05
 1.66578E-05
 1.34952E-05
 1.11019E-05
 9.22986E-06
 7.74096E-06
 6.54207E-06
 5.57149E-06
 4.48308E-06
 3.27863E-06
 3.07975E-05
 2.34554E-05
 1.84010E-05
 1.47493E-05
 1.20234E-05
 9.91696E-06
 8.25918E-06
 6.93754E-06
 5.87609E-06
 4.69615E-06
 3.40493E-06
 3.39150E-05
 2.56513E-05
 1.99763E-05
 1.58991E-05
 1.28734E-05
 1.05520E-05
 8.73837E-06
 7.30303E-06
 6.15670E-06
 4.89146E-06
 3.51991E-06
 3.62466E-05
 2.73935E-05
 2.12751E-05
 1.68680E-05
 1.35988E-05
 1.10982E-05
 9.15306E-06
 7.61940E-06
 6.39923E-06
 5.05986E-06
 3.61864E-06
 3.78588E-05
 2.86468E-05
 2.22414E-05
 1.76084E-05
 1.41642E-05
 1.15294E-05
 9.48189E-06
 7.87061E-06
 6.59168E-06
 5.19368E-06
 3.69669E-06
 1.0E-20
 2.94555E-05
 2.28766E-05
 1.81049E-05
 1.45500E-05
 1.18265E-05
 9.70959E-06
 8.04517E-06
 6.72580E-06
 5.28660E-06
 3.75059E-06
 3.94403E-05
 2.98853E-05
 2.32080E-05
 1.83608E-05
 1.47480E-05
 1.19805E-05
 9.82822E-06
 8.13611E-06
 6.79544E-06
 5.33430E-06
 3.77818E-06
 3.96248E-05
 2.99856E-05
 2.32646E-05
 1.83920E-05
 1.47651E-05
 1.19903E-05
 9.83466E-06
 8.13990E-06
 6.79741E-06
 5.33512E-06
 3.77822E-06
 3.94764E-05
 2.97840E-05
 2.30638E-05
 1.82103E-05
 1.46097E-05
 1.18613E-05
 9.73039E-06
 8.05762E-06
 6.73259E-06
 5.28900E-06
 3.75073E-06
 3.89693E-05
 2.92921E-05
 2.26143E-05
 1.78262E-05
 1.42911E-05
 1.16026E-05
 9.52304E-06
 7.89328E-06
 6.60380E-06
 5.19805E-06
 3.69726E-06
 3.80572E-05
 2.84869E-05
 2.19204E-05
 1.72473E-05
 1.38203E-05
 1.12251E-05
 9.22324E-06
 7.65623E-06
 6.41753E-06
 5.06666E-06
 3.62016E-06
 3.66711E-05
 2.73361E-05
 2.09797E-05
 1.64840E-05
 1.32111E-05
 1.07429E-05
 8.84359E-06
 7.35790E-06
 6.18323E-06
 4.90074E-06
 3.52305E-06
 3.47330E-05
 2.58113E-05
 1.97924E-05
 1.55567E-05
 1.24844E-05
 1.01758E-05
 8.40122E-06
 7.01265E-06
 5.91273E-06
 4.70889E-06
 3.41022E-06
 3.21934E-05
 2.39208E-05
 1.83823E-05
 1.44949E-05
 1.16729E-05
 9.55019E-06
 7.91735E-06
 6.63693E-06
 5.61918E-06
 4.50063E-06
 3.28682E-06
 2.90963E-05
 2.17381E-05
 1.68167E-05
 1.33504E-05
 1.08171E-05
 8.89931E-06
 7.41690E-06
 6.24967E-06
 5.31710E-06
 4.28591E-06
 3.15863E-06
 2.56687E-05
 1.94301E-05
 1.52091E-05
 1.21982E-05
 9.96755E-06
 8.25937E-06
 6.92522E-06
 5.86725E-06
 5.01560E-06
 4.06458E-06
 3.01710E-06
 2.22872E-05
 1.71700E-05
 1.36106E-05
 1.10233E-05
 9.07971E-06
 7.57542E-06
 6.38993E-06
 5.44249E-06
 4.67484E-06
 3.81206E-06
 2.85449E-06
 1.85035E-05
 1.46238E-05
 1.18202E-05
 9.72107E-06
 8.10259E-06
 6.82738E-06
 5.80738E-06
 4.98189E-06
 4.30488E-06
 3.53721E-06
 2.67606E-06
 1.40542E-05
 1.15678E-05
 9.64272E-06
 8.11878E-06
 6.89398E-06
 5.89890E-06
 5.08251E-06
 4.40638E-06
 3.84198E-06
 3.19108E-06
 2.44854E-06
 7.78112E-06
 6.81569E-06
 5.99425E-06
 5.29054E-06
 4.67832E-06
 4.14220E-06
 3.67481E-06
 3.26727E-06
 2.91222E-06
 2.48302E-06
 1.96892E-06
 1.08646E-05
 9.61029E-06
 8.47505E-06
 7.46822E-06
 6.57521E-06
 5.78730E-06
 5.09701E-06
 4.49511E-06
 3.97143E-06
 3.33870E-06
 2.58131E-06
 1.0E-20
 1.46500E-05
 1.21723E-05
 1.02201E-05
 8.65806E-06
 7.38153E-06
 6.32778E-06
 5.45170E-06
 4.72129E-06
 3.87651E-06
 2.91200E-06
 1.0E-20
 1.71494E-05
 1.39437E-05
 1.15171E-05
 9.63013E-06
 8.12107E-06
 6.89616E-06
 5.89291E-06
 5.06804E-06
 4.12777E-06
 3.06584E-06
 1.0E-20
 1.94419E-05
 1.55511E-05
 1.26774E-05
 1.04909E-05
 8.76926E-06
 7.38999E-06
 6.27280E-06
 5.36362E-06
 4.33733E-06
 3.19218E-06
 2.83581E-05
 2.17234E-05
 1.71510E-05
 1.38337E-05
 1.13448E-05
 9.40898E-06
 7.87464E-06
 6.64424E-06
 5.65089E-06
 4.53928E-06
 3.31269E-06
 3.12294E-05
 2.37444E-05
 1.86032E-05
 1.48975E-05
 1.21343E-05
 1.00012E-05
 8.32332E-06
 6.98784E-06
 5.91568E-06
 4.72445E-06
 3.42241E-06
 3.33854E-05
 2.53597E-05
 1.98074E-05
 1.57976E-05
 1.28101E-05
 1.05117E-05
 8.71230E-06
 7.28563E-06
 6.14474E-06
 4.88421E-06
 3.51666E-06
 3.48551E-05
 2.65233E-05
 2.07096E-05
 1.64889E-05
 1.33390E-05
 1.09160E-05
 9.02149E-06
 7.52253E-06
 6.32674E-06
 5.01129E-06
 3.59119E-06
 1.0E-20
 2.72620E-05
 2.13018E-05
 1.69560E-05
 1.37020E-05
 1.11958E-05
 9.23634E-06
 7.68760E-06
 6.45390E-06
 5.09967E-06
 3.64270E-06
 3.62647E-05
 2.76445E-05
 2.16038E-05
 1.71957E-05
 1.38905E-05
 1.13423E-05
 9.34919E-06
 7.77420E-06
 6.52030E-06
 5.14523E-06
 3.66914E-06
 3.64150E-05
 2.77210E-05
 2.16465E-05
 1.72208E-05
 1.39069E-05
 1.13540E-05
 9.35686E-06
 7.77881E-06
 6.52282E-06
 5.14637E-06
 3.66928E-06
 3.62642E-05
 2.75199E-05
 2.14489E-05
 1.70447E-05
 1.37587E-05
 1.12330E-05
 9.26057E-06
 7.70236E-06
 6.46226E-06
 5.10297E-06
 3.64315E-06
 3.57870E-05
 2.70538E-05
 2.10212E-05
 1.66794E-05
 1.34563E-05
 1.09883E-05
 9.06525E-06
 7.54846E-06
 6.34120E-06
 5.01700E-06
 3.59221E-06
 3.49407E-05
 2.63025E-05
 2.03697E-05
 1.61335E-05
 1.30113E-05
 1.06311E-05
 8.78157E-06
 7.32437E-06
 6.16550E-06
 4.89260E-06
 3.51866E-06
 3.36630E-05
 2.52367E-05
 1.94935E-05
 1.54180E-05
 1.24377E-05
 1.01755E-05
 8.42205E-06
 7.04145E-06
 5.94320E-06
 4.73537E-06
 3.42597E-06
 3.18845E-05
 2.38314E-05
 1.83933E-05
 1.45533E-05
 1.17558E-05
 9.64088E-06
 8.00335E-06
 6.71370E-06
 5.68584E-06
 4.55262E-06
 3.31821E-06
 2.95621E-05
 2.20954E-05
 1.70914E-05
 1.35669E-05
 1.09967E-05
 9.05207E-06
 7.54573E-06
 6.35692E-06
 5.40617E-06
 4.35361E-06
 3.20022E-06
 2.67365E-05
 2.00962E-05
 1.56494E-05
 1.25062E-05
 1.01981E-05
 8.44048E-06
 7.07273E-06
 5.98913E-06
 5.11810E-06
 4.14798E-06
 3.07711E-06
 2.36121E-05
 1.79845E-05
 1.41703E-05
 1.14393E-05
 9.40585E-06
 7.83933E-06
 6.60847E-06
 5.62660E-06
 4.83124E-06
 3.93644E-06
 2.94125E-06
 2.05492E-05
 1.59320E-05
 1.27094E-05
 1.03575E-05
 8.58212E-06
 7.20008E-06
 6.10466E-06
 5.22429E-06
 4.50683E-06
 3.69466E-06
 2.78465E-06
 1.71167E-05
 1.36116E-05
 1.10680E-05
 9.15572E-06
 7.67393E-06
 6.50006E-06
 5.55594E-06
 4.78774E-06
 4.15420E-06
 3.43111E-06
 2.61241E-06
 1.30454E-05
 1.08088E-05
 9.06225E-06
 7.67130E-06
 6.54737E-06
 5.62942E-06
 4.87195E-06
 4.24135E-06
 3.71233E-06
 3.09858E-06
 2.39228E-06
 1.0E-20
 6.39481E-06
 5.66584E-06
 5.02817E-06
 4.46658E-06
 3.97104E-06
 3.53651E-06
 3.15548E-06
 2.82187E-06
 2.41615E-06
 1.92662E-06
 9.98547E-06
 8.90039E-06
 7.90601E-06
 7.01340E-06
 6.21119E-06
 5.49566E-06
 4.86313E-06
 4.30725E-06
 3.82024E-06
 3.22704E-06
 2.51033E-06
 1.0E-20
 1.33843E-05
 1.12329E-05
 9.51213E-06
 8.11819E-06
 6.96618E-06
 6.00586E-06
 5.20063E-06
 4.52410E-06
 3.73473E-06
 2.82496E-06
 1.0E-20
 1.55860E-05
 1.28121E-05
 1.06805E-05
 9.00222E-06
 7.64423E-06
 6.53063E-06
 5.60989E-06
 4.84724E-06
 3.97069E-06
 2.97072E-06
 1.0E-20
 1.76014E-05
 1.42431E-05
 1.17243E-05
 9.78389E-06
 8.23754E-06
 6.98572E-06
 5.96206E-06
 5.12277E-06
 4.16731E-06
 3.09026E-06
 2.52405E-05
 1.96142E-05
 1.56701E-05
 1.27660E-05
 1.05599E-05
 8.82318E-06
 7.43227E-06
 6.30632E-06
 5.39044E-06
 4.35670E-06
 3.20421E-06
 2.77636E-05
 2.14074E-05
 1.69705E-05
 1.37269E-05
 1.12784E-05
 9.36576E-06
 7.84584E-06
 6.62483E-06
 5.63714E-06
 4.53028E-06
 3.30791E-06
 1.0E-20
 2.28524E-05
 1.80551E-05
 1.45429E-05
 1.18949E-05
 9.83423E-06
 8.20477E-06
 6.90103E-06
 5.85059E-06
 4.68002E-06
 3.39696E-06
 3.10047E-05
 2.39036E-05
 1.88729E-05
 1.51724E-05
 1.23788E-05
 1.02060E-05
 8.49046E-06
 7.12090E-06
 6.02022E-06
 4.79913E-06
 3.46734E-06
 3.18114E-05
 2.45727E-05
 1.94140E-05
 1.56001E-05
 1.27123E-05
 1.04640E-05
 8.68930E-06
 7.27428E-06
 6.13882E-06
 4.88197E-06
 3.51595E-06
 3.22301E-05
 2.49077E-05
 1.96886E-05
 1.58216E-05
 1.28865E-05
 1.05996E-05
 8.79405E-06
 7.35488E-06
 6.20081E-06
 4.92465E-06
 3.54084E-06
 3.23446E-05
 2.49617E-05
 1.97199E-05
 1.58435E-05
 1.29032E-05
 1.06112E-05
 8.80155E-06
 7.35931E-06
 6.20317E-06
 4.92566E-06
 3.54086E-06
 3.21938E-05
 2.47645E-05
 1.95292E-05
 1.56768E-05
 1.27656E-05
 1.05005E-05
 8.71279E-06
 7.28838E-06
 6.14665E-06
 4.88485E-06
 3.51601E-06
 3.17539E-05
 2.43312E-05
 1.91293E-05
 1.53353E-05
 1.24835E-05
 1.02732E-05
 8.53230E-06
 7.14539E-06
 6.03358E-06
 4.80403E-06
 3.46768E-06
 3.09877E-05
 2.36448E-05
 1.85289E-05
 1.48289E-05
 1.20696E-05
 9.94044E-06
 8.26804E-06
 6.93692E-06
 5.86947E-06
 4.68710E-06
 3.39793E-06
 2.98424E-05
 2.26812E-05
 1.77293E-05
 1.41701E-05
 1.15380E-05
 9.51642E-06
 7.93240E-06
 6.67233E-06
 5.66147E-06
 4.53928E-06
 3.31003E-06
 2.82614E-05
 2.14200E-05
 1.67325E-05
 1.33791E-05
 1.09086E-05
 9.01975E-06
 7.54151E-06
 6.36524E-06
 5.41971E-06
 4.36738E-06
 3.20783E-06
 2.62135E-05
 1.98720E-05
 1.55593E-05
 1.24812E-05
 1.02108E-05
 8.47393E-06
 7.11459E-06
 6.03072E-06
 5.15645E-06
 4.17942E-06
 3.09589E-06
 2.37405E-05
 1.80991E-05
 1.42654E-05
 1.15192E-05
 9.47904E-06
 7.90815E-06
 6.67364E-06
 5.68577E-06
 4.88492E-06
 3.98465E-06
 2.97892E-06
 2.10216E-05
 1.62332E-05
 1.29412E-05
 1.05529E-05
 8.75366E-06
 7.35217E-06
 6.24026E-06
 5.34544E-06
 4.61452E-06
 3.78421E-06
 2.84957E-06
 1.83585E-05
 1.44271E-05
 1.16389E-05
 9.57666E-06
 8.00198E-06
 6.76307E-06
 5.77186E-06
 4.96850E-06
 4.30868E-06
 3.55475E-06
 2.69996E-06
 1.53881E-05
 1.23846E-05
 1.01736E-05
 8.49100E-06
 7.17257E-06
 6.11766E-06
 5.26162E-06
 4.55942E-06
 3.97599E-06
 3.30430E-06
 2.53500E-06
 1.18325E-05
 9.90268E-06
 8.37566E-06
 7.14560E-06
 6.14141E-06
 5.31376E-06
 4.62467E-06
 4.04677E-06
 3.55862E-06
 2.98777E-06
 2.32370E-06
 1.0E-20
 5.93251E-06
 5.29401E-06
 4.72723E-06
 4.22178E-06
 3.77194E-06
 3.37474E-06
 3.02398E-06
 2.71493E-06
 2.33620E-06
 1.87518E-06
 1.0E-20
 8.13543E-06
 7.29279E-06
 6.52211E-06
 5.81669E-06
 5.17839E-06
 4.60751E-06
 4.10089E-06
 3.65327E-06
 3.10279E-06
 2.43046E-06
 1.42679E-05
 1.20263E-05
 1.02273E-05
 8.75385E-06
 7.53861E-06
 6.51855E-06
 5.65721E-06
 4.92719E-06
 4.30838E-06
 3.57857E-06
 2.72791E-06
 1.0E-20
 1.39234E-05
 1.16101E-05
 9.79087E-06
 8.33248E-06
 7.13340E-06
 6.13696E-06
 5.30397E-06
 4.60726E-06
 3.79848E-06
 2.86512E-06
 1.0E-20
 1.56480E-05
 1.28575E-05
 1.07141E-05
 9.03227E-06
 7.66979E-06
 6.55178E-06
 5.62723E-06
 4.86180E-06
 3.98150E-06
 2.97745E-06
 2.18663E-05
 1.73702E-05
 1.41008E-05
 1.16348E-05
 9.72629E-06
 8.19862E-06
 6.95826E-06
 5.94286E-06
 5.10877E-06
 4.15754E-06
 3.08440E-06
 2.39904E-05
 1.89108E-05
 1.52364E-05
 1.24852E-05
 1.03691E-05
 8.68837E-06
 7.33448E-06
 6.23465E-06
 5.33618E-06
 4.31872E-06
 3.18163E-06
 2.56260E-05
 2.01619E-05
 1.61879E-05
 1.32091E-05
 1.09212E-05
 9.11134E-06
 7.66098E-06
 6.48755E-06
 5.53276E-06
 4.45761E-06
 3.26502E-06
 2.67713E-05
 2.10805E-05
 1.69093E-05
 1.37692E-05
 1.13552E-05
 9.44733E-06
 7.92088E-06
 6.68876E-06
 5.68883E-06
 4.56798E-06
 3.33083E-06
 2.74731E-05
 2.16705E-05
 1.73893E-05
 1.41510E-05
 1.16548E-05
 9.68053E-06
 8.10164E-06
 6.82896E-06
 5.79780E-06
 4.64458E-06
 3.37615E-06
 2.78211E-05
 2.19625E-05
 1.76340E-05
 1.43490E-05
 1.18112E-05
 9.80286E-06
 8.19659E-06
 6.90237E-06
 5.85450E-06
 4.68381E-06
 3.39920E-06
 2.79008E-05
 2.19969E-05
 1.76573E-05
 1.43683E-05
 1.18256E-05
 9.81264E-06
 8.20268E-06
 6.90574E-06
 5.85607E-06
 4.68427E-06
 3.39888E-06
 2.77516E-05
 2.18066E-05
 1.74766E-05
 1.42140E-05
 1.17004E-05
 9.71112E-06
 8.12071E-06
 6.83980E-06
 5.80321E-06
 4.64582E-06
 3.37519E-06
 2.73524E-05
 2.14096E-05
 1.71081E-05
 1.38994E-05
 1.14415E-05
 9.50354E-06
 7.95482E-06
 6.70756E-06
 5.69804E-06
 4.57010E-06
 3.32943E-06
 2.66723E-05
 2.07932E-05
 1.65630E-05
 1.34362E-05
 1.10616E-05
 9.19773E-06
 7.71209E-06
 6.51510E-06
 5.54566E-06
 4.46074E-06
 3.26355E-06
 2.56691E-05
 1.99386E-05
 1.58453E-05
 1.28382E-05
 1.05754E-05
 8.80787E-06
 7.40251E-06
 6.27065E-06
 5.35268E-06
 4.32259E-06
 3.18059E-06
 2.43002E-05
 1.88310E-05
 1.49584E-05
 1.21256E-05
 1.00020E-05
 8.35196E-06
 7.04165E-06
 5.98603E-06
 5.12804E-06
 4.16199E-06
 3.08416E-06
 2.25479E-05
 1.74834E-05
 1.39215E-05
 1.13214E-05
 9.36928E-06
 7.85196E-06
 6.64767E-06
 5.67558E-06
 4.88266E-06
 3.98620E-06
 2.97852E-06
 2.04562E-05
 1.59518E-05
 1.27842E-05
 1.04634E-05
 8.70807E-06
 7.33482E-06
 6.24094E-06
 5.35520E-06
 4.62909E-06
 3.80336E-06
 2.86810E-06
 1.81766E-05
 1.43475E-05
 1.16234E-05
 9.60289E-06
 8.05303E-06
 6.82657E-06
 5.84043E-06
 5.03804E-06
 4.37585E-06
 3.61467E-06
 2.74576E-06
 1.0E-20
 1.27907E-05
 1.04818E-05
 8.73399E-06
 7.37498E-06
 6.28903E-06
 5.40873E-06
 4.68765E-06
 4.08963E-06
 3.39838E-06
 2.60375E-06
 1.0E-20
 1.10395E-05
 9.19987E-06
 7.76892E-06
 6.62750E-06
 5.70064E-06
 4.93891E-06
 4.30763E-06
 3.77820E-06
 3.16207E-06
 2.44679E-06
 1.0E-20
 8.90530E-06
 7.62400E-06
 6.57110E-06
 5.69740E-06
 4.96703E-06
 4.35204E-06
 3.83118E-06
 3.38731E-06
 2.86304E-06
 2.24531E-06
 1.0E-20
 5.43598E-06
 4.89017E-06
 4.39761E-06
 3.95265E-06
 3.55229E-06
 3.19542E-06
 2.87748E-06
 2.59514E-06
 2.24585E-06
 1.81622E-06
 1.0E-20
 7.23808E-06
 6.56245E-06
 5.92692E-06
 5.33394E-06
 4.78739E-06
 4.29000E-06
 3.84184E-06
 3.44102E-06
 2.94381E-06
 2.32654E-06
 1.21669E-05
 1.04751E-05
 9.05970E-06
 7.85867E-06
 6.83903E-06
 5.97416E-06
 5.23001E-06
 4.58917E-06
 4.03694E-06
 3.38092E-06
 2.60339E-06
 1.0E-20
 1.20485E-05
 1.02345E-05
 8.75501E-06
 7.53048E-06
 6.51681E-06
 5.65826E-06
 4.92868E-06
 4.30745E-06
 3.58162E-06
 2.73031E-06
 1.0E-20
 1.34650E-05
 1.12844E-05
 9.54624E-06
 8.13633E-06
 6.98770E-06
 6.02667E-06
 5.21850E-06
 4.53687E-06
 3.74838E-06
 2.83378E-06
 1.82021E-05
 1.48704E-05
 1.23251E-05
 1.03285E-05
 8.73517E-06
 7.45043E-06
 6.38651E-06
 5.49985E-06
 4.75885E-06
 3.90846E-06
 2.93206E-06
 1.98844E-05
 1.61290E-05
 1.32716E-05
 1.10495E-05
 9.28919E-06
 7.87829E-06
 6.71849E-06
 5.75922E-06
 4.96284E-06
 4.05463E-06
 3.02127E-06
 2.11929E-05
 1.71494E-05
 1.40653E-05
 1.16644E-05
 9.76522E-06
 8.24714E-06
 7.00547E-06
 5.98376E-06
 5.13894E-06
 4.18016E-06
 3.09759E-06
 2.21182E-05
 1.79060E-05
 1.46699E-05
 1.21409E-05
 1.01380E-05
 8.53882E-06
 7.23368E-06
 6.16224E-06
 5.27856E-06
 4.27947E-06
 3.15764E-06
 2.26915E-05
 1.83933E-05
 1.50713E-05
 1.24645E-05
 1.03949E-05
 8.74096E-06
 7.39189E-06
 6.28575E-06
 5.37524E-06
 4.34818E-06
 3.19875E-06
 2.29686E-05
 1.86358E-05
 1.52760E-05
 1.26317E-05
 1.05282E-05
 8.84562E-06
 7.47354E-06
 6.34940E-06
 5.42476E-06
 4.38303E-06
 3.21924E-06
 2.30112E-05
 1.86516E-05
 1.52904E-05
 1.26440E-05
 1.05375E-05
 8.85158E-06
 7.47680E-06
 6.35069E-06
 5.42475E-06
 4.38219E-06
 3.21831E-06
 2.28648E-05
 1.84714E-05
 1.51239E-05
 1.25058E-05
 1.04242E-05
 8.75935E-06
 7.40174E-06
 6.28980E-06
 5.37555E-06
 4.34603E-06
 3.19591E-06
 2.25133E-05
 1.81180E-05
 1.47943E-05
 1.22246E-05
 1.01941E-05
 8.57331E-06
 7.25232E-06
 6.16990E-06
 5.27943E-06
 4.27597E-06
 3.15317E-06
 2.19311E-05
 1.75843E-05
 1.43156E-05
 1.18136E-05
 9.85551E-06
 8.30027E-06
 7.03406E-06
 5.99608E-06
 5.14071E-06
 4.17537E-06
 3.09187E-06
 2.10861E-05
 1.68523E-05
 1.36934E-05
 1.12881E-05
 9.42350E-06
 7.95164E-06
 6.75605E-06
 5.77548E-06
 4.96552E-06
 4.04854E-06
 3.01468E-06
 1.99525E-05
 1.59164E-05
 1.29302E-05
 1.06673E-05
 8.91687E-06
 7.54453E-06
 6.43128E-06
 5.51801E-06
 4.76186E-06
 3.90133E-06
 2.92503E-06
 1.85249E-05
 1.47911E-05
 1.20459E-05
 9.96946E-06
 8.36112E-06
 7.09895E-06
 6.07654E-06
 5.23628E-06
 4.53872E-06
 3.74020E-06
 2.82676E-06
 1.68452E-05
 1.35240E-05
 1.10820E-05
 9.22751E-06
 7.78270E-06
 6.63916E-06
 5.71028E-06
 4.94500E-06
 4.30723E-06
 3.57230E-06
 2.72398E-06
 1.50304E-05
 1.22021E-05
 1.00998E-05
 8.48342E-06
 7.20909E-06
 6.18670E-06
 5.34832E-06
 4.65513E-06
 4.07442E-06
 3.39777E-06
 2.60991E-06
 1.0E-20
 1.09077E-05
 9.12636E-06
 7.72867E-06
 6.61446E-06
 5.70802E-06
 4.95879E-06
 4.33539E-06
 3.81194E-06
 3.19749E-06
 2.47733E-06
 1.0E-20
 9.46470E-06
 8.04204E-06
 6.89576E-06
 5.96131E-06
 5.18564E-06
 4.53603E-06
 3.98952E-06
 3.52644E-06
 2.97849E-06
 2.33052E-06
 1.0E-20
 7.71425E-06
 6.71299E-06
 5.86814E-06
 5.14801E-06
 4.53416E-06
 4.00850E-06
 3.55718E-06
 3.16784E-06
 2.70105E-06
 2.14161E-06
 1.0E-20
 4.83051E-06
 4.38969E-06
 3.98445E-06
 3.61333E-06
 3.27415E-06
 2.96657E-06
 2.68885E-06
 2.43936E-06
 2.12746E-06
 1.73754E-06
 1.0E-20
 5.51857E-06
 5.14901E-06
 4.76870E-06
 4.38367E-06
 4.00780E-06
 3.65029E-06
 3.31601E-06
 3.00721E-06
 2.61118E-06
 2.10353E-06
 1.0E-20
 7.51298E-06
 6.80017E-06
 6.11947E-06
 5.48495E-06
 4.90493E-06
 4.38107E-06
 3.91162E-06
 3.49292E-06
 2.97556E-06
 2.34057E-06
 1.0E-20
 8.46498E-06
 7.57446E-06
 6.74628E-06
 5.99213E-06
 5.31570E-06
 4.71425E-06
 4.18235E-06
 3.71346E-06
 3.14211E-06
 2.44848E-06
 1.0E-20
 9.31187E-06
 8.25489E-06
 7.29158E-06
 6.42950E-06
 5.66708E-06
 4.99707E-06
 4.41044E-06
 3.89777E-06
 3.27887E-06
 2.53574E-06
 1.15009E-05
 1.01495E-05
 8.92591E-06
 7.82741E-06
 6.85743E-06
 6.00919E-06
 5.27100E-06
 4.63017E-06
 4.07435E-06
 3.40893E-06
 2.61781E-06
 1.0E-20
 1.09115E-05
 9.54060E-06
 8.32006E-06
 7.25125E-06
 6.32377E-06
 5.52238E-06
 4.83120E-06
 4.23530E-06
 3.52677E-06
 2.69149E-06
 1.0E-20
 1.15470E-05
 1.00605E-05
 8.74047E-06
 7.58894E-06
 6.59402E-06
 5.73829E-06
 5.00363E-06
 4.37307E-06
 3.62722E-06
 2.75374E-06
 1.37574E-05
 1.20271E-05
 1.04602E-05
 9.06752E-06
 7.85346E-06
 6.80641E-06
 5.90808E-06
 5.13906E-06
 4.48102E-06
 3.70563E-06
 2.80218E-06
 1.41168E-05
 1.23418E-05
 1.07266E-05
 9.28839E-06
 8.03334E-06
 6.95122E-06
 6.02378E-06
 5.23109E-06
 4.55405E-06
 3.75826E-06
 2.83477E-06
 1.42862E-05
 1.24928E-05
 1.08565E-05
 9.39731E-06
 8.12235E-06
 7.02262E-06
 6.08033E-06
 5.27550E-06
 4.58874E-06
 3.78316E-06
 2.84996E-06
 1.42853E-05
 1.24876E-05
 1.08519E-05
 9.39354E-06
 8.11853E-06
 7.01825E-06
 6.07574E-06
 5.27088E-06
 4.58425E-06
 3.77912E-06
 2.84694E-06
 1.41563E-05
 1.23404E-05
 1.07210E-05
 9.28200E-06
 8.02513E-06
 6.94052E-06
 6.01134E-06
 5.21772E-06
 4.54050E-06
 3.74613E-06
 2.82605E-06
 1.38954E-05
 1.20756E-05
 1.04710E-05
 9.06802E-06
 7.84623E-06
 6.79252E-06
 5.88976E-06
 5.11834E-06
 4.45956E-06
 3.68590E-06
 2.78803E-06
 1.34943E-05
 1.16958E-05
 1.01193E-05
 8.75930E-06
 7.58872E-06
 6.58043E-06
 5.71622E-06
 4.97698E-06
 4.34477E-06
 3.60072E-06
 2.73450E-06
 1.29464E-05
 1.11989E-05
 9.67737E-06
 8.37164E-06
 7.26220E-06
 6.31252E-06
 5.49784E-06
 4.79964E-06
 4.20113E-06
 3.49442E-06
 2.66771E-06
 1.22511E-05
 1.05901E-05
 9.15272E-06
 7.92382E-06
 6.88280E-06
 5.99978E-06
 5.24366E-06
 4.59375E-06
 4.03463E-06
 3.37136E-06
 2.59041E-06
 1.14212E-05
 9.88534E-06
 8.56150E-06
 7.43058E-06
 6.47131E-06
 5.65816E-06
 4.96507E-06
 4.36838E-06
 3.85257E-06
 3.23682E-06
 2.50576E-06
 1.04914E-05
 9.11675E-06
 7.93053E-06
 6.91337E-06
 6.04614E-06
 5.30683E-06
 4.67646E-06
 4.13371E-06
 3.66272E-06
 3.09627E-06
 2.41689E-06
 1.0E-20
 8.32829E-06
 7.29182E-06
 6.39476E-06
 5.62274E-06
 4.95864E-06
 4.38785E-06
 3.89600E-06
 3.46748E-06
 2.94768E-06
 2.31748E-06
 1.0E-20
 7.53808E-06
 6.64111E-06
 5.85761E-06
 5.17745E-06
 4.58745E-06
 4.07647E-06
 3.63350E-06
 3.24767E-06
 2.77746E-06
 2.20261E-06
 1.0E-20
 6.66263E-06
 5.92594E-06
 5.27122E-06
 4.69398E-06
 4.18629E-06
 3.74135E-06
 3.35159E-06
 3.00981E-06
 2.59158E-06
 2.07555E-06
 1.0E-20
 5.59021E-06
 5.04585E-06
 4.54634E-06
 4.09434E-06
 3.68790E-06
 3.32445E-06
 3.00041E-06
 2.71244E-06
 2.35629E-06
 1.91175E-06
 1.0E-20
 3.71594E-06
 3.44702E-06
 3.19057E-06
 2.94526E-06
 2.71340E-06
 2.49606E-06
 2.29430E-06
 2.10832E-06
 1.86899E-06
 1.56024E-06
