  #     beta     phi_d     phi_m       f
   1 1.0000e+05 9.0615e+04 1.8790e+00 8.1191e+05
   2 5.0000e+04 2.9574e+04 2.6839e+00 1.8457e+05
   3 2.5000e+04 5.5872e+03 1.4179e+00 9.6671e+04
   4 1.2500e+04 7.3241e+03 1.2675e+00 2.3311e+04
   5 6.2500e+03 6.2718e+03 1.1245e+00 1.5246e+04
   6 3.1250e+03 5.4447e+03 9.2485e-01 9.7860e+03
   7 1.5625e+03 4.2976e+03 7.6856e-01 6.8898e+03
   8 7.8125e+02 4.0019e+03 9.3927e-01 4.8981e+03
   9 3.9062e+02 3.7817e+03 9.3310e-01 4.3688e+03
  10 1.9531e+02 3.7683e+03 9.2847e-01 3.9640e+03
  11 9.7656e+01 3.4847e+03 9.2277e-01 3.8590e+03
  12 4.8828e+01 3.4831e+03 9.2187e-01 3.5297e+03
