  1.0290000e+002  1.0290000e+002 -5.2500000e+001  9.6061420e-016  9.6061420e-016 -1.9257107e-018
  2.7930000e+002  1.0290000e+002 -5.2500000e+001  9.6080010e-016  9.6087972e-016 -4.8308430e-018
  4.0530000e+002  1.0290000e+002 -5.2500000e+001  9.6113993e-016  9.6134712e-016 -4.9170959e-018
  4.9530000e+002  1.0290000e+002 -5.2500000e+001  9.6093661e-016  9.6155177e-016 -4.3231788e-018
  5.7030000e+002  1.0290000e+002 -5.2500000e+001  9.6052950e-016  9.6152998e-016 -3.6549365e-018
  6.4530000e+002  1.0290000e+002 -5.2500000e+001  9.6013033e-016  9.6130900e-016 -2.9560135e-018
  7.2030000e+002  1.0290000e+002 -5.2500000e+001  9.5990014e-016  9.6101478e-016 -2.2812751e-018
  8.1030000e+002  1.0290000e+002 -5.2500000e+001  9.5990048e-016  9.6073790e-016 -1.5162186e-018
  9.3630000e+002  1.0290000e+002 -5.2500000e+001  9.6011017e-016  9.6060144e-016 -6.1038297e-019
  1.1127000e+003  1.0290000e+002 -5.2500000e+001  9.6055984e-016  9.6055984e-016 -1.3000027e-031
  1.0290000e+002  2.7930000e+002 -5.2500000e+001  9.6087972e-016  9.6080010e-016 -4.8308430e-018
  2.7930000e+002  2.7930000e+002 -5.2500000e+001  9.6179494e-016  9.6179494e-016 -9.9920606e-018
  4.0530000e+002  2.7930000e+002 -5.2500000e+001  9.6217144e-016  9.6288727e-016 -8.5697391e-018
  4.9530000e+002  2.7930000e+002 -5.2500000e+001  9.6101305e-016  9.6314235e-016 -6.2524029e-018
  5.7030000e+002  2.7930000e+002 -5.2500000e+001  9.5937056e-016  9.6266376e-016 -4.4405795e-018
  6.4530000e+002  2.7930000e+002 -5.2500000e+001  9.5812830e-016  9.6151313e-016 -3.2890837e-018
  7.2030000e+002  2.7930000e+002 -5.2500000e+001  9.5792808e-016  9.6039411e-016 -2.5210286e-018
  8.1030000e+002  2.7930000e+002 -5.2500000e+001  9.5873860e-016  9.5974792e-016 -1.5273166e-018
  9.3630000e+002  2.7930000e+002 -5.2500000e+001  9.5984750e-016  9.5984750e-016 -1.9336337e-031
  1.1127000e+003  2.7930000e+002 -5.2500000e+001  9.6060144e-016  9.6011017e-016  6.1038297e-019
  1.0290000e+002  4.0530000e+002 -5.2500000e+001  9.6134712e-016  9.6113993e-016 -4.9170959e-018
  2.7930000e+002  4.0530000e+002 -5.2500000e+001  9.6288727e-016  9.6217144e-016 -8.5697391e-018
  4.0530000e+002  4.0530000e+002 -5.2500000e+001  9.6253833e-016  9.6253833e-016 -4.4791662e-018
  4.9530000e+002  4.0530000e+002 -5.2500000e+001  9.5924618e-016  9.6171895e-016  1.3874908e-019
  5.7030000e+002  4.0530000e+002 -5.2500000e+001  9.5485987e-016  9.5984113e-016  2.8386318e-018
  6.4530000e+002  4.0530000e+002 -5.2500000e+001  9.5224998e-016  9.5726590e-016  2.0616748e-018
  7.2030000e+002  4.0530000e+002 -5.2500000e+001  9.5333069e-016  9.5603056e-016  2.5957458e-019
  8.1030000e+002  4.0530000e+002 -5.2500000e+001  9.5679264e-016  9.5679264e-016 -1.8546705e-031
  9.3630000e+002  4.0530000e+002 -5.2500000e+001  9.5974792e-016  9.5873860e-016  1.5273166e-018
  1.1127000e+003  4.0530000e+002 -5.2500000e+001  9.6073790e-016  9.5990048e-016  1.5162186e-018
  1.0290000e+002  4.9530000e+002 -5.2500000e+001  9.6155177e-016  9.6093661e-016 -4.3231788e-018
  2.7930000e+002  4.9530000e+002 -5.2500000e+001  9.6314235e-016  9.6101305e-016 -6.2524029e-018
  4.0530000e+002  4.9530000e+002 -5.2500000e+001  9.6171895e-016  9.5924618e-016  1.3874908e-019
  4.9530000e+002  4.9530000e+002 -5.2500000e+001  9.5574646e-016  9.5574646e-016  8.0584804e-018
  5.7030000e+002  4.9530000e+002 -5.2500000e+001  9.4759144e-016  9.5075461e-016  1.2838554e-017
  6.4530000e+002  4.9530000e+002 -5.2500000e+001  9.4405319e-016  9.4725292e-016  6.9277448e-018
  7.2030000e+002  4.9530000e+002 -5.2500000e+001  9.4866555e-016  9.4866555e-016 -6.8331994e-031
  8.1030000e+002  4.9530000e+002 -5.2500000e+001  9.5603056e-016  9.5333069e-016 -2.5957458e-019
  9.3630000e+002  4.9530000e+002 -5.2500000e+001  9.6039411e-016  9.5792808e-016  2.5210286e-018
  1.1127000e+003  4.9530000e+002 -5.2500000e+001  9.6101478e-016  9.5990014e-016  2.2812751e-018
  1.0290000e+002  5.7030000e+002 -5.2500000e+001  9.6152998e-016  9.6052950e-016 -3.6549365e-018
  2.7930000e+002  5.7030000e+002 -5.2500000e+001  9.6266376e-016  9.5937056e-016 -4.4405795e-018
  4.0530000e+002  5.7030000e+002 -5.2500000e+001  9.5984113e-016  9.5485987e-016  2.8386318e-018
  4.9530000e+002  5.7030000e+002 -5.2500000e+001  9.5075461e-016  9.4759144e-016  1.2838554e-017
  5.7030000e+002  5.7030000e+002 -5.2500000e+001  9.3944354e-016  9.3944354e-016  1.4184343e-017
  6.4530000e+002  5.7030000e+002 -5.2500000e+001  9.3761233e-016  9.3761233e-016 -8.0903502e-031
  7.2030000e+002  5.7030000e+002 -5.2500000e+001  9.4725292e-016  9.4405319e-016 -6.9277448e-018
  8.1030000e+002  5.7030000e+002 -5.2500000e+001  9.5726590e-016  9.5224998e-016 -2.0616748e-018
  9.3630000e+002  5.7030000e+002 -5.2500000e+001  9.6151313e-016  9.5812830e-016  3.2890837e-018
  1.1127000e+003  5.7030000e+002 -5.2500000e+001  9.6130900e-016  9.6013033e-016  2.9560135e-018
  1.0290000e+002  6.4530000e+002 -5.2500000e+001  9.6130900e-016  9.6013033e-016 -2.9560135e-018
  2.7930000e+002  6.4530000e+002 -5.2500000e+001  9.6151313e-016  9.5812830e-016 -3.2890837e-018
  4.0530000e+002  6.4530000e+002 -5.2500000e+001  9.5726590e-016  9.5224998e-016  2.0616748e-018
  4.9530000e+002  6.4530000e+002 -5.2500000e+001  9.4725292e-016  9.4405319e-016  6.9277448e-018
  5.7030000e+002  6.4530000e+002 -5.2500000e+001  9.3761233e-016  9.3761233e-016  2.7810428e-031
  6.4530000e+002  6.4530000e+002 -5.2500000e+001  9.3944354e-016  9.3944354e-016 -1.4184343e-017
  7.2030000e+002  6.4530000e+002 -5.2500000e+001  9.5075461e-016  9.4759144e-016 -1.2838554e-017
  8.1030000e+002  6.4530000e+002 -5.2500000e+001  9.5984113e-016  9.5485987e-016 -2.8386318e-018
  9.3630000e+002  6.4530000e+002 -5.2500000e+001  9.6266376e-016  9.5937056e-016  4.4405795e-018
  1.1127000e+003  6.4530000e+002 -5.2500000e+001  9.6152998e-016  9.6052950e-016  3.6549365e-018
  1.0290000e+002  7.2030000e+002 -5.2500000e+001  9.6101478e-016  9.5990014e-016 -2.2812751e-018
  2.7930000e+002  7.2030000e+002 -5.2500000e+001  9.6039411e-016  9.5792808e-016 -2.5210286e-018
  4.0530000e+002  7.2030000e+002 -5.2500000e+001  9.5603056e-016  9.5333069e-016  2.5957458e-019
  4.9530000e+002  7.2030000e+002 -5.2500000e+001  9.4866555e-016  9.4866555e-016  4.3911203e-031
  5.7030000e+002  7.2030000e+002 -5.2500000e+001  9.4405319e-016  9.4725292e-016 -6.9277448e-018
  6.4530000e+002  7.2030000e+002 -5.2500000e+001  9.4759144e-016  9.5075461e-016 -1.2838554e-017
  7.2030000e+002  7.2030000e+002 -5.2500000e+001  9.5574646e-016  9.5574646e-016 -8.0584804e-018
  8.1030000e+002  7.2030000e+002 -5.2500000e+001  9.6171895e-016  9.5924618e-016 -1.3874908e-019
  9.3630000e+002  7.2030000e+002 -5.2500000e+001  9.6314235e-016  9.6101305e-016  6.2524029e-018
  1.1127000e+003  7.2030000e+002 -5.2500000e+001  9.6155177e-016  9.6093661e-016  4.3231788e-018
  1.0290000e+002  8.1030000e+002 -5.2500000e+001  9.6073790e-016  9.5990048e-016 -1.5162186e-018
  2.7930000e+002  8.1030000e+002 -5.2500000e+001  9.5974792e-016  9.5873860e-016 -1.5273166e-018
  4.0530000e+002  8.1030000e+002 -5.2500000e+001  9.5679264e-016  9.5679264e-016  1.9856338e-031
  4.9530000e+002  8.1030000e+002 -5.2500000e+001  9.5333069e-016  9.5603056e-016 -2.5957458e-019
  5.7030000e+002  8.1030000e+002 -5.2500000e+001  9.5224998e-016  9.5726590e-016 -2.0616748e-018
  6.4530000e+002  8.1030000e+002 -5.2500000e+001  9.5485987e-016  9.5984113e-016 -2.8386318e-018
  7.2030000e+002  8.1030000e+002 -5.2500000e+001  9.5924618e-016  9.6171895e-016 -1.3874908e-019
  8.1030000e+002  8.1030000e+002 -5.2500000e+001  9.6253833e-016  9.6253833e-016  4.4791662e-018
  9.3630000e+002  8.1030000e+002 -5.2500000e+001  9.6288727e-016  9.6217144e-016  8.5697391e-018
  1.1127000e+003  8.1030000e+002 -5.2500000e+001  9.6134712e-016  9.6113993e-016  4.9170959e-018
  1.0290000e+002  9.3630000e+002 -5.2500000e+001  9.6060144e-016  9.6011017e-016 -6.1038297e-019
  2.7930000e+002  9.3630000e+002 -5.2500000e+001  9.5984750e-016  9.5984750e-016  1.0274836e-031
  4.0530000e+002  9.3630000e+002 -5.2500000e+001  9.5873860e-016  9.5974792e-016  1.5273166e-018
  4.9530000e+002  9.3630000e+002 -5.2500000e+001  9.5792808e-016  9.6039411e-016  2.5210286e-018
  5.7030000e+002  9.3630000e+002 -5.2500000e+001  9.5812830e-016  9.6151313e-016  3.2890837e-018
  6.4530000e+002  9.3630000e+002 -5.2500000e+001  9.5937056e-016  9.6266376e-016  4.4405795e-018
  7.2030000e+002  9.3630000e+002 -5.2500000e+001  9.6101305e-016  9.6314235e-016  6.2524029e-018
  8.1030000e+002  9.3630000e+002 -5.2500000e+001  9.6217144e-016  9.6288727e-016  8.5697391e-018
  9.3630000e+002  9.3630000e+002 -5.2500000e+001  9.6179494e-016  9.6179494e-016  9.9920606e-018
  1.1127000e+003  9.3630000e+002 -5.2500000e+001  9.6087972e-016  9.6080010e-016  4.8308430e-018
  1.0290000e+002  1.1127000e+003 -5.2500000e+001  9.6055984e-016  9.6055984e-016  7.4328859e-032
  2.7930000e+002  1.1127000e+003 -5.2500000e+001  9.6011017e-016  9.6060144e-016  6.1038297e-019
  4.0530000e+002  1.1127000e+003 -5.2500000e+001  9.5990048e-016  9.6073790e-016  1.5162186e-018
  4.9530000e+002  1.1127000e+003 -5.2500000e+001  9.5990014e-016  9.6101478e-016  2.2812751e-018
  5.7030000e+002  1.1127000e+003 -5.2500000e+001  9.6013033e-016  9.6130900e-016  2.9560135e-018
  6.4530000e+002  1.1127000e+003 -5.2500000e+001  9.6052950e-016  9.6152998e-016  3.6549365e-018
  7.2030000e+002  1.1127000e+003 -5.2500000e+001  9.6093661e-016  9.6155177e-016  4.3231788e-018
  8.1030000e+002  1.1127000e+003 -5.2500000e+001  9.6113993e-016  9.6134712e-016  4.9170959e-018
  9.3630000e+002  1.1127000e+003 -5.2500000e+001  9.6080010e-016  9.6087972e-016  4.8308430e-018
  1.1127000e+003  1.1127000e+003 -5.2500000e+001  9.6061420e-016  9.6061420e-016  1.9257107e-018
  1.0290000e+002  1.0290000e+002 -1.4250000e+002  5.4907757e-016  5.4907757e-016  4.0523531e-019
  2.7930000e+002  1.0290000e+002 -1.4250000e+002  5.4920231e-016  5.4921353e-016 -7.7032715e-019
  4.0530000e+002  1.0290000e+002 -1.4250000e+002  5.4928905e-016  5.4936006e-016 -7.0131119e-019
  4.9530000e+002  1.0290000e+002 -1.4250000e+002  5.4913770e-016  5.4939318e-016 -4.3197342e-019
  5.7030000e+002  1.0290000e+002 -1.4250000e+002  5.4890253e-016  5.4936463e-016 -2.2747822e-019
  6.4530000e+002  1.0290000e+002 -1.4250000e+002  5.4868577e-016  5.4927386e-016 -1.2885364e-019
  7.2030000e+002  1.0290000e+002 -1.4250000e+002  5.4857181e-016  5.4918065e-016 -9.8127362e-020
  8.1030000e+002  1.0290000e+002 -1.4250000e+002  5.4857044e-016  5.4913455e-016 -5.8160374e-020
  9.3630000e+002  1.0290000e+002 -1.4250000e+002  5.4865351e-016  5.4910369e-016  3.5066850e-020
  1.1127000e+003  1.0290000e+002 -1.4250000e+002  5.4896458e-016  5.4896458e-016 -8.2333505e-033
  1.0290000e+002  2.7930000e+002 -1.4250000e+002  5.4921353e-016  5.4920231e-016 -7.7032715e-019
  2.7930000e+002  2.7930000e+002 -1.4250000e+002  5.4970814e-016  5.4970814e-016 -2.3843544e-018
  4.0530000e+002  2.7930000e+002 -1.4250000e+002  5.4960726e-016  5.4998021e-016 -2.1685502e-019
  4.9530000e+002  2.7930000e+002 -1.4250000e+002  5.4870479e-016  5.4988578e-016  1.9498463e-018
  5.7030000e+002  2.7930000e+002 -1.4250000e+002  5.4748059e-016  5.4956011e-016  2.9875992e-018
  6.4530000e+002  2.7930000e+002 -1.4250000e+002  5.4667426e-016  5.4868678e-016  2.3879143e-018
  7.2030000e+002  2.7930000e+002 -1.4250000e+002  5.4689918e-016  5.4801675e-016  1.0935913e-018
  8.1030000e+002  2.7930000e+002 -1.4250000e+002  5.4783694e-016  5.4820721e-016  1.0839611e-019
  9.3630000e+002  2.7930000e+002 -1.4250000e+002  5.4867607e-016  5.4867607e-016 -2.7068945e-031
  1.1127000e+003  2.7930000e+002 -1.4250000e+002  5.4910369e-016  5.4865351e-016 -3.5066850e-020
  1.0290000e+002  4.0530000e+002 -1.4250000e+002  5.4936006e-016  5.4928905e-016 -7.0131119e-019
  2.7930000e+002  4.0530000e+002 -1.4250000e+002  5.4998021e-016  5.4960726e-016 -2.1685502e-019
  4.0530000e+002  4.0530000e+002 -1.4250000e+002  5.4879333e-016  5.4879333e-016  6.4651920e-018
  4.9530000e+002  4.0530000e+002 -1.4250000e+002  5.4525976e-016  5.4756003e-016  1.3871867e-017
  5.7030000e+002  4.0530000e+002 -1.4250000e+002  5.3946630e-016  5.4598789e-016  1.8148211e-017
  6.4530000e+002  4.0530000e+002 -1.4250000e+002  5.3597557e-016  5.4223975e-016  1.2419375e-017
  7.2030000e+002  4.0530000e+002 -1.4250000e+002  5.3900955e-016  5.4097619e-016  3.9720733e-018
  8.1030000e+002  4.0530000e+002 -1.4250000e+002  5.4467423e-016  5.4467423e-016  1.5600033e-032
  9.3630000e+002  4.0530000e+002 -1.4250000e+002  5.4820721e-016  5.4783694e-016 -1.0839611e-019
  1.1127000e+003  4.0530000e+002 -1.4250000e+002  5.4913455e-016  5.4857044e-016  5.8160374e-020
  1.0290000e+002  4.9530000e+002 -1.4250000e+002  5.4939318e-016  5.4913770e-016 -4.3197342e-019
  2.7930000e+002  4.9530000e+002 -1.4250000e+002  5.4988578e-016  5.4870479e-016  1.9498463e-018
  4.0530000e+002  4.9530000e+002 -1.4250000e+002  5.4756003e-016  5.4525976e-016  1.3871867e-017
  4.9530000e+002  4.9530000e+002 -1.4250000e+002  5.3941431e-016  5.3941431e-016  3.3928850e-017
  5.7030000e+002  4.9530000e+002 -1.4250000e+002  5.2046088e-016  5.2498056e-016  5.9653927e-017
  6.4530000e+002  4.9530000e+002 -1.4250000e+002  5.0965617e-016  5.1510517e-016  3.5001550e-017
  7.2030000e+002  4.9530000e+002 -1.4250000e+002  5.2353857e-016  5.2353857e-016 -7.0566073e-031
  8.1030000e+002  4.9530000e+002 -1.4250000e+002  5.4097619e-016  5.3900955e-016 -3.9720733e-018
  9.3630000e+002  4.9530000e+002 -1.4250000e+002  5.4801675e-016  5.4689918e-016 -1.0935913e-018
  1.1127000e+003  4.9530000e+002 -1.4250000e+002  5.4918065e-016  5.4857181e-016  9.8127362e-020
  1.0290000e+002  5.7030000e+002 -1.4250000e+002  5.4936463e-016  5.4890253e-016 -2.2747822e-019
  2.7930000e+002  5.7030000e+002 -1.4250000e+002  5.4956011e-016  5.4748059e-016  2.9875992e-018
  4.0530000e+002  5.7030000e+002 -1.4250000e+002  5.4598789e-016  5.3946630e-016  1.8148211e-017
  4.9530000e+002  5.7030000e+002 -1.4250000e+002  5.2498056e-016  5.2046088e-016  5.9653927e-017
  5.7030000e+002  5.7030000e+002 -1.4250000e+002  4.8363691e-016  4.8363691e-016  7.6367588e-017
  6.4530000e+002  5.7030000e+002 -1.4250000e+002  4.7678327e-016  4.7678327e-016 -1.5114698e-030
  7.2030000e+002  5.7030000e+002 -1.4250000e+002  5.1510517e-016  5.0965617e-016 -3.5001550e-017
  8.1030000e+002  5.7030000e+002 -1.4250000e+002  5.4223975e-016  5.3597557e-016 -1.2419375e-017
  9.3630000e+002  5.7030000e+002 -1.4250000e+002  5.4868678e-016  5.4667426e-016 -2.3879143e-018
  1.1127000e+003  5.7030000e+002 -1.4250000e+002  5.4927386e-016  5.4868577e-016  1.2885364e-019
  1.0290000e+002  6.4530000e+002 -1.4250000e+002  5.4927386e-016  5.4868577e-016 -1.2885364e-019
  2.7930000e+002  6.4530000e+002 -1.4250000e+002  5.4868678e-016  5.4667426e-016  2.3879143e-018
  4.0530000e+002  6.4530000e+002 -1.4250000e+002  5.4223975e-016  5.3597557e-016  1.2419375e-017
  4.9530000e+002  6.4530000e+002 -1.4250000e+002  5.1510517e-016  5.0965617e-016  3.5001550e-017
  5.7030000e+002  6.4530000e+002 -1.4250000e+002  4.7678327e-016  4.7678327e-016  3.2648364e-030
  6.4530000e+002  6.4530000e+002 -1.4250000e+002  4.8363691e-016  4.8363691e-016 -7.6367588e-017
  7.2030000e+002  6.4530000e+002 -1.4250000e+002  5.2498056e-016  5.2046088e-016 -5.9653927e-017
  8.1030000e+002  6.4530000e+002 -1.4250000e+002  5.4598789e-016  5.3946630e-016 -1.8148211e-017
  9.3630000e+002  6.4530000e+002 -1.4250000e+002  5.4956011e-016  5.4748059e-016 -2.9875992e-018
  1.1127000e+003  6.4530000e+002 -1.4250000e+002  5.4936463e-016  5.4890253e-016  2.2747822e-019
  1.0290000e+002  7.2030000e+002 -1.4250000e+002  5.4918065e-016  5.4857181e-016 -9.8127362e-020
  2.7930000e+002  7.2030000e+002 -1.4250000e+002  5.4801675e-016  5.4689918e-016  1.0935913e-018
  4.0530000e+002  7.2030000e+002 -1.4250000e+002  5.4097619e-016  5.3900955e-016  3.9720733e-018
  4.9530000e+002  7.2030000e+002 -1.4250000e+002  5.2353857e-016  5.2353857e-016  7.2183854e-031
  5.7030000e+002  7.2030000e+002 -1.4250000e+002  5.0965617e-016  5.1510517e-016 -3.5001550e-017
  6.4530000e+002  7.2030000e+002 -1.4250000e+002  5.2046088e-016  5.2498056e-016 -5.9653927e-017
  7.2030000e+002  7.2030000e+002 -1.4250000e+002  5.3941431e-016  5.3941431e-016 -3.3928850e-017
  8.1030000e+002  7.2030000e+002 -1.4250000e+002  5.4756003e-016  5.4525976e-016 -1.3871867e-017
  9.3630000e+002  7.2030000e+002 -1.4250000e+002  5.4988578e-016  5.4870479e-016 -1.9498463e-018
  1.1127000e+003  7.2030000e+002 -1.4250000e+002  5.4939318e-016  5.4913770e-016  4.3197342e-019
  1.0290000e+002  8.1030000e+002 -1.4250000e+002  5.4913455e-016  5.4857044e-016 -5.8160374e-020
  2.7930000e+002  8.1030000e+002 -1.4250000e+002  5.4820721e-016  5.4783694e-016  1.0839611e-019
  4.0530000e+002  8.1030000e+002 -1.4250000e+002  5.4467423e-016  5.4467423e-016  7.4148303e-032
  4.9530000e+002  8.1030000e+002 -1.4250000e+002  5.3900955e-016  5.4097619e-016 -3.9720733e-018
  5.7030000e+002  8.1030000e+002 -1.4250000e+002  5.3597557e-016  5.4223975e-016 -1.2419375e-017
  6.4530000e+002  8.1030000e+002 -1.4250000e+002  5.3946630e-016  5.4598789e-016 -1.8148211e-017
  7.2030000e+002  8.1030000e+002 -1.4250000e+002  5.4525976e-016  5.4756003e-016 -1.3871867e-017
  8.1030000e+002  8.1030000e+002 -1.4250000e+002  5.4879333e-016  5.4879333e-016 -6.4651920e-018
  9.3630000e+002  8.1030000e+002 -1.4250000e+002  5.4998021e-016  5.4960726e-016  2.1685502e-019
  1.1127000e+003  8.1030000e+002 -1.4250000e+002  5.4936006e-016  5.4928905e-016  7.0131119e-019
  1.0290000e+002  9.3630000e+002 -1.4250000e+002  5.4910369e-016  5.4865351e-016  3.5066850e-020
  2.7930000e+002  9.3630000e+002 -1.4250000e+002  5.4867607e-016  5.4867607e-016 -1.1911877e-031
  4.0530000e+002  9.3630000e+002 -1.4250000e+002  5.4783694e-016  5.4820721e-016 -1.0839611e-019
  4.9530000e+002  9.3630000e+002 -1.4250000e+002  5.4689918e-016  5.4801675e-016 -1.0935913e-018
  5.7030000e+002  9.3630000e+002 -1.4250000e+002  5.4667426e-016  5.4868678e-016 -2.3879143e-018
  6.4530000e+002  9.3630000e+002 -1.4250000e+002  5.4748059e-016  5.4956011e-016 -2.9875992e-018
  7.2030000e+002  9.3630000e+002 -1.4250000e+002  5.4870479e-016  5.4988578e-016 -1.9498463e-018
  8.1030000e+002  9.3630000e+002 -1.4250000e+002  5.4960726e-016  5.4998021e-016  2.1685502e-019
  9.3630000e+002  9.3630000e+002 -1.4250000e+002  5.4970814e-016  5.4970814e-016  2.3843544e-018
  1.1127000e+003  9.3630000e+002 -1.4250000e+002  5.4921353e-016  5.4920231e-016  7.7032715e-019
  1.0290000e+002  1.1127000e+003 -1.4250000e+002  5.4896458e-016  5.4896458e-016  1.4261511e-031
  2.7930000e+002  1.1127000e+003 -1.4250000e+002  5.4865351e-016  5.4910369e-016 -3.5066850e-020
  4.0530000e+002  1.1127000e+003 -1.4250000e+002  5.4857044e-016  5.4913455e-016  5.8160374e-020
  4.9530000e+002  1.1127000e+003 -1.4250000e+002  5.4857181e-016  5.4918065e-016  9.8127362e-020
  5.7030000e+002  1.1127000e+003 -1.4250000e+002  5.4868577e-016  5.4927386e-016  1.2885364e-019
  6.4530000e+002  1.1127000e+003 -1.4250000e+002  5.4890253e-016  5.4936463e-016  2.2747822e-019
  7.2030000e+002  1.1127000e+003 -1.4250000e+002  5.4913770e-016  5.4939318e-016  4.3197342e-019
  8.1030000e+002  1.1127000e+003 -1.4250000e+002  5.4928905e-016  5.4936006e-016  7.0131119e-019
  9.3630000e+002  1.1127000e+003 -1.4250000e+002  5.4920231e-016  5.4921353e-016  7.7032715e-019
  1.1127000e+003  1.1127000e+003 -1.4250000e+002  5.4907757e-016  5.4907757e-016 -4.0523531e-019
  1.0290000e+002  1.0290000e+002 -2.1750000e+002  2.0599180e-001  2.0599180e-001  3.7356201e-005
  2.7930000e+002  1.0290000e+002 -2.1750000e+002  2.0600573e-001  2.0593431e-001  2.5448006e-007
  4.0530000e+002  1.0290000e+002 -2.1750000e+002  2.0616049e-001  2.0576944e-001  2.5058417e-005
  4.9530000e+002  1.0290000e+002 -2.1750000e+002  2.0630802e-001  2.0561074e-001  5.4050868e-005
  5.7030000e+002  1.0290000e+002 -2.1750000e+002  2.0643868e-001  2.0560388e-001  6.4350384e-005
  6.4530000e+002  1.0290000e+002 -2.1750000e+002  2.0651852e-001  2.0579306e-001  5.1780640e-005
  7.2030000e+002  1.0290000e+002 -2.1750000e+002  2.0651045e-001  2.0603475e-001  2.9970698e-005
  8.1030000e+002  1.0290000e+002 -2.1750000e+002  2.0638939e-001  2.0624802e-001  8.5530700e-006
  9.3630000e+002  1.0290000e+002 -2.1750000e+002  2.0616759e-001  2.0626453e-001 -2.1636915e-007
  1.1127000e+003  1.0290000e+002 -2.1750000e+002  2.0607321e-001  2.0607321e-001 -2.4103170e-017
  1.0290000e+002  2.7930000e+002 -2.1750000e+002  2.0593431e-001  2.0600573e-001  2.5448006e-007
  2.7930000e+002  2.7930000e+002 -2.1750000e+002  2.0582229e-001  2.0582229e-001 -8.3854585e-006
  4.0530000e+002  2.7930000e+002 -2.1750000e+002  2.0587255e-001  2.0490622e-001  3.1833354e-004
  4.9530000e+002  2.7930000e+002 -2.1750000e+002  2.0608883e-001  2.0381737e-001  6.0843002e-004
  5.7030000e+002  2.7930000e+002 -2.1750000e+002  2.0648459e-001  2.0359793e-001  6.6941390e-004
  6.4530000e+002  2.7930000e+002 -2.1750000e+002  2.0688175e-001  2.0434995e-001  4.8392063e-004
  7.2030000e+002  2.7930000e+002 -2.1750000e+002  2.0719157e-001  2.0523656e-001  2.6314872e-004
  8.1030000e+002  2.7930000e+002 -2.1750000e+002  2.0718804e-001  2.0641848e-001  6.4771478e-005
  9.3630000e+002  2.7930000e+002 -2.1750000e+002  2.0672031e-001  2.0672031e-001  1.0762909e-016
  1.1127000e+003  2.7930000e+002 -2.1750000e+002  2.0626453e-001  2.0616759e-001  2.1636915e-007
  1.0290000e+002  4.0530000e+002 -2.1750000e+002  2.0576944e-001  2.0616049e-001  2.5058417e-005
  2.7930000e+002  4.0530000e+002 -2.1750000e+002  2.0490622e-001  2.0587255e-001  3.1833354e-004
  4.0530000e+002  4.0530000e+002 -2.1750000e+002  2.0324630e-001  2.0324630e-001  1.3959247e-003
  4.9530000e+002  4.0530000e+002 -2.1750000e+002  2.0179797e-001  1.9983349e-001  2.2210474e-003
  5.7030000e+002  4.0530000e+002 -2.1750000e+002  2.0004442e-001  2.0113384e-001  1.7951561e-003
  6.4530000e+002  4.0530000e+002 -2.1750000e+002  1.9920350e-001  2.0133576e-001  7.8813204e-004
  7.2030000e+002  4.0530000e+002 -2.1750000e+002  2.0214490e-001  2.0023892e-001  5.1356277e-004
  8.1030000e+002  4.0530000e+002 -2.1750000e+002  2.0556457e-001  2.0556457e-001 -1.7780916e-017
  9.3630000e+002  4.0530000e+002 -2.1750000e+002  2.0641848e-001  2.0718804e-001 -6.4771478e-005
  1.1127000e+003  4.0530000e+002 -2.1750000e+002  2.0624802e-001  2.0638939e-001 -8.5530700e-006
  1.0290000e+002  4.9530000e+002 -2.1750000e+002  2.0561074e-001  2.0630802e-001  5.4050868e-005
  2.7930000e+002  4.9530000e+002 -2.1750000e+002  2.0381737e-001  2.0608883e-001  6.0843002e-004
  4.0530000e+002  4.9530000e+002 -2.1750000e+002  1.9983349e-001  2.0179797e-001  2.2210474e-003
  4.9530000e+002  4.9530000e+002 -2.1750000e+002  1.9638362e-001  1.9638362e-001  2.0001128e-003
  5.7030000e+002  4.9530000e+002 -2.1750000e+002  1.7602695e-001  2.2543194e-001 -5.6593860e-003
  6.4530000e+002  4.9530000e+002 -2.1750000e+002  1.5737925e-001  2.0580307e-001 -6.8976397e-003
  7.2030000e+002  4.9530000e+002 -2.1750000e+002  1.7705408e-001  1.7705408e-001  2.3917500e-016
  8.1030000e+002  4.9530000e+002 -2.1750000e+002  2.0023892e-001  2.0214490e-001 -5.1356277e-004
  9.3630000e+002  4.9530000e+002 -2.1750000e+002  2.0523656e-001  2.0719157e-001 -2.6314872e-004
  1.1127000e+003  4.9530000e+002 -2.1750000e+002  2.0603475e-001  2.0651045e-001 -2.9970698e-005
  1.0290000e+002  5.7030000e+002 -2.1750000e+002  2.0560388e-001  2.0643868e-001  6.4350384e-005
  2.7930000e+002  5.7030000e+002 -2.1750000e+002  2.0359793e-001  2.0648459e-001  6.6941390e-004
  4.0530000e+002  5.7030000e+002 -2.1750000e+002  2.0113384e-001  2.0004442e-001  1.7951561e-003
  4.9530000e+002  5.7030000e+002 -2.1750000e+002  2.2543194e-001  1.7602695e-001 -5.6593860e-003
  5.7030000e+002  5.7030000e+002 -2.1750000e+002  2.5599565e-001  2.5599565e-001 -1.1095432e-002
  6.4530000e+002  5.7030000e+002 -2.1750000e+002  2.3676759e-001  2.3676759e-001  1.0443035e-015
  7.2030000e+002  5.7030000e+002 -2.1750000e+002  2.0580307e-001  1.5737925e-001  6.8976397e-003
  8.1030000e+002  5.7030000e+002 -2.1750000e+002  2.0133576e-001  1.9920350e-001 -7.8813204e-004
  9.3630000e+002  5.7030000e+002 -2.1750000e+002  2.0434995e-001  2.0688175e-001 -4.8392063e-004
  1.1127000e+003  5.7030000e+002 -2.1750000e+002  2.0579306e-001  2.0651852e-001 -5.1780640e-005
  1.0290000e+002  6.4530000e+002 -2.1750000e+002  2.0579306e-001  2.0651852e-001  5.1780640e-005
  2.7930000e+002  6.4530000e+002 -2.1750000e+002  2.0434995e-001  2.0688175e-001  4.8392063e-004
  4.0530000e+002  6.4530000e+002 -2.1750000e+002  2.0133576e-001  1.9920350e-001  7.8813204e-004
  4.9530000e+002  6.4530000e+002 -2.1750000e+002  2.0580307e-001  1.5737925e-001 -6.8976397e-003
  5.7030000e+002  6.4530000e+002 -2.1750000e+002  2.3676759e-001  2.3676759e-001 -4.3732379e-015
  6.4530000e+002  6.4530000e+002 -2.1750000e+002  2.5599565e-001  2.5599565e-001  1.1095432e-002
  7.2030000e+002  6.4530000e+002 -2.1750000e+002  2.2543194e-001  1.7602695e-001  5.6593860e-003
  8.1030000e+002  6.4530000e+002 -2.1750000e+002  2.0113384e-001  2.0004442e-001 -1.7951561e-003
  9.3630000e+002  6.4530000e+002 -2.1750000e+002  2.0359793e-001  2.0648459e-001 -6.6941390e-004
  1.1127000e+003  6.4530000e+002 -2.1750000e+002  2.0560388e-001  2.0643868e-001 -6.4350384e-005
  1.0290000e+002  7.2030000e+002 -2.1750000e+002  2.0603475e-001  2.0651045e-001  2.9970698e-005
  2.7930000e+002  7.2030000e+002 -2.1750000e+002  2.0523656e-001  2.0719157e-001  2.6314872e-004
  4.0530000e+002  7.2030000e+002 -2.1750000e+002  2.0023892e-001  2.0214490e-001  5.1356277e-004
  4.9530000e+002  7.2030000e+002 -2.1750000e+002  1.7705408e-001  1.7705408e-001 -7.8626342e-016
  5.7030000e+002  7.2030000e+002 -2.1750000e+002  1.5737925e-001  2.0580307e-001  6.8976397e-003
  6.4530000e+002  7.2030000e+002 -2.1750000e+002  1.7602695e-001  2.2543194e-001  5.6593860e-003
  7.2030000e+002  7.2030000e+002 -2.1750000e+002  1.9638362e-001  1.9638362e-001 -2.0001128e-003
  8.1030000e+002  7.2030000e+002 -2.1750000e+002  1.9983349e-001  2.0179797e-001 -2.2210474e-003
  9.3630000e+002  7.2030000e+002 -2.1750000e+002  2.0381737e-001  2.0608883e-001 -6.0843002e-004
  1.1127000e+003  7.2030000e+002 -2.1750000e+002  2.0561074e-001  2.0630802e-001 -5.4050868e-005
  1.0290000e+002  8.1030000e+002 -2.1750000e+002  2.0624802e-001  2.0638939e-001  8.5530700e-006
  2.7930000e+002  8.1030000e+002 -2.1750000e+002  2.0641848e-001  2.0718804e-001  6.4771478e-005
  4.0530000e+002  8.1030000e+002 -2.1750000e+002  2.0556457e-001  2.0556457e-001 -1.4669255e-016
  4.9530000e+002  8.1030000e+002 -2.1750000e+002  2.0214490e-001  2.0023892e-001 -5.1356277e-004
  5.7030000e+002  8.1030000e+002 -2.1750000e+002  1.9920350e-001  2.0133576e-001 -7.8813204e-004
  6.4530000e+002  8.1030000e+002 -2.1750000e+002  2.0004442e-001  2.0113384e-001 -1.7951561e-003
  7.2030000e+002  8.1030000e+002 -2.1750000e+002  2.0179797e-001  1.9983349e-001 -2.2210474e-003
  8.1030000e+002  8.1030000e+002 -2.1750000e+002  2.0324630e-001  2.0324630e-001 -1.3959247e-003
  9.3630000e+002  8.1030000e+002 -2.1750000e+002  2.0490622e-001  2.0587255e-001 -3.1833354e-004
  1.1127000e+003  8.1030000e+002 -2.1750000e+002  2.0576944e-001  2.0616049e-001 -2.5058417e-005
  1.0290000e+002  9.3630000e+002 -2.1750000e+002  2.0626453e-001  2.0616759e-001 -2.1636915e-007
  2.7930000e+002  9.3630000e+002 -2.1750000e+002  2.0672031e-001  2.0672031e-001 -5.8314830e-017
  4.0530000e+002  9.3630000e+002 -2.1750000e+002  2.0718804e-001  2.0641848e-001 -6.4771478e-005
  4.9530000e+002  9.3630000e+002 -2.1750000e+002  2.0719157e-001  2.0523656e-001 -2.6314872e-004
  5.7030000e+002  9.3630000e+002 -2.1750000e+002  2.0688175e-001  2.0434995e-001 -4.8392063e-004
  6.4530000e+002  9.3630000e+002 -2.1750000e+002  2.0648459e-001  2.0359793e-001 -6.6941390e-004
  7.2030000e+002  9.3630000e+002 -2.1750000e+002  2.0608883e-001  2.0381737e-001 -6.0843002e-004
  8.1030000e+002  9.3630000e+002 -2.1750000e+002  2.0587255e-001  2.0490622e-001 -3.1833354e-004
  9.3630000e+002  9.3630000e+002 -2.1750000e+002  2.0582229e-001  2.0582229e-001  8.3854585e-006
  1.1127000e+003  9.3630000e+002 -2.1750000e+002  2.0593431e-001  2.0600573e-001 -2.5448006e-007
  1.0290000e+002  1.1127000e+003 -2.1750000e+002  2.0607321e-001  2.0607321e-001 -9.1584590e-017
  2.7930000e+002  1.1127000e+003 -2.1750000e+002  2.0616759e-001  2.0626453e-001  2.1636915e-007
  4.0530000e+002  1.1127000e+003 -2.1750000e+002  2.0638939e-001  2.0624802e-001 -8.5530700e-006
  4.9530000e+002  1.1127000e+003 -2.1750000e+002  2.0651045e-001  2.0603475e-001 -2.9970698e-005
  5.7030000e+002  1.1127000e+003 -2.1750000e+002  2.0651852e-001  2.0579306e-001 -5.1780640e-005
  6.4530000e+002  1.1127000e+003 -2.1750000e+002  2.0643868e-001  2.0560388e-001 -6.4350384e-005
  7.2030000e+002  1.1127000e+003 -2.1750000e+002  2.0630802e-001  2.0561074e-001 -5.4050868e-005
  8.1030000e+002  1.1127000e+003 -2.1750000e+002  2.0616049e-001  2.0576944e-001 -2.5058417e-005
  9.3630000e+002  1.1127000e+003 -2.1750000e+002  2.0600573e-001  2.0593431e-001 -2.5448006e-007
  1.1127000e+003  1.1127000e+003 -2.1750000e+002  2.0599180e-001  2.0599180e-001 -3.7356201e-005
  1.0290000e+002  1.0290000e+002 -2.9250000e+002  2.5584305e-002  2.5584305e-002  8.5827953e-005
  2.7930000e+002  1.0290000e+002 -2.9250000e+002  2.5558024e-002  2.5506774e-002  4.2479105e-005
  4.0530000e+002  1.0290000e+002 -2.9250000e+002  2.5680240e-002  2.5248490e-002  1.1280894e-004
  4.9530000e+002  1.0290000e+002 -2.9250000e+002  2.5916260e-002  2.5043354e-002  1.8229905e-004
  5.7030000e+002  1.0290000e+002 -2.9250000e+002  2.6174092e-002  2.5043459e-002  2.0177538e-004
  6.4530000e+002  1.0290000e+002 -2.9250000e+002  2.6358600e-002  2.5296462e-002  1.6222010e-004
  7.2030000e+002  1.0290000e+002 -2.9250000e+002  2.6383935e-002  2.5616092e-002  9.6977359e-005
  8.1030000e+002  1.0290000e+002 -2.9250000e+002  2.6216513e-002  2.5864488e-002  3.0929858e-005
  9.3630000e+002  1.0290000e+002 -2.9250000e+002  2.5899029e-002  2.5855029e-002 -1.6234378e-006
  1.1127000e+003  1.0290000e+002 -2.9250000e+002  2.5667379e-002  2.5667379e-002  6.1010089e-017
  1.0290000e+002  2.7930000e+002 -2.9250000e+002  2.5506774e-002  2.5558024e-002  4.2479105e-005
  2.7930000e+002  2.7930000e+002 -2.9250000e+002  2.5161092e-002  2.5161092e-002  1.2267874e-004
  4.0530000e+002  2.7930000e+002 -2.9250000e+002  2.5272174e-002  2.3976962e-002  8.8565955e-004
  4.9530000e+002  2.7930000e+002 -2.9250000e+002  2.6047713e-002  2.2799028e-002  1.5332236e-003
  5.7030000e+002  2.7930000e+002 -2.9250000e+002  2.7210069e-002  2.2581057e-002  1.6672208e-003
  6.4530000e+002  2.7930000e+002 -2.9250000e+002  2.8138963e-002  2.3845712e-002  1.2324622e-003
  7.2030000e+002  2.7930000e+002 -2.9250000e+002  2.8343081e-002  2.5421693e-002  6.7675362e-004
  8.1030000e+002  2.7930000e+002 -2.9250000e+002  2.7740648e-002  2.6646715e-002  1.8144354e-004
  9.3630000e+002  2.7930000e+002 -2.9250000e+002  2.6657348e-002  2.6657348e-002  2.8450312e-016
  1.1127000e+003  2.7930000e+002 -2.9250000e+002  2.5855029e-002  2.5899029e-002  1.6234378e-006
  1.0290000e+002  4.0530000e+002 -2.9250000e+002  2.5248490e-002  2.5680240e-002  1.1280894e-004
  2.7930000e+002  4.0530000e+002 -2.9250000e+002  2.3976962e-002  2.5272174e-002  8.8565955e-004
  4.0530000e+002  4.0530000e+002 -2.9250000e+002  2.2759035e-002  2.2759035e-002  3.3390805e-003
  4.9530000e+002  4.0530000e+002 -2.9250000e+002  2.3006290e-002  1.9094517e-002  5.2760340e-003
  5.7030000e+002  4.0530000e+002 -2.9250000e+002  2.4853506e-002  1.7213482e-002  4.8592597e-003
  6.4530000e+002  4.0530000e+002 -2.9250000e+002  2.6808796e-002  2.0226292e-002  2.6406380e-003
  7.2030000e+002  4.0530000e+002 -2.9250000e+002  2.7943088e-002  2.4373090e-002  1.2958885e-003
  8.1030000e+002  4.0530000e+002 -2.9250000e+002  2.7800543e-002  2.7800543e-002  2.5370331e-017
  9.3630000e+002  4.0530000e+002 -2.9250000e+002  2.6646715e-002  2.7740648e-002 -1.8144354e-004
  1.1127000e+003  4.0530000e+002 -2.9250000e+002  2.5864488e-002  2.6216513e-002 -3.0929858e-005
  1.0290000e+002  4.9530000e+002 -2.9250000e+002  2.5043354e-002  2.5916260e-002  1.8229905e-004
  2.7930000e+002  4.9530000e+002 -2.9250000e+002  2.2799028e-002  2.6047713e-002  1.5332236e-003
  4.0530000e+002  4.9530000e+002 -2.9250000e+002  1.9094517e-002  2.3006290e-002  5.2760340e-003
  4.9530000e+002  4.9530000e+002 -2.9250000e+002  1.5763552e-002  1.5763552e-002  6.5622394e-003
  5.7030000e+002  4.9530000e+002 -2.9250000e+002  1.3509849e-002  5.3245073e-003 -1.9372861e-003
  6.4530000e+002  4.9530000e+002 -2.9250000e+002  1.4182530e-002  8.2469589e-003 -5.9851937e-003
  7.2030000e+002  4.9530000e+002 -2.9250000e+002  1.9635233e-002  1.9635233e-002  4.7509739e-016
  8.1030000e+002  4.9530000e+002 -2.9250000e+002  2.4373090e-002  2.7943088e-002 -1.2958885e-003
  9.3630000e+002  4.9530000e+002 -2.9250000e+002  2.5421693e-002  2.8343081e-002 -6.7675362e-004
  1.1127000e+003  4.9530000e+002 -2.9250000e+002  2.5616092e-002  2.6383935e-002 -9.6977359e-005
  1.0290000e+002  5.7030000e+002 -2.9250000e+002  2.5043459e-002  2.6174092e-002  2.0177538e-004
  2.7930000e+002  5.7030000e+002 -2.9250000e+002  2.2581057e-002  2.7210069e-002  1.6672208e-003
  4.0530000e+002  5.7030000e+002 -2.9250000e+002  1.7213482e-002  2.4853506e-002  4.8592597e-003
  4.9530000e+002  5.7030000e+002 -2.9250000e+002  5.3245073e-003  1.3509849e-002 -1.9372861e-003
  5.7030000e+002  5.7030000e+002 -2.9250000e+002 -1.0322814e-002 -1.0322814e-002 -7.7138030e-003
  6.4530000e+002  5.7030000e+002 -2.9250000e+002 -9.3849236e-003 -9.3849236e-003  1.5994150e-015
  7.2030000e+002  5.7030000e+002 -2.9250000e+002  8.2469589e-003  1.4182530e-002  5.9851937e-003
  8.1030000e+002  5.7030000e+002 -2.9250000e+002  2.0226292e-002  2.6808796e-002 -2.6406380e-003
  9.3630000e+002  5.7030000e+002 -2.9250000e+002  2.3845712e-002  2.8138963e-002 -1.2324622e-003
  1.1127000e+003  5.7030000e+002 -2.9250000e+002  2.5296462e-002  2.6358600e-002 -1.6222010e-004
  1.0290000e+002  6.4530000e+002 -2.9250000e+002  2.5296462e-002  2.6358600e-002  1.6222010e-004
  2.7930000e+002  6.4530000e+002 -2.9250000e+002  2.3845712e-002  2.8138963e-002  1.2324622e-003
  4.0530000e+002  6.4530000e+002 -2.9250000e+002  2.0226292e-002  2.6808796e-002  2.6406380e-003
  4.9530000e+002  6.4530000e+002 -2.9250000e+002  8.2469589e-003  1.4182530e-002 -5.9851937e-003
  5.7030000e+002  6.4530000e+002 -2.9250000e+002 -9.3849236e-003 -9.3849236e-003 -5.4997239e-015
  6.4530000e+002  6.4530000e+002 -2.9250000e+002 -1.0322814e-002 -1.0322814e-002  7.7138030e-003
  7.2030000e+002  6.4530000e+002 -2.9250000e+002  5.3245073e-003  1.3509849e-002  1.9372861e-003
  8.1030000e+002  6.4530000e+002 -2.9250000e+002  1.7213482e-002  2.4853506e-002 -4.8592597e-003
  9.3630000e+002  6.4530000e+002 -2.9250000e+002  2.2581057e-002  2.7210069e-002 -1.6672208e-003
  1.1127000e+003  6.4530000e+002 -2.9250000e+002  2.5043459e-002  2.6174092e-002 -2.0177538e-004
  1.0290000e+002  7.2030000e+002 -2.9250000e+002  2.5616092e-002  2.6383935e-002  9.6977359e-005
  2.7930000e+002  7.2030000e+002 -2.9250000e+002  2.5421693e-002  2.8343081e-002  6.7675362e-004
  4.0530000e+002  7.2030000e+002 -2.9250000e+002  2.4373090e-002  2.7943088e-002  1.2958885e-003
  4.9530000e+002  7.2030000e+002 -2.9250000e+002  1.9635233e-002  1.9635233e-002 -1.1423154e-015
  5.7030000e+002  7.2030000e+002 -2.9250000e+002  1.4182530e-002  8.2469589e-003  5.9851937e-003
  6.4530000e+002  7.2030000e+002 -2.9250000e+002  1.3509849e-002  5.3245073e-003  1.9372861e-003
  7.2030000e+002  7.2030000e+002 -2.9250000e+002  1.5763552e-002  1.5763552e-002 -6.5622394e-003
  8.1030000e+002  7.2030000e+002 -2.9250000e+002  1.9094517e-002  2.3006290e-002 -5.2760340e-003
  9.3630000e+002  7.2030000e+002 -2.9250000e+002  2.2799028e-002  2.6047713e-002 -1.5332236e-003
  1.1127000e+003  7.2030000e+002 -2.9250000e+002  2.5043354e-002  2.5916260e-002 -1.8229905e-004
  1.0290000e+002  8.1030000e+002 -2.9250000e+002  2.5864488e-002  2.6216513e-002  3.0929858e-005
  2.7930000e+002  8.1030000e+002 -2.9250000e+002  2.6646715e-002  2.7740648e-002  1.8144354e-004
  4.0530000e+002  8.1030000e+002 -2.9250000e+002  2.7800543e-002  2.7800543e-002 -8.3375147e-017
  4.9530000e+002  8.1030000e+002 -2.9250000e+002  2.7943088e-002  2.4373090e-002 -1.2958885e-003
  5.7030000e+002  8.1030000e+002 -2.9250000e+002  2.6808796e-002  2.0226292e-002 -2.6406380e-003
  6.4530000e+002  8.1030000e+002 -2.9250000e+002  2.4853506e-002  1.7213482e-002 -4.8592597e-003
  7.2030000e+002  8.1030000e+002 -2.9250000e+002  2.3006290e-002  1.9094517e-002 -5.2760340e-003
  8.1030000e+002  8.1030000e+002 -2.9250000e+002  2.2759035e-002  2.2759035e-002 -3.3390805e-003
  9.3630000e+002  8.1030000e+002 -2.9250000e+002  2.3976962e-002  2.5272174e-002 -8.8565955e-004
  1.1127000e+003  8.1030000e+002 -2.9250000e+002  2.5248490e-002  2.5680240e-002 -1.1280894e-004
  1.0290000e+002  9.3630000e+002 -2.9250000e+002  2.5855029e-002  2.5899029e-002 -1.6234378e-006
  2.7930000e+002  9.3630000e+002 -2.9250000e+002  2.6657348e-002  2.6657348e-002 -4.3515471e-017
  4.0530000e+002  9.3630000e+002 -2.9250000e+002  2.7740648e-002  2.6646715e-002 -1.8144354e-004
  4.9530000e+002  9.3630000e+002 -2.9250000e+002  2.8343081e-002  2.5421693e-002 -6.7675362e-004
  5.7030000e+002  9.3630000e+002 -2.9250000e+002  2.8138963e-002  2.3845712e-002 -1.2324622e-003
  6.4530000e+002  9.3630000e+002 -2.9250000e+002  2.7210069e-002  2.2581057e-002 -1.6672208e-003
  7.2030000e+002  9.3630000e+002 -2.9250000e+002  2.6047713e-002  2.2799028e-002 -1.5332236e-003
  8.1030000e+002  9.3630000e+002 -2.9250000e+002  2.5272174e-002  2.3976962e-002 -8.8565955e-004
  9.3630000e+002  9.3630000e+002 -2.9250000e+002  2.5161092e-002  2.5161092e-002 -1.2267874e-004
  1.1127000e+003  9.3630000e+002 -2.9250000e+002  2.5506774e-002  2.5558024e-002 -4.2479105e-005
  1.0290000e+002  1.1127000e+003 -2.9250000e+002  2.5667379e-002  2.5667379e-002 -1.8134637e-016
  2.7930000e+002  1.1127000e+003 -2.9250000e+002  2.5899029e-002  2.5855029e-002  1.6234378e-006
  4.0530000e+002  1.1127000e+003 -2.9250000e+002  2.6216513e-002  2.5864488e-002 -3.0929858e-005
  4.9530000e+002  1.1127000e+003 -2.9250000e+002  2.6383935e-002  2.5616092e-002 -9.6977359e-005
  5.7030000e+002  1.1127000e+003 -2.9250000e+002  2.6358600e-002  2.5296462e-002 -1.6222010e-004
  6.4530000e+002  1.1127000e+003 -2.9250000e+002  2.6174092e-002  2.5043459e-002 -2.0177538e-004
  7.2030000e+002  1.1127000e+003 -2.9250000e+002  2.5916260e-002  2.5043354e-002 -1.8229905e-004
  8.1030000e+002  1.1127000e+003 -2.9250000e+002  2.5680240e-002  2.5248490e-002 -1.1280894e-004
  9.3630000e+002  1.1127000e+003 -2.9250000e+002  2.5558024e-002  2.5506774e-002 -4.2479105e-005
  1.1127000e+003  1.1127000e+003 -2.9250000e+002  2.5584305e-002  2.5584305e-002 -8.5827953e-005
  1.0290000e+002  1.0290000e+002 -3.6750000e+002 -3.7090303e-002 -3.7090303e-002  9.6336723e-005
  2.7930000e+002  1.0290000e+002 -3.6750000e+002 -3.7110819e-002 -3.7118847e-002  1.1318132e-004
  4.0530000e+002  1.0290000e+002 -3.6750000e+002 -3.6999611e-002 -3.7277712e-002  2.0062371e-004
  4.9530000e+002  1.0290000e+002 -3.6750000e+002 -3.6780330e-002 -3.7394713e-002  2.7325007e-004
  5.7030000e+002  1.0290000e+002 -3.6750000e+002 -3.6547936e-002 -3.7374815e-002  2.8553492e-004
  6.4530000e+002  1.0290000e+002 -3.6750000e+002 -3.6385060e-002 -3.7197761e-002  2.2930577e-004
  7.2030000e+002  1.0290000e+002 -3.6750000e+002 -3.6365128e-002 -3.6990401e-002  1.4104560e-004
  8.1030000e+002  1.0290000e+002 -3.6750000e+002 -3.6517751e-002 -3.6851367e-002  4.9225707e-005
  9.3630000e+002  1.0290000e+002 -3.6750000e+002 -3.6805322e-002 -3.6904780e-002 -2.2462733e-006
  1.1127000e+003  1.0290000e+002 -3.6750000e+002 -3.7040368e-002 -3.7040368e-002  2.1329645e-016
  1.0290000e+002  2.7930000e+002 -3.6750000e+002 -3.7118847e-002 -3.7110819e-002  1.1318132e-004
  2.7930000e+002  2.7930000e+002 -3.6750000e+002 -3.7372931e-002 -3.7372931e-002  3.2584372e-004
  4.0530000e+002  2.7930000e+002 -3.6750000e+002 -3.7109364e-002 -3.8081290e-002  1.1191285e-003
  4.9530000e+002  2.7930000e+002 -3.6750000e+002 -3.6269805e-002 -3.8668047e-002  1.7450476e-003
  5.7030000e+002  2.7930000e+002 -3.6750000e+002 -3.5206683e-002 -3.8618983e-002  1.8609477e-003
  6.4530000e+002  2.7930000e+002 -3.6750000e+002 -3.4438505e-002 -3.7696097e-002  1.4095621e-003
  7.2030000e+002  2.7930000e+002 -3.6750000e+002 -3.4371536e-002 -3.6632253e-002  7.9058286e-004
  8.1030000e+002  2.7930000e+002 -3.6750000e+002 -3.5049835e-002 -3.5925315e-002  2.3267400e-004
  9.3630000e+002  2.7930000e+002 -3.6750000e+002 -3.6121499e-002 -3.6121499e-002  2.3882263e-016
  1.1127000e+003  2.7930000e+002 -3.6750000e+002 -3.6904780e-002 -3.6805322e-002  2.2462733e-006
  1.0290000e+002  4.0530000e+002 -3.6750000e+002 -3.7277712e-002 -3.6999611e-002  2.0062371e-004
  2.7930000e+002  4.0530000e+002 -3.6750000e+002 -3.8081290e-002 -3.7109364e-002  1.1191285e-003
  4.0530000e+002  4.0530000e+002 -3.6750000e+002 -3.8277693e-002 -3.8277693e-002  3.5583362e-003
  4.9530000e+002  4.0530000e+002 -3.6750000e+002 -3.7121795e-002 -3.9841706e-002  5.4493704e-003
  5.7030000e+002  4.0530000e+002 -3.6750000e+002 -3.4944682e-002 -4.0259033e-002  5.4680081e-003
  6.4530000e+002  4.0530000e+002 -3.6750000e+002 -3.3245258e-002 -3.8163637e-002  3.4068215e-003
  7.2030000e+002  4.0530000e+002 -3.6750000e+002 -3.3071422e-002 -3.5690468e-002  1.4303094e-003
  8.1030000e+002  4.0530000e+002 -3.6750000e+002 -3.4266444e-002 -3.4266444e-002  1.9439745e-016
  9.3630000e+002  4.0530000e+002 -3.6750000e+002 -3.5925315e-002 -3.5049835e-002 -2.3267400e-004
  1.1127000e+003  4.0530000e+002 -3.6750000e+002 -3.6851367e-002 -3.6517751e-002 -4.9225707e-005
  1.0290000e+002  4.9530000e+002 -3.6750000e+002 -3.7394713e-002 -3.6780330e-002  2.7325007e-004
  2.7930000e+002  4.9530000e+002 -3.6750000e+002 -3.8668047e-002 -3.6269805e-002  1.7450476e-003
  4.0530000e+002  4.9530000e+002 -3.6750000e+002 -3.9841706e-002 -3.7121795e-002  5.4493704e-003
  4.9530000e+002  4.9530000e+002 -3.6750000e+002 -3.9673716e-002 -3.9673716e-002  8.0442776e-003
  5.7030000e+002  4.9530000e+002 -3.6750000e+002 -3.7817731e-002 -4.1895438e-002  6.9377706e-003
  6.4530000e+002  4.9530000e+002 -3.6750000e+002 -3.5963143e-002 -3.9369715e-002  2.2817692e-003
  7.2030000e+002  4.9530000e+002 -3.6750000e+002 -3.5271117e-002 -3.5271117e-002  3.6450877e-016
  8.1030000e+002  4.9530000e+002 -3.6750000e+002 -3.5690468e-002 -3.3071422e-002 -1.4303094e-003
  9.3630000e+002  4.9530000e+002 -3.6750000e+002 -3.6632253e-002 -3.4371536e-002 -7.9058286e-004
  1.1127000e+003  4.9530000e+002 -3.6750000e+002 -3.6990401e-002 -3.6365128e-002 -1.4104560e-004
  1.0290000e+002  5.7030000e+002 -3.6750000e+002 -3.7374815e-002 -3.6547936e-002  2.8553492e-004
  2.7930000e+002  5.7030000e+002 -3.6750000e+002 -3.8618983e-002 -3.5206683e-002  1.8609477e-003
  4.0530000e+002  5.7030000e+002 -3.6750000e+002 -4.0259033e-002 -3.4944682e-002  5.4680081e-003
  4.9530000e+002  5.7030000e+002 -3.6750000e+002 -4.1895438e-002 -3.7817731e-002  6.9377706e-003
  5.7030000e+002  5.7030000e+002 -3.6750000e+002 -4.2320966e-002 -4.2320966e-002  5.9951764e-003
  6.4530000e+002  5.7030000e+002 -3.6750000e+002 -4.1151054e-002 -4.1151054e-002  7.5915836e-016
  7.2030000e+002  5.7030000e+002 -3.6750000e+002 -3.9369715e-002 -3.5963143e-002 -2.2817692e-003
  8.1030000e+002  5.7030000e+002 -3.6750000e+002 -3.8163637e-002 -3.3245258e-002 -3.4068215e-003
  9.3630000e+002  5.7030000e+002 -3.6750000e+002 -3.7696097e-002 -3.4438505e-002 -1.4095621e-003
  1.1127000e+003  5.7030000e+002 -3.6750000e+002 -3.7197761e-002 -3.6385060e-002 -2.2930577e-004
  1.0290000e+002  6.4530000e+002 -3.6750000e+002 -3.7197761e-002 -3.6385060e-002  2.2930577e-004
  2.7930000e+002  6.4530000e+002 -3.6750000e+002 -3.7696097e-002 -3.4438505e-002  1.4095621e-003
  4.0530000e+002  6.4530000e+002 -3.6750000e+002 -3.8163637e-002 -3.3245258e-002  3.4068215e-003
  4.9530000e+002  6.4530000e+002 -3.6750000e+002 -3.9369715e-002 -3.5963143e-002  2.2817692e-003
  5.7030000e+002  6.4530000e+002 -3.6750000e+002 -4.1151054e-002 -4.1151054e-002 -1.2921521e-015
  6.4530000e+002  6.4530000e+002 -3.6750000e+002 -4.2320966e-002 -4.2320966e-002 -5.9951764e-003
  7.2030000e+002  6.4530000e+002 -3.6750000e+002 -4.1895438e-002 -3.7817731e-002 -6.9377706e-003
  8.1030000e+002  6.4530000e+002 -3.6750000e+002 -4.0259033e-002 -3.4944682e-002 -5.4680081e-003
  9.3630000e+002  6.4530000e+002 -3.6750000e+002 -3.8618983e-002 -3.5206683e-002 -1.8609477e-003
  1.1127000e+003  6.4530000e+002 -3.6750000e+002 -3.7374815e-002 -3.6547936e-002 -2.8553492e-004
  1.0290000e+002  7.2030000e+002 -3.6750000e+002 -3.6990401e-002 -3.6365128e-002  1.4104560e-004
  2.7930000e+002  7.2030000e+002 -3.6750000e+002 -3.6632253e-002 -3.4371536e-002  7.9058286e-004
  4.0530000e+002  7.2030000e+002 -3.6750000e+002 -3.5690468e-002 -3.3071422e-002  1.4303094e-003
  4.9530000e+002  7.2030000e+002 -3.6750000e+002 -3.5271117e-002 -3.5271117e-002 -6.3274039e-016
  5.7030000e+002  7.2030000e+002 -3.6750000e+002 -3.5963143e-002 -3.9369715e-002 -2.2817692e-003
  6.4530000e+002  7.2030000e+002 -3.6750000e+002 -3.7817731e-002 -4.1895438e-002 -6.9377706e-003
  7.2030000e+002  7.2030000e+002 -3.6750000e+002 -3.9673716e-002 -3.9673716e-002 -8.0442776e-003
  8.1030000e+002  7.2030000e+002 -3.6750000e+002 -3.9841706e-002 -3.7121795e-002 -5.4493704e-003
  9.3630000e+002  7.2030000e+002 -3.6750000e+002 -3.8668047e-002 -3.6269805e-002 -1.7450476e-003
  1.1127000e+003  7.2030000e+002 -3.6750000e+002 -3.7394713e-002 -3.6780330e-002 -2.7325007e-004
  1.0290000e+002  8.1030000e+002 -3.6750000e+002 -3.6851367e-002 -3.6517751e-002  4.9225707e-005
  2.7930000e+002  8.1030000e+002 -3.6750000e+002 -3.5925315e-002 -3.5049835e-002  2.3267400e-004
  4.0530000e+002  8.1030000e+002 -3.6750000e+002 -3.4266444e-002 -3.4266444e-002 -1.4463257e-016
  4.9530000e+002  8.1030000e+002 -3.6750000e+002 -3.3071422e-002 -3.5690468e-002 -1.4303094e-003
  5.7030000e+002  8.1030000e+002 -3.6750000e+002 -3.3245258e-002 -3.8163637e-002 -3.4068215e-003
  6.4530000e+002  8.1030000e+002 -3.6750000e+002 -3.4944682e-002 -4.0259033e-002 -5.4680081e-003
  7.2030000e+002  8.1030000e+002 -3.6750000e+002 -3.7121795e-002 -3.9841706e-002 -5.4493704e-003
  8.1030000e+002  8.1030000e+002 -3.6750000e+002 -3.8277693e-002 -3.8277693e-002 -3.5583362e-003
  9.3630000e+002  8.1030000e+002 -3.6750000e+002 -3.8081290e-002 -3.7109364e-002 -1.1191285e-003
  1.1127000e+003  8.1030000e+002 -3.6750000e+002 -3.7277712e-002 -3.6999611e-002 -2.0062371e-004
  1.0290000e+002  9.3630000e+002 -3.6750000e+002 -3.6904780e-002 -3.6805322e-002 -2.2462733e-006
  2.7930000e+002  9.3630000e+002 -3.6750000e+002 -3.6121499e-002 -3.6121499e-002 -1.4760057e-016
  4.0530000e+002  9.3630000e+002 -3.6750000e+002 -3.5049835e-002 -3.5925315e-002 -2.3267400e-004
  4.9530000e+002  9.3630000e+002 -3.6750000e+002 -3.4371536e-002 -3.6632253e-002 -7.9058286e-004
  5.7030000e+002  9.3630000e+002 -3.6750000e+002 -3.4438505e-002 -3.7696097e-002 -1.4095621e-003
  6.4530000e+002  9.3630000e+002 -3.6750000e+002 -3.5206683e-002 -3.8618983e-002 -1.8609477e-003
  7.2030000e+002  9.3630000e+002 -3.6750000e+002 -3.6269805e-002 -3.8668047e-002 -1.7450476e-003
  8.1030000e+002  9.3630000e+002 -3.6750000e+002 -3.7109364e-002 -3.8081290e-002 -1.1191285e-003
  9.3630000e+002  9.3630000e+002 -3.6750000e+002 -3.7372931e-002 -3.7372931e-002 -3.2584372e-004
  1.1127000e+003  9.3630000e+002 -3.6750000e+002 -3.7118847e-002 -3.7110819e-002 -1.1318132e-004
  1.0290000e+002  1.1127000e+003 -3.6750000e+002 -3.7040368e-002 -3.7040368e-002 -7.3010852e-017
  2.7930000e+002  1.1127000e+003 -3.6750000e+002 -3.6805322e-002 -3.6904780e-002  2.2462733e-006
  4.0530000e+002  1.1127000e+003 -3.6750000e+002 -3.6517751e-002 -3.6851367e-002 -4.9225707e-005
  4.9530000e+002  1.1127000e+003 -3.6750000e+002 -3.6365128e-002 -3.6990401e-002 -1.4104560e-004
  5.7030000e+002  1.1127000e+003 -3.6750000e+002 -3.6385060e-002 -3.7197761e-002 -2.2930577e-004
  6.4530000e+002  1.1127000e+003 -3.6750000e+002 -3.6547936e-002 -3.7374815e-002 -2.8553492e-004
  7.2030000e+002  1.1127000e+003 -3.6750000e+002 -3.6780330e-002 -3.7394713e-002 -2.7325007e-004
  8.1030000e+002  1.1127000e+003 -3.6750000e+002 -3.6999611e-002 -3.7277712e-002 -2.0062371e-004
  9.3630000e+002  1.1127000e+003 -3.6750000e+002 -3.7110819e-002 -3.7118847e-002 -1.1318132e-004
  1.1127000e+003  1.1127000e+003 -3.6750000e+002 -3.7090303e-002 -3.7090303e-002 -9.6336723e-005
  1.0290000e+002  1.0290000e+002 -4.5750000e+002 -4.0169261e-002 -4.0169261e-002  8.3307160e-005
  2.7930000e+002  1.0290000e+002 -4.5750000e+002 -4.0167793e-002 -4.0143725e-002  1.4226665e-004
  4.0530000e+002  1.0290000e+002 -4.5750000e+002 -4.0077950e-002 -4.0177754e-002  1.9910814e-004
  4.9530000e+002  1.0290000e+002 -4.5750000e+002 -3.9931208e-002 -4.0204457e-002  2.4159492e-004
  5.7030000e+002  1.0290000e+002 -4.5750000e+002 -3.9788309e-002 -4.0185126e-002  2.4157757e-004
  6.4530000e+002  1.0290000e+002 -4.5750000e+002 -3.9693770e-002 -4.0117884e-002  1.9375653e-004
  7.2030000e+002  1.0290000e+002 -4.5750000e+002 -3.9687976e-002 -4.0055556e-002  1.2276255e-004
  8.1030000e+002  1.0290000e+002 -4.5750000e+002 -3.9790057e-002 -4.0039161e-002  4.7729834e-005
  9.3630000e+002  1.0290000e+002 -4.5750000e+002 -3.9982656e-002 -4.0109117e-002  2.0960448e-006
  1.1127000e+003  1.0290000e+002 -4.5750000e+002 -4.0160829e-002 -4.0160829e-002  2.2815341e-016
  1.0290000e+002  2.7930000e+002 -4.5750000e+002 -4.0143725e-002 -4.0167793e-002  1.4226665e-004
  2.7930000e+002  2.7930000e+002 -4.5750000e+002 -4.0231987e-002 -4.0231987e-002  3.4468241e-004
  4.0530000e+002  2.7930000e+002 -4.5750000e+002 -3.9930324e-002 -4.0413624e-002  8.5293430e-004
  4.9530000e+002  2.7930000e+002 -4.5750000e+002 -3.9333761e-002 -4.0496494e-002  1.2283488e-003
  5.7030000e+002  2.7930000e+002 -4.5750000e+002 -3.8702915e-002 -4.0340377e-002  1.2806431e-003
  6.4530000e+002  2.7930000e+002 -4.5750000e+002 -3.8299455e-002 -3.9909897e-002  9.8638720e-004
  7.2030000e+002  2.7930000e+002 -4.5750000e+002 -3.8324676e-002 -3.9495335e-002  5.7063265e-004
  8.1030000e+002  2.7930000e+002 -4.5750000e+002 -3.8809027e-002 -3.9295590e-002  1.8204407e-004
  9.3630000e+002  2.7930000e+002 -4.5750000e+002 -3.9540966e-002 -3.9540966e-002  1.1993987e-017
  1.1127000e+003  2.7930000e+002 -4.5750000e+002 -4.0109117e-002 -3.9982656e-002 -2.0960448e-006
  1.0290000e+002  4.0530000e+002 -4.5750000e+002 -4.0177754e-002 -4.0077950e-002  1.9910814e-004
  2.7930000e+002  4.0530000e+002 -4.5750000e+002 -4.0413624e-002 -3.9930324e-002  8.5293430e-004
  4.0530000e+002  4.0530000e+002 -4.5750000e+002 -4.0004335e-002 -4.0004335e-002  2.3569620e-003
  4.9530000e+002  4.0530000e+002 -4.5750000e+002 -3.8909416e-002 -4.0106920e-002  3.4151345e-003
  5.7030000e+002  4.0530000e+002 -4.5750000e+002 -3.7588979e-002 -3.9832880e-002  3.4002182e-003
  6.4530000e+002  4.0530000e+002 -4.5750000e+002 -3.6778068e-002 -3.8954191e-002  2.2207713e-003
  7.2030000e+002  4.0530000e+002 -4.5750000e+002 -3.6952840e-002 -3.8182939e-002  9.3640751e-004
  8.1030000e+002  4.0530000e+002 -4.5750000e+002 -3.7998835e-002 -3.7998835e-002  2.6893635e-016
  9.3630000e+002  4.0530000e+002 -4.5750000e+002 -3.9295590e-002 -3.8809027e-002 -1.8204407e-004
  1.1127000e+003  4.0530000e+002 -4.5750000e+002 -4.0039161e-002 -3.9790057e-002 -4.7729834e-005
  1.0290000e+002  4.9530000e+002 -4.5750000e+002 -4.0204457e-002 -3.9931208e-002  2.4159492e-004
  2.7930000e+002  4.9530000e+002 -4.5750000e+002 -4.0496494e-002 -3.9333761e-002  1.2283488e-003
  4.0530000e+002  4.9530000e+002 -4.5750000e+002 -4.0106920e-002 -3.8909416e-002  3.4151345e-003
  4.9530000e+002  4.9530000e+002 -4.5750000e+002 -3.8894514e-002 -3.8894514e-002  4.8355173e-003
  5.7030000e+002  4.9530000e+002 -4.5750000e+002 -3.7330393e-002 -3.8714745e-002  4.4132579e-003
  6.4530000e+002  4.9530000e+002 -4.5750000e+002 -3.6480588e-002 -3.7742503e-002  1.9294953e-003
  7.2030000e+002  4.9530000e+002 -4.5750000e+002 -3.6902575e-002 -3.6902575e-002  3.3013956e-016
  8.1030000e+002  4.9530000e+002 -4.5750000e+002 -3.8182939e-002 -3.6952840e-002 -9.3640751e-004
  9.3630000e+002  4.9530000e+002 -4.5750000e+002 -3.9495335e-002 -3.8324676e-002 -5.7063265e-004
  1.1127000e+003  4.9530000e+002 -4.5750000e+002 -4.0055556e-002 -3.9687976e-002 -1.2276255e-004
  1.0290000e+002  5.7030000e+002 -4.5750000e+002 -4.0185126e-002 -3.9788309e-002  2.4157757e-004
  2.7930000e+002  5.7030000e+002 -4.5750000e+002 -4.0340377e-002 -3.8702915e-002  1.2806431e-003
  4.0530000e+002  5.7030000e+002 -4.5750000e+002 -3.9832880e-002 -3.7588979e-002  3.4002182e-003
  4.9530000e+002  5.7030000e+002 -4.5750000e+002 -3.8714745e-002 -3.7330393e-002  4.4132579e-003
  5.7030000e+002  5.7030000e+002 -4.5750000e+002 -3.7448808e-002 -3.7448808e-002  3.4678832e-003
  6.4530000e+002  5.7030000e+002 -4.5750000e+002 -3.7015510e-002 -3.7015510e-002  3.9139698e-016
  7.2030000e+002  5.7030000e+002 -4.5750000e+002 -3.7742503e-002 -3.6480588e-002 -1.9294953e-003
  8.1030000e+002  5.7030000e+002 -4.5750000e+002 -3.8954191e-002 -3.6778068e-002 -2.2207713e-003
  9.3630000e+002  5.7030000e+002 -4.5750000e+002 -3.9909897e-002 -3.8299455e-002 -9.8638720e-004
  1.1127000e+003  5.7030000e+002 -4.5750000e+002 -4.0117884e-002 -3.9693770e-002 -1.9375653e-004
  1.0290000e+002  6.4530000e+002 -4.5750000e+002 -4.0117884e-002 -3.9693770e-002  1.9375653e-004
  2.7930000e+002  6.4530000e+002 -4.5750000e+002 -3.9909897e-002 -3.8299455e-002  9.8638720e-004
  4.0530000e+002  6.4530000e+002 -4.5750000e+002 -3.8954191e-002 -3.6778068e-002  2.2207713e-003
  4.9530000e+002  6.4530000e+002 -4.5750000e+002 -3.7742503e-002 -3.6480588e-002  1.9294953e-003
  5.7030000e+002  6.4530000e+002 -4.5750000e+002 -3.7015510e-002 -3.7015510e-002 -2.4638494e-016
  6.4530000e+002  6.4530000e+002 -4.5750000e+002 -3.7448808e-002 -3.7448808e-002 -3.4678832e-003
  7.2030000e+002  6.4530000e+002 -4.5750000e+002 -3.8714745e-002 -3.7330393e-002 -4.4132579e-003
  8.1030000e+002  6.4530000e+002 -4.5750000e+002 -3.9832880e-002 -3.7588979e-002 -3.4002182e-003
  9.3630000e+002  6.4530000e+002 -4.5750000e+002 -4.0340377e-002 -3.8702915e-002 -1.2806431e-003
  1.1127000e+003  6.4530000e+002 -4.5750000e+002 -4.0185126e-002 -3.9788309e-002 -2.4157757e-004
  1.0290000e+002  7.2030000e+002 -4.5750000e+002 -4.0055556e-002 -3.9687976e-002  1.2276255e-004
  2.7930000e+002  7.2030000e+002 -4.5750000e+002 -3.9495335e-002 -3.8324676e-002  5.7063265e-004
  4.0530000e+002  7.2030000e+002 -4.5750000e+002 -3.8182939e-002 -3.6952840e-002  9.3640751e-004
  4.9530000e+002  7.2030000e+002 -4.5750000e+002 -3.6902575e-002 -3.6902575e-002 -3.7220661e-016
  5.7030000e+002  7.2030000e+002 -4.5750000e+002 -3.6480588e-002 -3.7742503e-002 -1.9294953e-003
  6.4530000e+002  7.2030000e+002 -4.5750000e+002 -3.7330393e-002 -3.8714745e-002 -4.4132579e-003
  7.2030000e+002  7.2030000e+002 -4.5750000e+002 -3.8894514e-002 -3.8894514e-002 -4.8355173e-003
  8.1030000e+002  7.2030000e+002 -4.5750000e+002 -4.0106920e-002 -3.8909416e-002 -3.4151345e-003
  9.3630000e+002  7.2030000e+002 -4.5750000e+002 -4.0496494e-002 -3.9333761e-002 -1.2283488e-003
  1.1127000e+003  7.2030000e+002 -4.5750000e+002 -4.0204457e-002 -3.9931208e-002 -2.4159492e-004
  1.0290000e+002  8.1030000e+002 -4.5750000e+002 -4.0039161e-002 -3.9790057e-002  4.7729834e-005
  2.7930000e+002  8.1030000e+002 -4.5750000e+002 -3.9295590e-002 -3.8809027e-002  1.8204407e-004
  4.0530000e+002  8.1030000e+002 -4.5750000e+002 -3.7998835e-002 -3.7998835e-002 -2.5733539e-016
  4.9530000e+002  8.1030000e+002 -4.5750000e+002 -3.6952840e-002 -3.8182939e-002 -9.3640751e-004
  5.7030000e+002  8.1030000e+002 -4.5750000e+002 -3.6778068e-002 -3.8954191e-002 -2.2207713e-003
  6.4530000e+002  8.1030000e+002 -4.5750000e+002 -3.7588979e-002 -3.9832880e-002 -3.4002182e-003
  7.2030000e+002  8.1030000e+002 -4.5750000e+002 -3.8909416e-002 -4.0106920e-002 -3.4151345e-003
  8.1030000e+002  8.1030000e+002 -4.5750000e+002 -4.0004335e-002 -4.0004335e-002 -2.3569620e-003
  9.3630000e+002  8.1030000e+002 -4.5750000e+002 -4.0413624e-002 -3.9930324e-002 -8.5293430e-004
  1.1127000e+003  8.1030000e+002 -4.5750000e+002 -4.0177754e-002 -4.0077950e-002 -1.9910814e-004
  1.0290000e+002  9.3630000e+002 -4.5750000e+002 -4.0109117e-002 -3.9982656e-002  2.0960448e-006
  2.7930000e+002  9.3630000e+002 -4.5750000e+002 -3.9540966e-002 -3.9540966e-002 -1.5661300e-016
  4.0530000e+002  9.3630000e+002 -4.5750000e+002 -3.8809027e-002 -3.9295590e-002 -1.8204407e-004
  4.9530000e+002  9.3630000e+002 -4.5750000e+002 -3.8324676e-002 -3.9495335e-002 -5.7063265e-004
  5.7030000e+002  9.3630000e+002 -4.5750000e+002 -3.8299455e-002 -3.9909897e-002 -9.8638720e-004
  6.4530000e+002  9.3630000e+002 -4.5750000e+002 -3.8702915e-002 -4.0340377e-002 -1.2806431e-003
  7.2030000e+002  9.3630000e+002 -4.5750000e+002 -3.9333761e-002 -4.0496494e-002 -1.2283488e-003
  8.1030000e+002  9.3630000e+002 -4.5750000e+002 -3.9930324e-002 -4.0413624e-002 -8.5293430e-004
  9.3630000e+002  9.3630000e+002 -4.5750000e+002 -4.0231987e-002 -4.0231987e-002 -3.4468241e-004
  1.1127000e+003  9.3630000e+002 -4.5750000e+002 -4.0143725e-002 -4.0167793e-002 -1.4226665e-004
  1.0290000e+002  1.1127000e+003 -4.5750000e+002 -4.0160829e-002 -4.0160829e-002  1.3230655e-017
  2.7930000e+002  1.1127000e+003 -4.5750000e+002 -3.9982656e-002 -4.0109117e-002 -2.0960448e-006
  4.0530000e+002  1.1127000e+003 -4.5750000e+002 -3.9790057e-002 -4.0039161e-002 -4.7729834e-005
  4.9530000e+002  1.1127000e+003 -4.5750000e+002 -3.9687976e-002 -4.0055556e-002 -1.2276255e-004
  5.7030000e+002  1.1127000e+003 -4.5750000e+002 -3.9693770e-002 -4.0117884e-002 -1.9375653e-004
  6.4530000e+002  1.1127000e+003 -4.5750000e+002 -3.9788309e-002 -4.0185126e-002 -2.4157757e-004
  7.2030000e+002  1.1127000e+003 -4.5750000e+002 -3.9931208e-002 -4.0204457e-002 -2.4159492e-004
  8.1030000e+002  1.1127000e+003 -4.5750000e+002 -4.0077950e-002 -4.0177754e-002 -1.9910814e-004
  9.3630000e+002  1.1127000e+003 -4.5750000e+002 -4.0167793e-002 -4.0143725e-002 -1.4226665e-004
  1.1127000e+003  1.1127000e+003 -4.5750000e+002 -4.0169261e-002 -4.0169261e-002 -8.3307160e-005
  1.0290000e+002  1.0290000e+002 -5.8350000e+002 -1.3419850e-002 -1.3419850e-002  4.5373165e-005
  2.7930000e+002  1.0290000e+002 -5.8350000e+002 -1.3399056e-002 -1.3389465e-002  1.0929725e-004
  4.0530000e+002  1.0290000e+002 -5.8350000e+002 -1.3346074e-002 -1.3380480e-002  1.1961534e-004
  4.9530000e+002  1.0290000e+002 -5.8350000e+002 -1.3286243e-002 -1.3381599e-002  1.2786865e-004
  5.7030000e+002  1.0290000e+002 -5.8350000e+002 -1.3235362e-002 -1.3382997e-002  1.2189354e-004
  6.4530000e+002  1.0290000e+002 -5.8350000e+002 -1.3203945e-002 -1.3386045e-002  9.8379240e-005
  7.2030000e+002  1.0290000e+002 -5.8350000e+002 -1.3203665e-002 -1.3398288e-002  6.6322808e-005
  8.1030000e+002  1.0290000e+002 -5.8350000e+002 -1.3242539e-002 -1.3424597e-002  3.2320325e-005
  9.3630000e+002  1.0290000e+002 -5.8350000e+002 -1.3325066e-002 -1.3451794e-002  9.3021761e-006
  1.1127000e+003  1.0290000e+002 -5.8350000e+002 -1.3427154e-002 -1.3427154e-002  1.3281815e-016
  1.0290000e+002  2.7930000e+002 -5.8350000e+002 -1.3389465e-002 -1.3399056e-002  1.0929725e-004
  2.7930000e+002  2.7930000e+002 -5.8350000e+002 -1.3373801e-002 -1.3373801e-002  2.0451330e-004
  4.0530000e+002  2.7930000e+002 -5.8350000e+002 -1.3211572e-002 -1.3356712e-002  3.6555144e-004
  4.9530000e+002  2.7930000e+002 -5.8350000e+002 -1.2986567e-002 -1.3312393e-002  4.8612468e-004
  5.7030000e+002  2.7930000e+002 -5.8350000e+002 -1.2786380e-002 -1.3236516e-002  4.9574605e-004
  6.4530000e+002  2.7930000e+002 -5.8350000e+002 -1.2676093e-002 -1.3135325e-002  3.8765822e-004
  7.2030000e+002  2.7930000e+002 -5.8350000e+002 -1.2707021e-002 -1.3068654e-002  2.3287927e-004
  8.1030000e+002  2.7930000e+002 -5.8350000e+002 -1.2892592e-002 -1.3070926e-002  8.1820672e-005
  9.3630000e+002  2.7930000e+002 -5.8350000e+002 -1.3173541e-002 -1.3173541e-002 -2.7338835e-017
  1.1127000e+003  2.7930000e+002 -5.8350000e+002 -1.3451794e-002 -1.3325066e-002 -9.3021761e-006
  1.0290000e+002  4.0530000e+002 -5.8350000e+002 -1.3380480e-002 -1.3346074e-002  1.1961534e-004
  2.7930000e+002  4.0530000e+002 -5.8350000e+002 -1.3356712e-002 -1.3211572e-002  3.6555144e-004
  4.0530000e+002  4.0530000e+002 -5.8350000e+002 -1.3060450e-002 -1.3060450e-002  8.6765791e-004
  4.9530000e+002  4.0530000e+002 -5.8350000e+002 -1.2615094e-002 -1.2905804e-002  1.1896082e-003
  5.7030000e+002  4.0530000e+002 -5.8350000e+002 -1.2209555e-002 -1.2730840e-002  1.1602308e-003
  6.4530000e+002  4.0530000e+002 -5.8350000e+002 -1.2014713e-002 -1.2536839e-002  7.7823251e-004
  7.2030000e+002  4.0530000e+002 -5.8350000e+002 -1.2135943e-002 -1.2452545e-002  3.3807956e-004
  8.1030000e+002  4.0530000e+002 -5.8350000e+002 -1.2552378e-002 -1.2552378e-002  8.4323824e-017
  9.3630000e+002  4.0530000e+002 -5.8350000e+002 -1.3070926e-002 -1.2892592e-002 -8.1820672e-005
  1.1127000e+003  4.0530000e+002 -5.8350000e+002 -1.3424597e-002 -1.3242539e-002 -3.2320325e-005
  1.0290000e+002  4.9530000e+002 -5.8350000e+002 -1.3381599e-002 -1.3286243e-002  1.2786865e-004
  2.7930000e+002  4.9530000e+002 -5.8350000e+002 -1.3312393e-002 -1.2986567e-002  4.8612468e-004
  4.0530000e+002  4.9530000e+002 -5.8350000e+002 -1.2905804e-002 -1.2615094e-002  1.1896082e-003
  4.9530000e+002  4.9530000e+002 -5.8350000e+002 -1.2322467e-002 -1.2322467e-002  1.5684190e-003
  5.7030000e+002  4.9530000e+002 -5.8350000e+002 -1.1816552e-002 -1.2087795e-002  1.3833939e-003
  6.4530000e+002  4.9530000e+002 -5.8350000e+002 -1.1631551e-002 -1.1890588e-002  6.4976262e-004
  7.2030000e+002  4.9530000e+002 -5.8350000e+002 -1.1876892e-002 -1.1876892e-002  9.6507546e-017
  8.1030000e+002  4.9530000e+002 -5.8350000e+002 -1.2452545e-002 -1.2135943e-002 -3.3807956e-004
  9.3630000e+002  4.9530000e+002 -5.8350000e+002 -1.3068654e-002 -1.2707021e-002 -2.3287927e-004
  1.1127000e+003  4.9530000e+002 -5.8350000e+002 -1.3398288e-002 -1.3203665e-002 -6.6322808e-005
  1.0290000e+002  5.7030000e+002 -5.8350000e+002 -1.3382997e-002 -1.3235362e-002  1.2189354e-004
  2.7930000e+002  5.7030000e+002 -5.8350000e+002 -1.3236516e-002 -1.2786380e-002  4.9574605e-004
  4.0530000e+002  5.7030000e+002 -5.8350000e+002 -1.2730840e-002 -1.2209555e-002  1.1602308e-003
  4.9530000e+002  5.7030000e+002 -5.8350000e+002 -1.2087795e-002 -1.1816552e-002  1.3833939e-003
  5.7030000e+002  5.7030000e+002 -5.8350000e+002 -1.1601017e-002 -1.1601017e-002  9.7918879e-004
  6.4530000e+002  5.7030000e+002 -5.8350000e+002 -1.1517446e-002 -1.1517446e-002  3.6673138e-017
  7.2030000e+002  5.7030000e+002 -5.8350000e+002 -1.1890588e-002 -1.1631551e-002 -6.4976262e-004
  8.1030000e+002  5.7030000e+002 -5.8350000e+002 -1.2536839e-002 -1.2014713e-002 -7.7823251e-004
  9.3630000e+002  5.7030000e+002 -5.8350000e+002 -1.3135325e-002 -1.2676093e-002 -3.8765822e-004
  1.1127000e+003  5.7030000e+002 -5.8350000e+002 -1.3386045e-002 -1.3203945e-002 -9.8379240e-005
  1.0290000e+002  6.4530000e+002 -5.8350000e+002 -1.3386045e-002 -1.3203945e-002  9.8379240e-005
  2.7930000e+002  6.4530000e+002 -5.8350000e+002 -1.3135325e-002 -1.2676093e-002  3.8765822e-004
  4.0530000e+002  6.4530000e+002 -5.8350000e+002 -1.2536839e-002 -1.2014713e-002  7.7823251e-004
  4.9530000e+002  6.4530000e+002 -5.8350000e+002 -1.1890588e-002 -1.1631551e-002  6.4976262e-004
  5.7030000e+002  6.4530000e+002 -5.8350000e+002 -1.1517446e-002 -1.1517446e-002 -1.1594187e-016
  6.4530000e+002  6.4530000e+002 -5.8350000e+002 -1.1601017e-002 -1.1601017e-002 -9.7918879e-004
  7.2030000e+002  6.4530000e+002 -5.8350000e+002 -1.2087795e-002 -1.1816552e-002 -1.3833939e-003
  8.1030000e+002  6.4530000e+002 -5.8350000e+002 -1.2730840e-002 -1.2209555e-002 -1.1602308e-003
  9.3630000e+002  6.4530000e+002 -5.8350000e+002 -1.3236516e-002 -1.2786380e-002 -4.9574605e-004
  1.1127000e+003  6.4530000e+002 -5.8350000e+002 -1.3382997e-002 -1.3235362e-002 -1.2189354e-004
  1.0290000e+002  7.2030000e+002 -5.8350000e+002 -1.3398288e-002 -1.3203665e-002  6.6322808e-005
  2.7930000e+002  7.2030000e+002 -5.8350000e+002 -1.3068654e-002 -1.2707021e-002  2.3287927e-004
  4.0530000e+002  7.2030000e+002 -5.8350000e+002 -1.2452545e-002 -1.2135943e-002  3.3807956e-004
  4.9530000e+002  7.2030000e+002 -5.8350000e+002 -1.1876892e-002 -1.1876892e-002 -1.2368036e-016
  5.7030000e+002  7.2030000e+002 -5.8350000e+002 -1.1631551e-002 -1.1890588e-002 -6.4976262e-004
  6.4530000e+002  7.2030000e+002 -5.8350000e+002 -1.1816552e-002 -1.2087795e-002 -1.3833939e-003
  7.2030000e+002  7.2030000e+002 -5.8350000e+002 -1.2322467e-002 -1.2322467e-002 -1.5684190e-003
  8.1030000e+002  7.2030000e+002 -5.8350000e+002 -1.2905804e-002 -1.2615094e-002 -1.1896082e-003
  9.3630000e+002  7.2030000e+002 -5.8350000e+002 -1.3312393e-002 -1.2986567e-002 -4.8612468e-004
  1.1127000e+003  7.2030000e+002 -5.8350000e+002 -1.3381599e-002 -1.3286243e-002 -1.2786865e-004
  1.0290000e+002  8.1030000e+002 -5.8350000e+002 -1.3424597e-002 -1.3242539e-002  3.2320325e-005
  2.7930000e+002  8.1030000e+002 -5.8350000e+002 -1.3070926e-002 -1.2892592e-002  8.1820672e-005
  4.0530000e+002  8.1030000e+002 -5.8350000e+002 -1.2552378e-002 -1.2552378e-002 -7.1123663e-017
  4.9530000e+002  8.1030000e+002 -5.8350000e+002 -1.2135943e-002 -1.2452545e-002 -3.3807956e-004
  5.7030000e+002  8.1030000e+002 -5.8350000e+002 -1.2014713e-002 -1.2536839e-002 -7.7823251e-004
  6.4530000e+002  8.1030000e+002 -5.8350000e+002 -1.2209555e-002 -1.2730840e-002 -1.1602308e-003
  7.2030000e+002  8.1030000e+002 -5.8350000e+002 -1.2615094e-002 -1.2905804e-002 -1.1896082e-003
  8.1030000e+002  8.1030000e+002 -5.8350000e+002 -1.3060450e-002 -1.3060450e-002 -8.6765791e-004
  9.3630000e+002  8.1030000e+002 -5.8350000e+002 -1.3356712e-002 -1.3211572e-002 -3.6555144e-004
  1.1127000e+003  8.1030000e+002 -5.8350000e+002 -1.3380480e-002 -1.3346074e-002 -1.1961534e-004
  1.0290000e+002  9.3630000e+002 -5.8350000e+002 -1.3451794e-002 -1.3325066e-002  9.3021761e-006
  2.7930000e+002  9.3630000e+002 -5.8350000e+002 -1.3173541e-002 -1.3173541e-002  1.5243205e-017
  4.0530000e+002  9.3630000e+002 -5.8350000e+002 -1.2892592e-002 -1.3070926e-002 -8.1820672e-005
  4.9530000e+002  9.3630000e+002 -5.8350000e+002 -1.2707021e-002 -1.3068654e-002 -2.3287927e-004
  5.7030000e+002  9.3630000e+002 -5.8350000e+002 -1.2676093e-002 -1.3135325e-002 -3.8765822e-004
  6.4530000e+002  9.3630000e+002 -5.8350000e+002 -1.2786380e-002 -1.3236516e-002 -4.9574605e-004
  7.2030000e+002  9.3630000e+002 -5.8350000e+002 -1.2986567e-002 -1.3312393e-002 -4.8612468e-004
  8.1030000e+002  9.3630000e+002 -5.8350000e+002 -1.3211572e-002 -1.3356712e-002 -3.6555144e-004
  9.3630000e+002  9.3630000e+002 -5.8350000e+002 -1.3373801e-002 -1.3373801e-002 -2.0451330e-004
  1.1127000e+003  9.3630000e+002 -5.8350000e+002 -1.3389465e-002 -1.3399056e-002 -1.0929725e-004
  1.0290000e+002  1.1127000e+003 -5.8350000e+002 -1.3427154e-002 -1.3427154e-002  2.4153992e-017
  2.7930000e+002  1.1127000e+003 -5.8350000e+002 -1.3325066e-002 -1.3451794e-002 -9.3021761e-006
  4.0530000e+002  1.1127000e+003 -5.8350000e+002 -1.3242539e-002 -1.3424597e-002 -3.2320325e-005
  4.9530000e+002  1.1127000e+003 -5.8350000e+002 -1.3203665e-002 -1.3398288e-002 -6.6322808e-005
  5.7030000e+002  1.1127000e+003 -5.8350000e+002 -1.3203945e-002 -1.3386045e-002 -9.8379240e-005
  6.4530000e+002  1.1127000e+003 -5.8350000e+002 -1.3235362e-002 -1.3382997e-002 -1.2189354e-004
  7.2030000e+002  1.1127000e+003 -5.8350000e+002 -1.3286243e-002 -1.3381599e-002 -1.2786865e-004
  8.1030000e+002  1.1127000e+003 -5.8350000e+002 -1.3346074e-002 -1.3380480e-002 -1.1961534e-004
  9.3630000e+002  1.1127000e+003 -5.8350000e+002 -1.3399056e-002 -1.3389465e-002 -1.0929725e-004
  1.1127000e+003  1.1127000e+003 -5.8350000e+002 -1.3419850e-002 -1.3419850e-002 -4.5373165e-005
  1.0290000e+002  1.0290000e+002 -7.5990000e+002  1.7530714e-005  1.7530714e-005  1.6130015e-005
  2.7930000e+002  1.0290000e+002 -7.5990000e+002  1.8315259e-005  4.2950283e-005  1.5607640e-005
  4.0530000e+002  1.0290000e+002 -7.5990000e+002  3.0489474e-005  4.2640287e-005 -6.8091621e-009
  4.9530000e+002  1.0290000e+002 -7.5990000e+002  3.7049045e-005  3.8384410e-005 -2.3583302e-006
  5.7030000e+002  1.0290000e+002 -7.5990000e+002  4.1299240e-005  3.2951777e-005 -1.4835737e-006
  6.4530000e+002  1.0290000e+002 -7.5990000e+002  4.2825481e-005  2.6025644e-005  7.1852712e-008
  7.2030000e+002  1.0290000e+002 -7.5990000e+002  4.0321766e-005  1.8511668e-005  1.9405871e-006
  8.1030000e+002  1.0290000e+002 -7.5990000e+002  3.1413960e-005  1.1619190e-005  4.7070816e-006
  9.3630000e+002  1.0290000e+002 -7.5990000e+002  1.0509314e-005  1.3841917e-005  7.5452323e-006
  1.1127000e+003  1.0290000e+002 -7.5990000e+002  8.2059702e-006  8.2059702e-006  3.2252050e-017
  1.0290000e+002  2.7930000e+002 -7.5990000e+002  4.2950283e-005  1.8315259e-005  1.5607640e-005
  2.7930000e+002  2.7930000e+002 -7.5990000e+002  7.2781602e-005  7.2781602e-005 -5.5354345e-005
  4.0530000e+002  2.7930000e+002 -7.5990000e+002  1.0925927e-004  7.3555881e-005 -7.1426058e-005
  4.9530000e+002  2.7930000e+002 -7.5990000e+002  1.4015640e-004  7.7128194e-005 -5.1632058e-005
  5.7030000e+002  2.7930000e+002 -7.5990000e+002  1.6440729e-004  8.3452153e-005 -3.4554006e-005
  6.4530000e+002  2.7930000e+002 -7.5990000e+002  1.7583065e-004  9.0404317e-005 -2.6025000e-005
  7.2030000e+002  2.7930000e+002 -7.5990000e+002  1.6837271e-004  9.3051743e-005 -2.1399750e-005
  8.1030000e+002  2.7930000e+002 -7.5990000e+002  1.3824319e-004  9.0289417e-005 -1.3244903e-005
  9.3630000e+002  2.7930000e+002 -7.5990000e+002  8.4880737e-005  8.4880737e-005  1.7404833e-017
  1.1127000e+003  2.7930000e+002 -7.5990000e+002  1.3841917e-005  1.0509314e-005 -7.5452323e-006
  1.0290000e+002  4.0530000e+002 -7.5990000e+002  4.2640287e-005  3.0489474e-005 -6.8091621e-009
  2.7930000e+002  4.0530000e+002 -7.5990000e+002  7.3555881e-005  1.0925927e-004 -7.1426058e-005
  4.0530000e+002  4.0530000e+002 -7.5990000e+002  1.2791763e-004  1.2791763e-004 -2.7525243e-005
  4.9530000e+002  4.0530000e+002 -7.5990000e+002  1.8886625e-004  1.5135385e-004  3.4906234e-005
  5.7030000e+002  4.0530000e+002 -7.5990000e+002  2.3817089e-004  1.7407518e-004  5.8036135e-005
  6.4530000e+002  4.0530000e+002 -7.5990000e+002  2.5746662e-004  1.9141990e-004  3.9422340e-005
  7.2030000e+002  4.0530000e+002 -7.5990000e+002  2.3555994e-004  1.9219808e-004  1.2030375e-005
  8.1030000e+002  4.0530000e+002 -7.5990000e+002  1.7329545e-004  1.7329545e-004 -3.4206579e-017
  9.3630000e+002  4.0530000e+002 -7.5990000e+002  9.0289417e-005  1.3824319e-004  1.3244903e-005
  1.1127000e+003  4.0530000e+002 -7.5990000e+002  1.1619190e-005  3.1413960e-005 -4.7070816e-006
  1.0290000e+002  4.9530000e+002 -7.5990000e+002  3.8384410e-005  3.7049045e-005 -2.3583302e-006
  2.7930000e+002  4.9530000e+002 -7.5990000e+002  7.7128194e-005  1.4015640e-004 -5.1632058e-005
  4.0530000e+002  4.9530000e+002 -7.5990000e+002  1.5135385e-004  1.8886625e-004  3.4906234e-005
  4.9530000e+002  4.9530000e+002 -7.5990000e+002  2.3631928e-004  2.3631928e-004  1.1033226e-004
  5.7030000e+002  4.9530000e+002 -7.5990000e+002  3.0039037e-004  2.7188083e-004  1.1453028e-004
  6.4530000e+002  4.9530000e+002 -7.5990000e+002  3.1802056e-004  2.8999357e-004  5.3996741e-005
  7.2030000e+002  4.9530000e+002 -7.5990000e+002  2.7866371e-004  2.7866371e-004 -9.8879238e-017
  8.1030000e+002  4.9530000e+002 -7.5990000e+002  1.9219808e-004  2.3555994e-004 -1.2030375e-005
  9.3630000e+002  4.9530000e+002 -7.5990000e+002  9.3051743e-005  1.6837271e-004  2.1399750e-005
  1.1127000e+003  4.9530000e+002 -7.5990000e+002  1.8511668e-005  4.0321766e-005 -1.9405871e-006
  1.0290000e+002  5.7030000e+002 -7.5990000e+002  3.2951777e-005  4.1299240e-005 -1.4835737e-006
  2.7930000e+002  5.7030000e+002 -7.5990000e+002  8.3452153e-005  1.6440729e-004 -3.4554006e-005
  4.0530000e+002  5.7030000e+002 -7.5990000e+002  1.7407518e-004  2.3817089e-004  5.8036135e-005
  4.9530000e+002  5.7030000e+002 -7.5990000e+002  2.7188083e-004  3.0039037e-004  1.1453028e-004
  5.7030000e+002  5.7030000e+002 -7.5990000e+002  3.3745967e-004  3.3745967e-004  8.8963868e-005
  6.4530000e+002  5.7030000e+002 -7.5990000e+002  3.4505397e-004  3.4505397e-004 -1.3510176e-016
  7.2030000e+002  5.7030000e+002 -7.5990000e+002  2.8999357e-004  3.1802056e-004 -5.3996741e-005
  8.1030000e+002  5.7030000e+002 -7.5990000e+002  1.9141990e-004  2.5746662e-004 -3.9422340e-005
  9.3630000e+002  5.7030000e+002 -7.5990000e+002  9.0404317e-005  1.7583065e-004  2.6025000e-005
  1.1127000e+003  5.7030000e+002 -7.5990000e+002  2.6025644e-005  4.2825481e-005 -7.1852712e-008
  1.0290000e+002  6.4530000e+002 -7.5990000e+002  2.6025644e-005  4.2825481e-005  7.1852712e-008
  2.7930000e+002  6.4530000e+002 -7.5990000e+002  9.0404317e-005  1.7583065e-004 -2.6025000e-005
  4.0530000e+002  6.4530000e+002 -7.5990000e+002  1.9141990e-004  2.5746662e-004  3.9422340e-005
  4.9530000e+002  6.4530000e+002 -7.5990000e+002  2.8999357e-004  3.1802056e-004  5.3996741e-005
  5.7030000e+002  6.4530000e+002 -7.5990000e+002  3.4505397e-004  3.4505397e-004 -1.1018205e-017
  6.4530000e+002  6.4530000e+002 -7.5990000e+002  3.3745967e-004  3.3745967e-004 -8.8963868e-005
  7.2030000e+002  6.4530000e+002 -7.5990000e+002  2.7188083e-004  3.0039037e-004 -1.1453028e-004
  8.1030000e+002  6.4530000e+002 -7.5990000e+002  1.7407518e-004  2.3817089e-004 -5.8036135e-005
  9.3630000e+002  6.4530000e+002 -7.5990000e+002  8.3452153e-005  1.6440729e-004  3.4554006e-005
  1.1127000e+003  6.4530000e+002 -7.5990000e+002  3.2951777e-005  4.1299240e-005  1.4835737e-006
  1.0290000e+002  7.2030000e+002 -7.5990000e+002  1.8511668e-005  4.0321766e-005  1.9405871e-006
  2.7930000e+002  7.2030000e+002 -7.5990000e+002  9.3051743e-005  1.6837271e-004 -2.1399750e-005
  4.0530000e+002  7.2030000e+002 -7.5990000e+002  1.9219808e-004  2.3555994e-004  1.2030375e-005
  4.9530000e+002  7.2030000e+002 -7.5990000e+002  2.7866371e-004  2.7866371e-004  1.5314356e-018
  5.7030000e+002  7.2030000e+002 -7.5990000e+002  3.1802056e-004  2.8999357e-004 -5.3996741e-005
  6.4530000e+002  7.2030000e+002 -7.5990000e+002  3.0039037e-004  2.7188083e-004 -1.1453028e-004
  7.2030000e+002  7.2030000e+002 -7.5990000e+002  2.3631928e-004  2.3631928e-004 -1.1033226e-004
  8.1030000e+002  7.2030000e+002 -7.5990000e+002  1.5135385e-004  1.8886625e-004 -3.4906234e-005
  9.3630000e+002  7.2030000e+002 -7.5990000e+002  7.7128194e-005  1.4015640e-004  5.1632058e-005
  1.1127000e+003  7.2030000e+002 -7.5990000e+002  3.8384410e-005  3.7049045e-005  2.3583302e-006
  1.0290000e+002  8.1030000e+002 -7.5990000e+002  1.1619190e-005  3.1413960e-005  4.7070816e-006
  2.7930000e+002  8.1030000e+002 -7.5990000e+002  9.0289417e-005  1.3824319e-004 -1.3244903e-005
  4.0530000e+002  8.1030000e+002 -7.5990000e+002  1.7329545e-004  1.7329545e-004  1.7076184e-018
  4.9530000e+002  8.1030000e+002 -7.5990000e+002  2.3555994e-004  1.9219808e-004 -1.2030375e-005
  5.7030000e+002  8.1030000e+002 -7.5990000e+002  2.5746662e-004  1.9141990e-004 -3.9422340e-005
  6.4530000e+002  8.1030000e+002 -7.5990000e+002  2.3817089e-004  1.7407518e-004 -5.8036135e-005
  7.2030000e+002  8.1030000e+002 -7.5990000e+002  1.8886625e-004  1.5135385e-004 -3.4906234e-005
  8.1030000e+002  8.1030000e+002 -7.5990000e+002  1.2791763e-004  1.2791763e-004  2.7525243e-005
  9.3630000e+002  8.1030000e+002 -7.5990000e+002  7.3555881e-005  1.0925927e-004  7.1426058e-005
  1.1127000e+003  8.1030000e+002 -7.5990000e+002  4.2640287e-005  3.0489474e-005  6.8091622e-009
  1.0290000e+002  9.3630000e+002 -7.5990000e+002  1.3841917e-005  1.0509314e-005  7.5452323e-006
  2.7930000e+002  9.3630000e+002 -7.5990000e+002  8.4880737e-005  8.4880737e-005  2.8578892e-017
  4.0530000e+002  9.3630000e+002 -7.5990000e+002  1.3824319e-004  9.0289417e-005  1.3244903e-005
  4.9530000e+002  9.3630000e+002 -7.5990000e+002  1.6837271e-004  9.3051743e-005  2.1399750e-005
  5.7030000e+002  9.3630000e+002 -7.5990000e+002  1.7583065e-004  9.0404317e-005  2.6025000e-005
  6.4530000e+002  9.3630000e+002 -7.5990000e+002  1.6440729e-004  8.3452153e-005  3.4554006e-005
  7.2030000e+002  9.3630000e+002 -7.5990000e+002  1.4015640e-004  7.7128194e-005  5.1632058e-005
  8.1030000e+002  9.3630000e+002 -7.5990000e+002  1.0925927e-004  7.3555881e-005  7.1426058e-005
  9.3630000e+002  9.3630000e+002 -7.5990000e+002  7.2781602e-005  7.2781602e-005  5.5354345e-005
  1.1127000e+003  9.3630000e+002 -7.5990000e+002  4.2950283e-005  1.8315259e-005 -1.5607640e-005
  1.0290000e+002  1.1127000e+003 -7.5990000e+002  8.2059702e-006  8.2059702e-006  3.3404015e-017
  2.7930000e+002  1.1127000e+003 -7.5990000e+002  1.0509314e-005  1.3841917e-005 -7.5452323e-006
  4.0530000e+002  1.1127000e+003 -7.5990000e+002  3.1413960e-005  1.1619190e-005 -4.7070816e-006
  4.9530000e+002  1.1127000e+003 -7.5990000e+002  4.0321766e-005  1.8511668e-005 -1.9405871e-006
  5.7030000e+002  1.1127000e+003 -7.5990000e+002  4.2825481e-005  2.6025644e-005 -7.1852712e-008
  6.4530000e+002  1.1127000e+003 -7.5990000e+002  4.1299240e-005  3.2951777e-005  1.4835737e-006
  7.2030000e+002  1.1127000e+003 -7.5990000e+002  3.7049045e-005  3.8384410e-005  2.3583302e-006
  8.1030000e+002  1.1127000e+003 -7.5990000e+002  3.0489474e-005  4.2640287e-005  6.8091621e-009
  9.3630000e+002  1.1127000e+003 -7.5990000e+002  1.8315259e-005  4.2950283e-005 -1.5607640e-005
  1.1127000e+003  1.1127000e+003 -7.5990000e+002  1.7530714e-005  1.7530714e-005 -1.6130015e-005
