  1.0290000e+002  1.0290000e+002 -5.2500000e+001  9.1885575e-016  9.1885575e-016 -7.5275683e-020
  2.7930000e+002  1.0290000e+002 -5.2500000e+001  9.1885893e-016  9.1885625e-016 -1.9587871e-019
  4.0530000e+002  1.0290000e+002 -5.2500000e+001  9.1888528e-016  9.1886676e-016 -2.0000268e-019
  4.9530000e+002  1.0290000e+002 -5.2500000e+001  9.1889512e-016  9.1887352e-016 -1.7552240e-019
  5.7030000e+002  1.0290000e+002 -5.2500000e+001  9.1889509e-016  9.1887682e-016 -1.4748305e-019
  6.4530000e+002  1.0290000e+002 -5.2500000e+001  9.1889044e-016  9.1887813e-016 -1.1806303e-019
  7.2030000e+002  1.0290000e+002 -5.2500000e+001  9.1888458e-016  9.1887691e-016 -9.0659347e-020
  8.1030000e+002  1.0290000e+002 -5.2500000e+001  9.1887974e-016  9.1887394e-016 -6.0505323e-020
  9.3630000e+002  1.0290000e+002 -5.2500000e+001  9.1887548e-016  9.1887233e-016 -2.5121763e-020
  1.1127000e+003  1.0290000e+002 -5.2500000e+001  9.1887192e-016  9.1887192e-016  2.2072963e-032
  1.0290000e+002  2.7930000e+002 -5.2500000e+001  9.1885625e-016  9.1885893e-016 -1.9587871e-019
  2.7930000e+002  2.7930000e+002 -5.2500000e+001  9.1887440e-016  9.1887440e-016 -4.1831827e-019
  4.0530000e+002  2.7930000e+002 -5.2500000e+001  9.1891494e-016  9.1889400e-016 -3.7072378e-019
  4.9530000e+002  2.7930000e+002 -5.2500000e+001  9.1891944e-016  9.1889144e-016 -2.7826545e-019
  5.7030000e+002  2.7930000e+002 -5.2500000e+001  9.1890929e-016  9.1887961e-016 -1.9797728e-019
  6.4530000e+002  2.7930000e+002 -5.2500000e+001  9.1889240e-016  9.1888049e-016 -1.3697646e-019
  7.2030000e+002  2.7930000e+002 -5.2500000e+001  9.1887703e-016  9.1888257e-016 -1.0136150e-019
  8.1030000e+002  2.7930000e+002 -5.2500000e+001  9.1887366e-016  9.1887629e-016 -6.0908600e-020
  9.3630000e+002  2.7930000e+002 -5.2500000e+001  9.1887479e-016  9.1887479e-016 -2.4558917e-031
  1.1127000e+003  2.7930000e+002 -5.2500000e+001  9.1887233e-016  9.1887548e-016  2.5121763e-020
  1.0290000e+002  4.0530000e+002 -5.2500000e+001  9.1886676e-016  9.1888528e-016 -2.0000268e-019
  2.7930000e+002  4.0530000e+002 -5.2500000e+001  9.1889400e-016  9.1891494e-016 -3.7072378e-019
  4.0530000e+002  4.0530000e+002 -5.2500000e+001  9.1891185e-016  9.1891185e-016 -2.3271419e-019
  4.9530000e+002  4.0530000e+002 -5.2500000e+001  9.1888150e-016  9.1883412e-016 -6.5060486e-020
  5.7030000e+002  4.0530000e+002 -5.2500000e+001  9.1886971e-016  9.1872482e-016  5.0425046e-020
  6.4530000e+002  4.0530000e+002 -5.2500000e+001  9.1886182e-016  9.1874810e-016  9.1061163e-020
  7.2030000e+002  4.0530000e+002 -5.2500000e+001  9.1884647e-016  9.1883312e-016  1.7972978e-020
  8.1030000e+002  4.0530000e+002 -5.2500000e+001  9.1885986e-016  9.1885986e-016 -9.9305913e-031
  9.3630000e+002  4.0530000e+002 -5.2500000e+001  9.1887629e-016  9.1887366e-016  6.0908600e-020
  1.1127000e+003  4.0530000e+002 -5.2500000e+001  9.1887394e-016  9.1887974e-016  6.0505323e-020
  1.0290000e+002  4.9530000e+002 -5.2500000e+001  9.1887352e-016  9.1889512e-016 -1.7552240e-019
  2.7930000e+002  4.9530000e+002 -5.2500000e+001  9.1889144e-016  9.1891944e-016 -2.7826545e-019
  4.0530000e+002  4.9530000e+002 -5.2500000e+001  9.1883412e-016  9.1888150e-016 -6.5060486e-020
  4.9530000e+002  4.9530000e+002 -5.2500000e+001  9.1868315e-016  9.1868315e-016  1.6644883e-019
  5.7030000e+002  4.9530000e+002 -5.2500000e+001  9.1864547e-016  9.1834265e-016  2.6496207e-019
  6.4530000e+002  4.9530000e+002 -5.2500000e+001  9.1869382e-016  9.1840837e-016  2.9376702e-019
  7.2030000e+002  4.9530000e+002 -5.2500000e+001  9.1874267e-016  9.1874267e-016 -2.9615085e-030
  8.1030000e+002  4.9530000e+002 -5.2500000e+001  9.1883312e-016  9.1884647e-016 -1.7972978e-020
  9.3630000e+002  4.9530000e+002 -5.2500000e+001  9.1888257e-016  9.1887703e-016  1.0136150e-019
  1.1127000e+003  4.9530000e+002 -5.2500000e+001  9.1887691e-016  9.1888458e-016  9.0659347e-020
  1.0290000e+002  5.7030000e+002 -5.2500000e+001  9.1887682e-016  9.1889509e-016 -1.4748305e-019
  2.7930000e+002  5.7030000e+002 -5.2500000e+001  9.1887961e-016  9.1890929e-016 -1.9797728e-019
  4.0530000e+002  5.7030000e+002 -5.2500000e+001  9.1872482e-016  9.1886971e-016  5.0425046e-020
  4.9530000e+002  5.7030000e+002 -5.2500000e+001  9.1834265e-016  9.1864547e-016  2.6496207e-019
  5.7030000e+002  5.7030000e+002 -5.2500000e+001  9.1808062e-016  9.1808062e-016  1.0678772e-019
  6.4530000e+002  5.7030000e+002 -5.2500000e+001  9.1812266e-016  9.1812266e-016 -4.0603659e-030
  7.2030000e+002  5.7030000e+002 -5.2500000e+001  9.1840837e-016  9.1869382e-016 -2.9376702e-019
  8.1030000e+002  5.7030000e+002 -5.2500000e+001  9.1874810e-016  9.1886182e-016 -9.1061163e-020
  9.3630000e+002  5.7030000e+002 -5.2500000e+001  9.1888049e-016  9.1889240e-016  1.3697646e-019
  1.1127000e+003  5.7030000e+002 -5.2500000e+001  9.1887813e-016  9.1889044e-016  1.1806303e-019
  1.0290000e+002  6.4530000e+002 -5.2500000e+001  9.1887813e-016  9.1889044e-016 -1.1806303e-019
  2.7930000e+002  6.4530000e+002 -5.2500000e+001  9.1888049e-016  9.1889240e-016 -1.3697646e-019
  4.0530000e+002  6.4530000e+002 -5.2500000e+001  9.1874810e-016  9.1886182e-016  9.1061163e-020
  4.9530000e+002  6.4530000e+002 -5.2500000e+001  9.1840837e-016  9.1869382e-016  2.9376702e-019
  5.7030000e+002  6.4530000e+002 -5.2500000e+001  9.1812266e-016  9.1812266e-016  1.2283401e-030
  6.4530000e+002  6.4530000e+002 -5.2500000e+001  9.1808062e-016  9.1808062e-016 -1.0678772e-019
  7.2030000e+002  6.4530000e+002 -5.2500000e+001  9.1834265e-016  9.1864547e-016 -2.6496207e-019
  8.1030000e+002  6.4530000e+002 -5.2500000e+001  9.1872482e-016  9.1886971e-016 -5.0425046e-020
  9.3630000e+002  6.4530000e+002 -5.2500000e+001  9.1887961e-016  9.1890929e-016  1.9797728e-019
  1.1127000e+003  6.4530000e+002 -5.2500000e+001  9.1887682e-016  9.1889509e-016  1.4748305e-019
  1.0290000e+002  7.2030000e+002 -5.2500000e+001  9.1887691e-016  9.1888458e-016 -9.0659347e-020
  2.7930000e+002  7.2030000e+002 -5.2500000e+001  9.1888257e-016  9.1887703e-016 -1.0136150e-019
  4.0530000e+002  7.2030000e+002 -5.2500000e+001  9.1883312e-016  9.1884647e-016  1.7972978e-020
  4.9530000e+002  7.2030000e+002 -5.2500000e+001  9.1874267e-016  9.1874267e-016 -1.4031001e-031
  5.7030000e+002  7.2030000e+002 -5.2500000e+001  9.1869382e-016  9.1840837e-016 -2.9376702e-019
  6.4530000e+002  7.2030000e+002 -5.2500000e+001  9.1864547e-016  9.1834265e-016 -2.6496207e-019
  7.2030000e+002  7.2030000e+002 -5.2500000e+001  9.1868315e-016  9.1868315e-016 -1.6644883e-019
  8.1030000e+002  7.2030000e+002 -5.2500000e+001  9.1883412e-016  9.1888150e-016  6.5060486e-020
  9.3630000e+002  7.2030000e+002 -5.2500000e+001  9.1889144e-016  9.1891944e-016  2.7826545e-019
  1.1127000e+003  7.2030000e+002 -5.2500000e+001  9.1887352e-016  9.1889512e-016  1.7552240e-019
  1.0290000e+002  8.1030000e+002 -5.2500000e+001  9.1887394e-016  9.1887974e-016 -6.0505323e-020
  2.7930000e+002  8.1030000e+002 -5.2500000e+001  9.1887629e-016  9.1887366e-016 -6.0908600e-020
  4.0530000e+002  8.1030000e+002 -5.2500000e+001  9.1885986e-016  9.1885986e-016 -2.1591375e-030
  4.9530000e+002  8.1030000e+002 -5.2500000e+001  9.1884647e-016  9.1883312e-016 -1.7972978e-020
  5.7030000e+002  8.1030000e+002 -5.2500000e+001  9.1886182e-016  9.1874810e-016 -9.1061163e-020
  6.4530000e+002  8.1030000e+002 -5.2500000e+001  9.1886971e-016  9.1872482e-016 -5.0425046e-020
  7.2030000e+002  8.1030000e+002 -5.2500000e+001  9.1888150e-016  9.1883412e-016  6.5060486e-020
  8.1030000e+002  8.1030000e+002 -5.2500000e+001  9.1891185e-016  9.1891185e-016  2.3271419e-019
  9.3630000e+002  8.1030000e+002 -5.2500000e+001  9.1889400e-016  9.1891494e-016  3.7072378e-019
  1.1127000e+003  8.1030000e+002 -5.2500000e+001  9.1886676e-016  9.1888528e-016  2.0000268e-019
  1.0290000e+002  9.3630000e+002 -5.2500000e+001  9.1887233e-016  9.1887548e-016 -2.5121763e-020
  2.7930000e+002  9.3630000e+002 -5.2500000e+001  9.1887479e-016  9.1887479e-016 -2.9391466e-030
  4.0530000e+002  9.3630000e+002 -5.2500000e+001  9.1887366e-016  9.1887629e-016  6.0908600e-020
  4.9530000e+002  9.3630000e+002 -5.2500000e+001  9.1887703e-016  9.1888257e-016  1.0136150e-019
  5.7030000e+002  9.3630000e+002 -5.2500000e+001  9.1889240e-016  9.1888049e-016  1.3697646e-019
  6.4530000e+002  9.3630000e+002 -5.2500000e+001  9.1890929e-016  9.1887961e-016  1.9797728e-019
  7.2030000e+002  9.3630000e+002 -5.2500000e+001  9.1891944e-016  9.1889144e-016  2.7826545e-019
  8.1030000e+002  9.3630000e+002 -5.2500000e+001  9.1891494e-016  9.1889400e-016  3.7072378e-019
  9.3630000e+002  9.3630000e+002 -5.2500000e+001  9.1887440e-016  9.1887440e-016  4.1831827e-019
  1.1127000e+003  9.3630000e+002 -5.2500000e+001  9.1885625e-016  9.1885893e-016  1.9587871e-019
  1.0290000e+002  1.1127000e+003 -5.2500000e+001  9.1887192e-016  9.1887192e-016 -8.3449943e-031
  2.7930000e+002  1.1127000e+003 -5.2500000e+001  9.1887548e-016  9.1887233e-016  2.5121763e-020
  4.0530000e+002  1.1127000e+003 -5.2500000e+001  9.1887974e-016  9.1887394e-016  6.0505323e-020
  4.9530000e+002  1.1127000e+003 -5.2500000e+001  9.1888458e-016  9.1887691e-016  9.0659347e-020
  5.7030000e+002  1.1127000e+003 -5.2500000e+001  9.1889044e-016  9.1887813e-016  1.1806303e-019
  6.4530000e+002  1.1127000e+003 -5.2500000e+001  9.1889509e-016  9.1887682e-016  1.4748305e-019
  7.2030000e+002  1.1127000e+003 -5.2500000e+001  9.1889512e-016  9.1887352e-016  1.7552240e-019
  8.1030000e+002  1.1127000e+003 -5.2500000e+001  9.1888528e-016  9.1886676e-016  2.0000268e-019
  9.3630000e+002  1.1127000e+003 -5.2500000e+001  9.1885893e-016  9.1885625e-016  1.9587871e-019
  1.1127000e+003  1.1127000e+003 -5.2500000e+001  9.1885575e-016  9.1885575e-016  7.5275683e-020
  1.0290000e+002  1.0290000e+002 -1.4250000e+002  4.2327406e-016  4.2327406e-016  3.3271672e-020
  2.7930000e+002  1.0290000e+002 -1.4250000e+002  4.2327342e-016  4.2327322e-016 -1.0935895e-020
  4.0530000e+002  1.0290000e+002 -1.4250000e+002  4.2328203e-016  4.2327142e-016 -1.2434696e-020
  4.9530000e+002  1.0290000e+002 -1.4250000e+002  4.2328933e-016  4.2326918e-016 -6.2846214e-021
  5.7030000e+002  1.0290000e+002 -1.4250000e+002  4.2329495e-016  4.2326883e-016 -6.5739530e-022
  6.4530000e+002  1.0290000e+002 -1.4250000e+002  4.2329786e-016  4.2327357e-016  2.5336958e-021
  7.2030000e+002  1.0290000e+002 -1.4250000e+002  4.2329714e-016  4.2327845e-016  2.3021508e-021
  8.1030000e+002  1.0290000e+002 -1.4250000e+002  4.2329377e-016  4.2328054e-016  1.3354307e-021
  9.3630000e+002  1.0290000e+002 -1.4250000e+002  4.2328865e-016  4.2328047e-016  1.4488145e-021
  1.1127000e+003  1.0290000e+002 -1.4250000e+002  4.2328116e-016  4.2328116e-016  2.7436377e-031
  1.0290000e+002  2.7930000e+002 -1.4250000e+002  4.2327322e-016  4.2327342e-016 -1.0935895e-020
  2.7930000e+002  2.7930000e+002 -1.4250000e+002  4.2326765e-016  4.2326765e-016 -9.6670363e-020
  4.0530000e+002  2.7930000e+002 -1.4250000e+002  4.2327633e-016  4.2324888e-016 -5.8854336e-020
  4.9530000e+002  2.7930000e+002 -1.4250000e+002  4.2329327e-016  4.2321408e-016 -2.5941787e-021
  5.7030000e+002  2.7930000e+002 -1.4250000e+002  4.2332473e-016  4.2318218e-016  4.1481451e-020
  6.4530000e+002  2.7930000e+002 -1.4250000e+002  4.2334396e-016  4.2322901e-016  5.5690822e-020
  7.2030000e+002  2.7930000e+002 -1.4250000e+002  4.2333144e-016  4.2328449e-016  2.3861119e-020
  8.1030000e+002  2.7930000e+002 -1.4250000e+002  4.2330844e-016  4.2329550e-016 -7.5397446e-022
  9.3630000e+002  2.7930000e+002 -1.4250000e+002  4.2329092e-016  4.2329092e-016 -5.5833612e-031
  1.1127000e+003  2.7930000e+002 -1.4250000e+002  4.2328047e-016  4.2328865e-016 -1.4488145e-021
  1.0290000e+002  4.0530000e+002 -1.4250000e+002  4.2327142e-016  4.2328203e-016 -1.2434696e-020
  2.7930000e+002  4.0530000e+002 -1.4250000e+002  4.2324888e-016  4.2327633e-016 -5.8854336e-020
  4.0530000e+002  4.0530000e+002 -1.4250000e+002  4.2322368e-016  4.2322368e-016  7.4468074e-020
  4.9530000e+002  4.0530000e+002 -1.4250000e+002  4.2323721e-016  4.2302635e-016  2.6878826e-019
  5.7030000e+002  4.0530000e+002 -1.4250000e+002  4.2343666e-016  4.2265123e-016  4.4360446e-019
  6.4530000e+002  4.0530000e+002 -1.4250000e+002  4.2359509e-016  4.2293458e-016  4.8723706e-019
  7.2030000e+002  4.0530000e+002 -1.4250000e+002  4.2349260e-016  4.2336111e-016  1.4390972e-019
  8.1030000e+002  4.0530000e+002 -1.4250000e+002  4.2335517e-016  4.2335517e-016 -2.7172961e-030
  9.3630000e+002  4.0530000e+002 -1.4250000e+002  4.2329550e-016  4.2330844e-016  7.5397445e-022
  1.1127000e+003  4.0530000e+002 -1.4250000e+002  4.2328054e-016  4.2329377e-016 -1.3354307e-021
  1.0290000e+002  4.9530000e+002 -1.4250000e+002  4.2326918e-016  4.2328933e-016 -6.2846214e-021
  2.7930000e+002  4.9530000e+002 -1.4250000e+002  4.2321408e-016  4.2329327e-016 -2.5941787e-021
  4.0530000e+002  4.9530000e+002 -1.4250000e+002  4.2302635e-016  4.2323721e-016  2.6878826e-019
  4.9530000e+002  4.9530000e+002 -1.4250000e+002  4.2271512e-016  4.2271512e-016  7.6943838e-019
  5.7030000e+002  4.9530000e+002 -1.4250000e+002  4.2322919e-016  4.2094160e-016  1.1052400e-018
  6.4530000e+002  4.9530000e+002 -1.4250000e+002  4.2386421e-016  4.2163827e-016  1.6575452e-018
  7.2030000e+002  4.9530000e+002 -1.4250000e+002  4.2362592e-016  4.2362592e-016 -8.2623117e-030
  8.1030000e+002  4.9530000e+002 -1.4250000e+002  4.2336111e-016  4.2349260e-016 -1.4390972e-019
  9.3630000e+002  4.9530000e+002 -1.4250000e+002  4.2328449e-016  4.2333144e-016 -2.3861119e-020
  1.1127000e+003  4.9530000e+002 -1.4250000e+002  4.2327845e-016  4.2329714e-016 -2.3021508e-021
  1.0290000e+002  5.7030000e+002 -1.4250000e+002  4.2326883e-016  4.2329495e-016 -6.5739530e-022
  2.7930000e+002  5.7030000e+002 -1.4250000e+002  4.2318218e-016  4.2332473e-016  4.1481451e-020
  4.0530000e+002  5.7030000e+002 -1.4250000e+002  4.2265123e-016  4.2343666e-016  4.4360446e-019
  4.9530000e+002  5.7030000e+002 -1.4250000e+002  4.2094160e-016  4.2322919e-016  1.1052400e-018
  5.7030000e+002  5.7030000e+002 -1.4250000e+002  4.1977070e-016  4.1977070e-016  1.2134561e-020
  6.4530000e+002  5.7030000e+002 -1.4250000e+002  4.2022528e-016  4.2022528e-016 -1.9229339e-029
  7.2030000e+002  5.7030000e+002 -1.4250000e+002  4.2163827e-016  4.2386421e-016 -1.6575452e-018
  8.1030000e+002  5.7030000e+002 -1.4250000e+002  4.2293458e-016  4.2359509e-016 -4.8723706e-019
  9.3630000e+002  5.7030000e+002 -1.4250000e+002  4.2322901e-016  4.2334396e-016 -5.5690822e-020
  1.1127000e+003  5.7030000e+002 -1.4250000e+002  4.2327357e-016  4.2329786e-016 -2.5336958e-021
  1.0290000e+002  6.4530000e+002 -1.4250000e+002  4.2327357e-016  4.2329786e-016  2.5336958e-021
  2.7930000e+002  6.4530000e+002 -1.4250000e+002  4.2322901e-016  4.2334396e-016  5.5690822e-020
  4.0530000e+002  6.4530000e+002 -1.4250000e+002  4.2293458e-016  4.2359509e-016  4.8723706e-019
  4.9530000e+002  6.4530000e+002 -1.4250000e+002  4.2163827e-016  4.2386421e-016  1.6575452e-018
  5.7030000e+002  6.4530000e+002 -1.4250000e+002  4.2022528e-016  4.2022528e-016  3.3888001e-030
  6.4530000e+002  6.4530000e+002 -1.4250000e+002  4.1977070e-016  4.1977070e-016 -1.2134561e-020
  7.2030000e+002  6.4530000e+002 -1.4250000e+002  4.2094160e-016  4.2322919e-016 -1.1052400e-018
  8.1030000e+002  6.4530000e+002 -1.4250000e+002  4.2265123e-016  4.2343666e-016 -4.4360446e-019
  9.3630000e+002  6.4530000e+002 -1.4250000e+002  4.2318218e-016  4.2332473e-016 -4.1481451e-020
  1.1127000e+003  6.4530000e+002 -1.4250000e+002  4.2326883e-016  4.2329495e-016  6.5739530e-022
  1.0290000e+002  7.2030000e+002 -1.4250000e+002  4.2327845e-016  4.2329714e-016  2.3021508e-021
  2.7930000e+002  7.2030000e+002 -1.4250000e+002  4.2328449e-016  4.2333144e-016  2.3861119e-020
  4.0530000e+002  7.2030000e+002 -1.4250000e+002  4.2336111e-016  4.2349260e-016  1.4390972e-019
  4.9530000e+002  7.2030000e+002 -1.4250000e+002  4.2362592e-016  4.2362592e-016  1.8265760e-030
  5.7030000e+002  7.2030000e+002 -1.4250000e+002  4.2386421e-016  4.2163827e-016 -1.6575452e-018
  6.4530000e+002  7.2030000e+002 -1.4250000e+002  4.2322919e-016  4.2094160e-016 -1.1052400e-018
  7.2030000e+002  7.2030000e+002 -1.4250000e+002  4.2271512e-016  4.2271512e-016 -7.6943838e-019
  8.1030000e+002  7.2030000e+002 -1.4250000e+002  4.2302635e-016  4.2323721e-016 -2.6878826e-019
  9.3630000e+002  7.2030000e+002 -1.4250000e+002  4.2321408e-016  4.2329327e-016  2.5941787e-021
  1.1127000e+003  7.2030000e+002 -1.4250000e+002  4.2326918e-016  4.2328933e-016  6.2846214e-021
  1.0290000e+002  8.1030000e+002 -1.4250000e+002  4.2328054e-016  4.2329377e-016  1.3354307e-021
  2.7930000e+002  8.1030000e+002 -1.4250000e+002  4.2329550e-016  4.2330844e-016 -7.5397446e-022
  4.0530000e+002  8.1030000e+002 -1.4250000e+002  4.2335517e-016  4.2335517e-016  4.3346965e-032
  4.9530000e+002  8.1030000e+002 -1.4250000e+002  4.2349260e-016  4.2336111e-016 -1.4390972e-019
  5.7030000e+002  8.1030000e+002 -1.4250000e+002  4.2359509e-016  4.2293458e-016 -4.8723706e-019
  6.4530000e+002  8.1030000e+002 -1.4250000e+002  4.2343666e-016  4.2265123e-016 -4.4360446e-019
  7.2030000e+002  8.1030000e+002 -1.4250000e+002  4.2323721e-016  4.2302635e-016 -2.6878826e-019
  8.1030000e+002  8.1030000e+002 -1.4250000e+002  4.2322368e-016  4.2322368e-016 -7.4468074e-020
  9.3630000e+002  8.1030000e+002 -1.4250000e+002  4.2324888e-016  4.2327633e-016  5.8854336e-020
  1.1127000e+003  8.1030000e+002 -1.4250000e+002  4.2327142e-016  4.2328203e-016  1.2434696e-020
  1.0290000e+002  9.3630000e+002 -1.4250000e+002  4.2328047e-016  4.2328865e-016  1.4488145e-021
  2.7930000e+002  9.3630000e+002 -1.4250000e+002  4.2329092e-016  4.2329092e-016 -1.0512749e-030
  4.0530000e+002  9.3630000e+002 -1.4250000e+002  4.2330844e-016  4.2329550e-016  7.5397446e-022
  4.9530000e+002  9.3630000e+002 -1.4250000e+002  4.2333144e-016  4.2328449e-016 -2.3861119e-020
  5.7030000e+002  9.3630000e+002 -1.4250000e+002  4.2334396e-016  4.2322901e-016 -5.5690822e-020
  6.4530000e+002  9.3630000e+002 -1.4250000e+002  4.2332473e-016  4.2318218e-016 -4.1481451e-020
  7.2030000e+002  9.3630000e+002 -1.4250000e+002  4.2329327e-016  4.2321408e-016  2.5941787e-021
  8.1030000e+002  9.3630000e+002 -1.4250000e+002  4.2327633e-016  4.2324888e-016  5.8854336e-020
  9.3630000e+002  9.3630000e+002 -1.4250000e+002  4.2326765e-016  4.2326765e-016  9.6670363e-020
  1.1127000e+003  9.3630000e+002 -1.4250000e+002  4.2327322e-016  4.2327342e-016  1.0935895e-020
  1.0290000e+002  1.1127000e+003 -1.4250000e+002  4.2328116e-016  4.2328116e-016 -6.1795418e-031
  2.7930000e+002  1.1127000e+003 -1.4250000e+002  4.2328865e-016  4.2328047e-016 -1.4488145e-021
  4.0530000e+002  1.1127000e+003 -1.4250000e+002  4.2329377e-016  4.2328054e-016 -1.3354307e-021
  4.9530000e+002  1.1127000e+003 -1.4250000e+002  4.2329714e-016  4.2327845e-016 -2.3021508e-021
  5.7030000e+002  1.1127000e+003 -1.4250000e+002  4.2329786e-016  4.2327357e-016 -2.5336958e-021
  6.4530000e+002  1.1127000e+003 -1.4250000e+002  4.2329495e-016  4.2326883e-016  6.5739530e-022
  7.2030000e+002  1.1127000e+003 -1.4250000e+002  4.2328933e-016  4.2326918e-016  6.2846214e-021
  8.1030000e+002  1.1127000e+003 -1.4250000e+002  4.2328203e-016  4.2327142e-016  1.2434696e-020
  9.3630000e+002  1.1127000e+003 -1.4250000e+002  4.2327342e-016  4.2327322e-016  1.0935895e-020
  1.1127000e+003  1.1127000e+003 -1.4250000e+002  4.2327406e-016  4.2327406e-016 -3.3271672e-020
  1.0290000e+002  1.0290000e+002 -2.1750000e+002  1.0283803e-002  1.0283803e-002  1.2720387e-006
  2.7930000e+002  1.0290000e+002 -2.1750000e+002  1.0278532e-002  1.0279114e-002  5.0987808e-006
  4.0530000e+002  1.0290000e+002 -2.1750000e+002  1.0281555e-002  1.0268121e-002  6.3636024e-006
  4.9530000e+002  1.0290000e+002 -2.1750000e+002  1.0293516e-002  1.0260863e-002  6.4646573e-006
  5.7030000e+002  1.0290000e+002 -2.1750000e+002  1.0308382e-002  1.0259549e-002  5.9560536e-006
  6.4530000e+002  1.0290000e+002 -2.1750000e+002  1.0321487e-002  1.0265952e-002  4.9757889e-006
  7.2030000e+002  1.0290000e+002 -2.1750000e+002  1.0327748e-002  1.0275824e-002  3.7195542e-006
  8.1030000e+002  1.0290000e+002 -2.1750000e+002  1.0325616e-002  1.0283976e-002  2.1761725e-006
  9.3630000e+002  1.0290000e+002 -2.1750000e+002  1.0316264e-002  1.0287504e-002  6.2004649e-007
  1.1127000e+003  1.0290000e+002 -2.1750000e+002  1.0293725e-002  1.0293725e-002  3.4900404e-017
  1.0290000e+002  2.7930000e+002 -2.1750000e+002  1.0279114e-002  1.0278532e-002  5.0987808e-006
  2.7930000e+002  2.7930000e+002 -2.1750000e+002  1.0248596e-002  1.0248596e-002  1.3108852e-005
  4.0530000e+002  2.7930000e+002 -2.1750000e+002  1.0242237e-002  1.0195405e-002  1.2793843e-005
  4.9530000e+002  2.7930000e+002 -2.1750000e+002  1.0270831e-002  1.0148311e-002  9.4317245e-006
  5.7030000e+002  2.7930000e+002 -2.1750000e+002  1.0331471e-002  1.0116754e-002  8.0525812e-006
  6.4530000e+002  2.7930000e+002 -2.1750000e+002  1.0385622e-002  1.0183988e-002  6.8190503e-006
  7.2030000e+002  2.7930000e+002 -2.1750000e+002  1.0385216e-002  1.0281449e-002  4.0089034e-006
  8.1030000e+002  2.7930000e+002 -2.1750000e+002  1.0347614e-002  1.0309989e-002  2.3700925e-006
  9.3630000e+002  2.7930000e+002 -2.1750000e+002  1.0311968e-002  1.0311968e-002  2.8861801e-017
  1.1127000e+003  2.7930000e+002 -2.1750000e+002  1.0287504e-002  1.0316264e-002 -6.2004649e-007
  1.0290000e+002  4.0530000e+002 -2.1750000e+002  1.0268121e-002  1.0281555e-002  6.3636024e-006
  2.7930000e+002  4.0530000e+002 -2.1750000e+002  1.0195405e-002  1.0242237e-002  1.2793843e-005
  4.0530000e+002  4.0530000e+002 -2.1750000e+002  1.0156424e-002  1.0156424e-002  6.8885351e-006
  4.9530000e+002  4.0530000e+002 -2.1750000e+002  1.0223134e-002  9.9731523e-003  9.4277705e-006
  5.7030000e+002  4.0530000e+002 -2.1750000e+002  1.0732956e-002  9.2531143e-003  1.1337521e-004
  6.4530000e+002  4.0530000e+002 -2.1750000e+002  1.1214081e-002  9.9244580e-003  1.1113186e-004
  7.2030000e+002  4.0530000e+002 -2.1750000e+002  1.0908549e-002  1.0786636e-002  4.3412120e-006
  8.1030000e+002  4.0530000e+002 -2.1750000e+002  1.0447866e-002  1.0447866e-002 -3.8190174e-017
  9.3630000e+002  4.0530000e+002 -2.1750000e+002  1.0309989e-002  1.0347614e-002 -2.3700925e-006
  1.1127000e+003  4.0530000e+002 -2.1750000e+002  1.0283976e-002  1.0325616e-002 -2.1761725e-006
  1.0290000e+002  4.9530000e+002 -2.1750000e+002  1.0260863e-002  1.0293516e-002  6.4646573e-006
  2.7930000e+002  4.9530000e+002 -2.1750000e+002  1.0148311e-002  1.0270831e-002  9.4317245e-006
  4.0530000e+002  4.9530000e+002 -2.1750000e+002  9.9731523e-003  1.0223134e-002  9.4277705e-006
  4.9530000e+002  4.9530000e+002 -2.1750000e+002  9.6788629e-003  9.6788629e-003  3.6189242e-004
  5.7030000e+002  4.9530000e+002 -2.1750000e+002  1.3166392e-002  3.0964654e-003  1.7158419e-003
  6.4530000e+002  4.9530000e+002 -2.1750000e+002  1.6693074e-002  8.5512925e-003  1.2994055e-003
  7.2030000e+002  4.9530000e+002 -2.1750000e+002  1.3909777e-002  1.3909777e-002 -7.3996798e-018
  8.1030000e+002  4.9530000e+002 -2.1750000e+002  1.0786636e-002  1.0908549e-002 -4.3412120e-006
  9.3630000e+002  4.9530000e+002 -2.1750000e+002  1.0281449e-002  1.0385216e-002 -4.0089034e-006
  1.1127000e+003  4.9530000e+002 -2.1750000e+002  1.0275824e-002  1.0327748e-002 -3.7195542e-006
  1.0290000e+002  5.7030000e+002 -2.1750000e+002  1.0259549e-002  1.0308382e-002  5.9560536e-006
  2.7930000e+002  5.7030000e+002 -2.1750000e+002  1.0116754e-002  1.0331471e-002  8.0525812e-006
  4.0530000e+002  5.7030000e+002 -2.1750000e+002  9.2531143e-003  1.0732956e-002  1.1337521e-004
  4.9530000e+002  5.7030000e+002 -2.1750000e+002  3.0964654e-003  1.3166392e-002  1.7158419e-003
  5.7030000e+002  5.7030000e+002 -2.1750000e+002 -4.3395324e-003 -4.3395324e-003  4.1033609e-003
  6.4530000e+002  5.7030000e+002 -2.1750000e+002  5.0123404e-004  5.0123404e-004  1.5200514e-015
  7.2030000e+002  5.7030000e+002 -2.1750000e+002  8.5512925e-003  1.6693074e-002 -1.2994055e-003
  8.1030000e+002  5.7030000e+002 -2.1750000e+002  9.9244580e-003  1.1214081e-002 -1.1113186e-004
  9.3630000e+002  5.7030000e+002 -2.1750000e+002  1.0183988e-002  1.0385622e-002 -6.8190503e-006
  1.1127000e+003  5.7030000e+002 -2.1750000e+002  1.0265952e-002  1.0321487e-002 -4.9757889e-006
  1.0290000e+002  6.4530000e+002 -2.1750000e+002  1.0265952e-002  1.0321487e-002  4.9757889e-006
  2.7930000e+002  6.4530000e+002 -2.1750000e+002  1.0183988e-002  1.0385622e-002  6.8190503e-006
  4.0530000e+002  6.4530000e+002 -2.1750000e+002  9.9244580e-003  1.1214081e-002  1.1113186e-004
  4.9530000e+002  6.4530000e+002 -2.1750000e+002  8.5512925e-003  1.6693074e-002  1.2994055e-003
  5.7030000e+002  6.4530000e+002 -2.1750000e+002  5.0123404e-004  5.0123404e-004  3.7730236e-016
  6.4530000e+002  6.4530000e+002 -2.1750000e+002 -4.3395324e-003 -4.3395324e-003 -4.1033609e-003
  7.2030000e+002  6.4530000e+002 -2.1750000e+002  3.0964654e-003  1.3166392e-002 -1.7158419e-003
  8.1030000e+002  6.4530000e+002 -2.1750000e+002  9.2531143e-003  1.0732956e-002 -1.1337521e-004
  9.3630000e+002  6.4530000e+002 -2.1750000e+002  1.0116754e-002  1.0331471e-002 -8.0525812e-006
  1.1127000e+003  6.4530000e+002 -2.1750000e+002  1.0259549e-002  1.0308382e-002 -5.9560536e-006
  1.0290000e+002  7.2030000e+002 -2.1750000e+002  1.0275824e-002  1.0327748e-002  3.7195542e-006
  2.7930000e+002  7.2030000e+002 -2.1750000e+002  1.0281449e-002  1.0385216e-002  4.0089034e-006
  4.0530000e+002  7.2030000e+002 -2.1750000e+002  1.0786636e-002  1.0908549e-002  4.3412120e-006
  4.9530000e+002  7.2030000e+002 -2.1750000e+002  1.3909777e-002  1.3909777e-002  2.4611389e-017
  5.7030000e+002  7.2030000e+002 -2.1750000e+002  1.6693074e-002  8.5512925e-003 -1.2994055e-003
  6.4530000e+002  7.2030000e+002 -2.1750000e+002  1.3166392e-002  3.0964654e-003 -1.7158419e-003
  7.2030000e+002  7.2030000e+002 -2.1750000e+002  9.6788629e-003  9.6788629e-003 -3.6189242e-004
  8.1030000e+002  7.2030000e+002 -2.1750000e+002  9.9731523e-003  1.0223134e-002 -9.4277705e-006
  9.3630000e+002  7.2030000e+002 -2.1750000e+002  1.0148311e-002  1.0270831e-002 -9.4317245e-006
  1.1127000e+003  7.2030000e+002 -2.1750000e+002  1.0260863e-002  1.0293516e-002 -6.4646573e-006
  1.0290000e+002  8.1030000e+002 -2.1750000e+002  1.0283976e-002  1.0325616e-002  2.1761725e-006
  2.7930000e+002  8.1030000e+002 -2.1750000e+002  1.0309989e-002  1.0347614e-002  2.3700925e-006
  4.0530000e+002  8.1030000e+002 -2.1750000e+002  1.0447866e-002  1.0447866e-002 -2.5029824e-019
  4.9530000e+002  8.1030000e+002 -2.1750000e+002  1.0908549e-002  1.0786636e-002 -4.3412120e-006
  5.7030000e+002  8.1030000e+002 -2.1750000e+002  1.1214081e-002  9.9244580e-003 -1.1113186e-004
  6.4530000e+002  8.1030000e+002 -2.1750000e+002  1.0732956e-002  9.2531143e-003 -1.1337521e-004
  7.2030000e+002  8.1030000e+002 -2.1750000e+002  1.0223134e-002  9.9731523e-003 -9.4277705e-006
  8.1030000e+002  8.1030000e+002 -2.1750000e+002  1.0156424e-002  1.0156424e-002 -6.8885351e-006
  9.3630000e+002  8.1030000e+002 -2.1750000e+002  1.0195405e-002  1.0242237e-002 -1.2793843e-005
  1.1127000e+003  8.1030000e+002 -2.1750000e+002  1.0268121e-002  1.0281555e-002 -6.3636024e-006
  1.0290000e+002  9.3630000e+002 -2.1750000e+002  1.0287504e-002  1.0316264e-002  6.2004649e-007
  2.7930000e+002  9.3630000e+002 -2.1750000e+002  1.0311968e-002  1.0311968e-002  1.0875056e-017
  4.0530000e+002  9.3630000e+002 -2.1750000e+002  1.0347614e-002  1.0309989e-002 -2.3700925e-006
  4.9530000e+002  9.3630000e+002 -2.1750000e+002  1.0385216e-002  1.0281449e-002 -4.0089034e-006
  5.7030000e+002  9.3630000e+002 -2.1750000e+002  1.0385622e-002  1.0183988e-002 -6.8190503e-006
  6.4530000e+002  9.3630000e+002 -2.1750000e+002  1.0331471e-002  1.0116754e-002 -8.0525812e-006
  7.2030000e+002  9.3630000e+002 -2.1750000e+002  1.0270831e-002  1.0148311e-002 -9.4317245e-006
  8.1030000e+002  9.3630000e+002 -2.1750000e+002  1.0242237e-002  1.0195405e-002 -1.2793843e-005
  9.3630000e+002  9.3630000e+002 -2.1750000e+002  1.0248596e-002  1.0248596e-002 -1.3108852e-005
  1.1127000e+003  9.3630000e+002 -2.1750000e+002  1.0279114e-002  1.0278532e-002 -5.0987808e-006
  1.0290000e+002  1.1127000e+003 -2.1750000e+002  1.0293725e-002  1.0293725e-002 -1.1396511e-017
  2.7930000e+002  1.1127000e+003 -2.1750000e+002  1.0316264e-002  1.0287504e-002 -6.2004649e-007
  4.0530000e+002  1.1127000e+003 -2.1750000e+002  1.0325616e-002  1.0283976e-002 -2.1761725e-006
  4.9530000e+002  1.1127000e+003 -2.1750000e+002  1.0327748e-002  1.0275824e-002 -3.7195542e-006
  5.7030000e+002  1.1127000e+003 -2.1750000e+002  1.0321487e-002  1.0265952e-002 -4.9757889e-006
  6.4530000e+002  1.1127000e+003 -2.1750000e+002  1.0308382e-002  1.0259549e-002 -5.9560536e-006
  7.2030000e+002  1.1127000e+003 -2.1750000e+002  1.0293516e-002  1.0260863e-002 -6.4646573e-006
  8.1030000e+002  1.1127000e+003 -2.1750000e+002  1.0281555e-002  1.0268121e-002 -6.3636024e-006
  9.3630000e+002  1.1127000e+003 -2.1750000e+002  1.0278532e-002  1.0279114e-002 -5.0987808e-006
  1.1127000e+003  1.1127000e+003 -2.1750000e+002  1.0283803e-002  1.0283803e-002 -1.2720387e-006
  1.0290000e+002  1.0290000e+002 -2.9250000e+002 -6.8769491e-003 -6.8769491e-003  4.9819469e-006
  2.7930000e+002  1.0290000e+002 -2.9250000e+002 -6.8784267e-003 -6.8768414e-003  1.0950462e-005
  4.0530000e+002  1.0290000e+002 -2.9250000e+002 -6.8720542e-003 -6.8760842e-003  1.3318593e-005
  4.9530000e+002  1.0290000e+002 -2.9250000e+002 -6.8659873e-003 -6.8752284e-003  1.3425660e-005
  5.7030000e+002  1.0290000e+002 -2.9250000e+002 -6.8609643e-003 -6.8747598e-003  1.2382660e-005
  6.4530000e+002  1.0290000e+002 -2.9250000e+002 -6.8569456e-003 -6.8752616e-003  1.0449589e-005
  7.2030000e+002  1.0290000e+002 -2.9250000e+002 -6.8546398e-003 -6.8758455e-003  7.9962047e-006
  8.1030000e+002  1.0290000e+002 -2.9250000e+002 -6.8546672e-003 -6.8759701e-003  4.9400573e-006
  9.3630000e+002  1.0290000e+002 -2.9250000e+002 -6.8575720e-003 -6.8757246e-003  1.7005265e-006
  1.1127000e+003  1.0290000e+002 -2.9250000e+002 -6.8700696e-003 -6.8700696e-003  6.7187606e-017
  1.0290000e+002  2.7930000e+002 -2.9250000e+002 -6.8768414e-003 -6.8784267e-003  1.0950462e-005
  2.7930000e+002  2.7930000e+002 -2.9250000e+002 -6.8833414e-003 -6.8833414e-003  2.2331073e-005
  4.0530000e+002  2.7930000e+002 -2.9250000e+002 -6.8769830e-003 -6.8881398e-003  2.2157124e-005
  4.9530000e+002  2.7930000e+002 -2.9250000e+002 -6.8733598e-003 -6.8900565e-003  1.6775302e-005
  5.7030000e+002  2.7930000e+002 -2.9250000e+002 -6.8720537e-003 -6.8844660e-003  1.2927063e-005
  6.4530000e+002  2.7930000e+002 -2.9250000e+002 -6.8699339e-003 -6.8841578e-003  1.0534013e-005
  7.2030000e+002  2.7930000e+002 -2.9250000e+002 -6.8669341e-003 -6.8817127e-003  7.1087060e-006
  8.1030000e+002  2.7930000e+002 -2.9250000e+002 -6.8665019e-003 -6.8731317e-003  4.1261271e-006
  9.3630000e+002  2.7930000e+002 -2.9250000e+002 -6.8690849e-003 -6.8690849e-003  6.2710931e-017
  1.1127000e+003  2.7930000e+002 -2.9250000e+002 -6.8757246e-003 -6.8575720e-003 -1.7005265e-006
  1.0290000e+002  4.0530000e+002 -2.9250000e+002 -6.8760842e-003 -6.8720542e-003  1.3318593e-005
  2.7930000e+002  4.0530000e+002 -2.9250000e+002 -6.8881398e-003 -6.8769830e-003  2.2157124e-005
  4.0530000e+002  4.0530000e+002 -2.9250000e+002 -6.8848479e-003 -6.8848479e-003  1.3581036e-005
  4.9530000e+002  4.0530000e+002 -2.9250000e+002 -6.8828913e-003 -6.8692667e-003  3.6065260e-006
  5.7030000e+002  4.0530000e+002 -2.9250000e+002 -6.8487990e-003 -6.7622845e-003  1.1132893e-004
  6.4530000e+002  4.0530000e+002 -2.9250000e+002 -6.8133249e-003 -6.7376356e-003  1.1610709e-004
  7.2030000e+002  4.0530000e+002 -2.9250000e+002 -6.8451175e-003 -6.8246869e-003  2.6589954e-006
  8.1030000e+002  4.0530000e+002 -2.9250000e+002 -6.8755436e-003 -6.8755436e-003 -3.0552478e-017
  9.3630000e+002  4.0530000e+002 -2.9250000e+002 -6.8731317e-003 -6.8665019e-003 -4.1261271e-006
  1.1127000e+003  4.0530000e+002 -2.9250000e+002 -6.8759701e-003 -6.8546672e-003 -4.9400573e-006
  1.0290000e+002  4.9530000e+002 -2.9250000e+002 -6.8752284e-003 -6.8659873e-003  1.3425660e-005
  2.7930000e+002  4.9530000e+002 -2.9250000e+002 -6.8900565e-003 -6.8733598e-003  1.6775302e-005
  4.0530000e+002  4.9530000e+002 -2.9250000e+002 -6.8692667e-003 -6.8828913e-003  3.6065260e-006
  4.9530000e+002  4.9530000e+002 -2.9250000e+002 -6.6713836e-003 -6.6713836e-003  3.6562166e-004
  5.7030000e+002  4.9530000e+002 -2.9250000e+002 -5.8645138e-003 -5.7364130e-003  1.8944320e-003
  6.4530000e+002  4.9530000e+002 -2.9250000e+002 -5.4146080e-003 -5.2913669e-003  1.4745623e-003
  7.2030000e+002  4.9530000e+002 -2.9250000e+002 -6.1798767e-003 -6.1798767e-003  1.2888665e-017
  8.1030000e+002  4.9530000e+002 -2.9250000e+002 -6.8246869e-003 -6.8451175e-003 -2.6589954e-006
  9.3630000e+002  4.9530000e+002 -2.9250000e+002 -6.8817127e-003 -6.8669341e-003 -7.1087060e-006
  1.1127000e+003  4.9530000e+002 -2.9250000e+002 -6.8758455e-003 -6.8546398e-003 -7.9962047e-006
  1.0290000e+002  5.7030000e+002 -2.9250000e+002 -6.8747598e-003 -6.8609643e-003  1.2382660e-005
  2.7930000e+002  5.7030000e+002 -2.9250000e+002 -6.8844660e-003 -6.8720537e-003  1.2927063e-005
  4.0530000e+002  5.7030000e+002 -2.9250000e+002 -6.7622845e-003 -6.8487990e-003  1.1132893e-004
  4.9530000e+002  5.7030000e+002 -2.9250000e+002 -5.7364130e-003 -5.8645138e-003  1.8944320e-003
  5.7030000e+002  5.7030000e+002 -2.9250000e+002 -2.9582109e-003 -2.9582109e-003  4.4692447e-003
  6.4530000e+002  5.7030000e+002 -2.9250000e+002 -2.5393541e-003 -2.5393541e-003  1.7155602e-015
  7.2030000e+002  5.7030000e+002 -2.9250000e+002 -5.2913669e-003 -5.4146080e-003 -1.4745623e-003
  8.1030000e+002  5.7030000e+002 -2.9250000e+002 -6.7376356e-003 -6.8133249e-003 -1.1610709e-004
  9.3630000e+002  5.7030000e+002 -2.9250000e+002 -6.8841578e-003 -6.8699339e-003 -1.0534013e-005
  1.1127000e+003  5.7030000e+002 -2.9250000e+002 -6.8752616e-003 -6.8569456e-003 -1.0449589e-005
  1.0290000e+002  6.4530000e+002 -2.9250000e+002 -6.8752616e-003 -6.8569456e-003  1.0449589e-005
  2.7930000e+002  6.4530000e+002 -2.9250000e+002 -6.8841578e-003 -6.8699339e-003  1.0534013e-005
  4.0530000e+002  6.4530000e+002 -2.9250000e+002 -6.7376356e-003 -6.8133249e-003  1.1610709e-004
  4.9530000e+002  6.4530000e+002 -2.9250000e+002 -5.2913669e-003 -5.4146080e-003  1.4745623e-003
  5.7030000e+002  6.4530000e+002 -2.9250000e+002 -2.5393541e-003 -2.5393541e-003  4.9604960e-016
  6.4530000e+002  6.4530000e+002 -2.9250000e+002 -2.9582109e-003 -2.9582109e-003 -4.4692447e-003
  7.2030000e+002  6.4530000e+002 -2.9250000e+002 -5.7364130e-003 -5.8645138e-003 -1.8944320e-003
  8.1030000e+002  6.4530000e+002 -2.9250000e+002 -6.7622845e-003 -6.8487990e-003 -1.1132893e-004
  9.3630000e+002  6.4530000e+002 -2.9250000e+002 -6.8844660e-003 -6.8720537e-003 -1.2927063e-005
  1.1127000e+003  6.4530000e+002 -2.9250000e+002 -6.8747598e-003 -6.8609643e-003 -1.2382660e-005
  1.0290000e+002  7.2030000e+002 -2.9250000e+002 -6.8758455e-003 -6.8546398e-003  7.9962047e-006
  2.7930000e+002  7.2030000e+002 -2.9250000e+002 -6.8817127e-003 -6.8669341e-003  7.1087060e-006
  4.0530000e+002  7.2030000e+002 -2.9250000e+002 -6.8246869e-003 -6.8451175e-003  2.6589954e-006
  4.9530000e+002  7.2030000e+002 -2.9250000e+002 -6.1798767e-003 -6.1798767e-003  3.2819774e-017
  5.7030000e+002  7.2030000e+002 -2.9250000e+002 -5.4146080e-003 -5.2913669e-003 -1.4745623e-003
  6.4530000e+002  7.2030000e+002 -2.9250000e+002 -5.8645138e-003 -5.7364130e-003 -1.8944320e-003
  7.2030000e+002  7.2030000e+002 -2.9250000e+002 -6.6713836e-003 -6.6713836e-003 -3.6562166e-004
  8.1030000e+002  7.2030000e+002 -2.9250000e+002 -6.8692667e-003 -6.8828913e-003 -3.6065260e-006
  9.3630000e+002  7.2030000e+002 -2.9250000e+002 -6.8900565e-003 -6.8733598e-003 -1.6775302e-005
  1.1127000e+003  7.2030000e+002 -2.9250000e+002 -6.8752284e-003 -6.8659873e-003 -1.3425660e-005
  1.0290000e+002  8.1030000e+002 -2.9250000e+002 -6.8759701e-003 -6.8546672e-003  4.9400573e-006
  2.7930000e+002  8.1030000e+002 -2.9250000e+002 -6.8731317e-003 -6.8665019e-003  4.1261271e-006
  4.0530000e+002  8.1030000e+002 -2.9250000e+002 -6.8755436e-003 -6.8755436e-003  1.7463702e-017
  4.9530000e+002  8.1030000e+002 -2.9250000e+002 -6.8451175e-003 -6.8246869e-003 -2.6589954e-006
  5.7030000e+002  8.1030000e+002 -2.9250000e+002 -6.8133249e-003 -6.7376356e-003 -1.1610709e-004
  6.4530000e+002  8.1030000e+002 -2.9250000e+002 -6.8487990e-003 -6.7622845e-003 -1.1132893e-004
  7.2030000e+002  8.1030000e+002 -2.9250000e+002 -6.8828913e-003 -6.8692667e-003 -3.6065260e-006
  8.1030000e+002  8.1030000e+002 -2.9250000e+002 -6.8848479e-003 -6.8848479e-003 -1.3581036e-005
  9.3630000e+002  8.1030000e+002 -2.9250000e+002 -6.8881398e-003 -6.8769830e-003 -2.2157124e-005
  1.1127000e+003  8.1030000e+002 -2.9250000e+002 -6.8760842e-003 -6.8720542e-003 -1.3318593e-005
  1.0290000e+002  9.3630000e+002 -2.9250000e+002 -6.8757246e-003 -6.8575720e-003  1.7005265e-006
  2.7930000e+002  9.3630000e+002 -2.9250000e+002 -6.8690849e-003 -6.8690849e-003  3.7856444e-017
  4.0530000e+002  9.3630000e+002 -2.9250000e+002 -6.8665019e-003 -6.8731317e-003 -4.1261271e-006
  4.9530000e+002  9.3630000e+002 -2.9250000e+002 -6.8669341e-003 -6.8817127e-003 -7.1087060e-006
  5.7030000e+002  9.3630000e+002 -2.9250000e+002 -6.8699339e-003 -6.8841578e-003 -1.0534013e-005
  6.4530000e+002  9.3630000e+002 -2.9250000e+002 -6.8720537e-003 -6.8844660e-003 -1.2927063e-005
  7.2030000e+002  9.3630000e+002 -2.9250000e+002 -6.8733598e-003 -6.8900565e-003 -1.6775302e-005
  8.1030000e+002  9.3630000e+002 -2.9250000e+002 -6.8769830e-003 -6.8881398e-003 -2.2157124e-005
  9.3630000e+002  9.3630000e+002 -2.9250000e+002 -6.8833414e-003 -6.8833414e-003 -2.2331073e-005
  1.1127000e+003  9.3630000e+002 -2.9250000e+002 -6.8768414e-003 -6.8784267e-003 -1.0950462e-005
  1.0290000e+002  1.1127000e+003 -2.9250000e+002 -6.8700696e-003 -6.8700696e-003 -1.0048987e-018
  2.7930000e+002  1.1127000e+003 -2.9250000e+002 -6.8575720e-003 -6.8757246e-003 -1.7005265e-006
  4.0530000e+002  1.1127000e+003 -2.9250000e+002 -6.8546672e-003 -6.8759701e-003 -4.9400573e-006
  4.9530000e+002  1.1127000e+003 -2.9250000e+002 -6.8546398e-003 -6.8758455e-003 -7.9962047e-006
  5.7030000e+002  1.1127000e+003 -2.9250000e+002 -6.8569456e-003 -6.8752616e-003 -1.0449589e-005
  6.4530000e+002  1.1127000e+003 -2.9250000e+002 -6.8609643e-003 -6.8747598e-003 -1.2382660e-005
  7.2030000e+002  1.1127000e+003 -2.9250000e+002 -6.8659873e-003 -6.8752284e-003 -1.3425660e-005
  8.1030000e+002  1.1127000e+003 -2.9250000e+002 -6.8720542e-003 -6.8760842e-003 -1.3318593e-005
  9.3630000e+002  1.1127000e+003 -2.9250000e+002 -6.8784267e-003 -6.8768414e-003 -1.0950462e-005
  1.1127000e+003  1.1127000e+003 -2.9250000e+002 -6.8769491e-003 -6.8769491e-003 -4.9819469e-006
  1.0290000e+002  1.0290000e+002 -3.6750000e+002 -6.6743796e-004 -6.6743796e-004  9.2005789e-006
  2.7930000e+002  1.0290000e+002 -3.6750000e+002 -6.6774184e-004 -6.6698649e-004  1.1662397e-005
  4.0530000e+002  1.0290000e+002 -3.6750000e+002 -6.6206142e-004 -6.6596904e-004  1.3641965e-005
  4.9530000e+002  1.0290000e+002 -3.6750000e+002 -6.5749865e-004 -6.6514780e-004  1.3599107e-005
  5.7030000e+002  1.0290000e+002 -3.6750000e+002 -6.5413680e-004 -6.6497562e-004  1.2593321e-005
  6.4530000e+002  1.0290000e+002 -3.6750000e+002 -6.5159162e-004 -6.6556141e-004  1.0810465e-005
  7.2030000e+002  1.0290000e+002 -3.6750000e+002 -6.5010478e-004 -6.6640066e-004  8.5631781e-006
  8.1030000e+002  1.0290000e+002 -3.6750000e+002 -6.4993078e-004 -6.6710488e-004  5.7159347e-006
  9.3630000e+002  1.0290000e+002 -3.6750000e+002 -6.5161432e-004 -6.6722370e-004  2.4242153e-006
  1.1127000e+003  1.0290000e+002 -3.6750000e+002 -6.6200875e-004 -6.6200875e-004  7.8937965e-017
  1.0290000e+002  2.7930000e+002 -3.6750000e+002 -6.6698649e-004 -6.6774184e-004  1.1662397e-005
  2.7930000e+002  2.7930000e+002 -3.6750000e+002 -6.7013602e-004 -6.7013602e-004  1.4609410e-005
  4.0530000e+002  2.7930000e+002 -3.6750000e+002 -6.6463618e-004 -6.7018586e-004  1.5028191e-005
  4.9530000e+002  2.7930000e+002 -3.6750000e+002 -6.6279521e-004 -6.6978477e-004  1.2344717e-005
  5.7030000e+002  2.7930000e+002 -3.6750000e+002 -6.6377072e-004 -6.6867526e-004  8.7655802e-006
  6.4530000e+002  2.7930000e+002 -3.6750000e+002 -6.6472006e-004 -6.6940528e-004  6.6342441e-006
  7.2030000e+002  2.7930000e+002 -3.6750000e+002 -6.6366407e-004 -6.6835925e-004  5.2576842e-006
  8.1030000e+002  2.7930000e+002 -3.6750000e+002 -6.6264619e-004 -6.6456854e-004  2.8504538e-006
  9.3630000e+002  2.7930000e+002 -3.6750000e+002 -6.6295078e-004 -6.6295078e-004  4.2250850e-017
  1.1127000e+003  2.7930000e+002 -3.6750000e+002 -6.6722370e-004 -6.5161432e-004 -2.4242153e-006
  1.0290000e+002  4.0530000e+002 -3.6750000e+002 -6.6596904e-004 -6.6206142e-004  1.3641965e-005
  2.7930000e+002  4.0530000e+002 -3.6750000e+002 -6.7018586e-004 -6.6463618e-004  1.5028191e-005
  4.0530000e+002  4.0530000e+002 -3.6750000e+002 -6.6477745e-004 -6.6477745e-004  1.2531114e-005
  4.9530000e+002  4.0530000e+002 -3.6750000e+002 -6.7042401e-004 -6.6805065e-004 -3.4966869e-006
  5.7030000e+002  4.0530000e+002 -3.6750000e+002 -6.8819823e-004 -6.4896375e-004 -3.7605696e-006
  6.4530000e+002  4.0530000e+002 -3.6750000e+002 -6.9677207e-004 -6.6373076e-004  3.8792175e-006
  7.2030000e+002  4.0530000e+002 -3.6750000e+002 -6.8446374e-004 -6.8442864e-004 -1.2223634e-006
  8.1030000e+002  4.0530000e+002 -3.6750000e+002 -6.6925290e-004 -6.6925290e-004  8.3912166e-017
  9.3630000e+002  4.0530000e+002 -3.6750000e+002 -6.6456854e-004 -6.6264619e-004 -2.8504538e-006
  1.1127000e+003  4.0530000e+002 -3.6750000e+002 -6.6710488e-004 -6.4993078e-004 -5.7159347e-006
  1.0290000e+002  4.9530000e+002 -3.6750000e+002 -6.6514780e-004 -6.5749865e-004  1.3599107e-005
  2.7930000e+002  4.9530000e+002 -3.6750000e+002 -6.6978477e-004 -6.6279521e-004  1.2344717e-005
  4.0530000e+002  4.9530000e+002 -3.6750000e+002 -6.6805065e-004 -6.7042401e-004 -3.4966869e-006
  4.9530000e+002  4.9530000e+002 -3.6750000e+002 -6.6387568e-004 -6.6387568e-004 -6.2157010e-006
  5.7030000e+002  4.9530000e+002 -3.6750000e+002 -6.3875075e-004 -4.6427366e-004  1.6987939e-004
  6.4530000e+002  4.9530000e+002 -3.6750000e+002 -6.3292833e-004 -4.7440282e-004  1.7781245e-004
  7.2030000e+002  4.9530000e+002 -3.6750000e+002 -6.7295723e-004 -6.7295723e-004  8.3327925e-017
  8.1030000e+002  4.9530000e+002 -3.6750000e+002 -6.8442864e-004 -6.8446374e-004  1.2223634e-006
  9.3630000e+002  4.9530000e+002 -3.6750000e+002 -6.6835925e-004 -6.6366407e-004 -5.2576842e-006
  1.1127000e+003  4.9530000e+002 -3.6750000e+002 -6.6640066e-004 -6.5010478e-004 -8.5631781e-006
  1.0290000e+002  5.7030000e+002 -3.6750000e+002 -6.6497562e-004 -6.5413680e-004  1.2593321e-005
  2.7930000e+002  5.7030000e+002 -3.6750000e+002 -6.6867526e-004 -6.6377072e-004  8.7655802e-006
  4.0530000e+002  5.7030000e+002 -3.6750000e+002 -6.4896375e-004 -6.8819823e-004 -3.7605696e-006
  4.9530000e+002  5.7030000e+002 -3.6750000e+002 -4.6427366e-004 -6.3875075e-004  1.6987939e-004
  5.7030000e+002  5.7030000e+002 -3.6750000e+002 -1.0843803e-004 -1.0843803e-004  3.5812226e-004
  6.4530000e+002  5.7030000e+002 -3.6750000e+002 -1.0552574e-004 -1.0552574e-004  2.9743731e-016
  7.2030000e+002  5.7030000e+002 -3.6750000e+002 -4.7440282e-004 -6.3292833e-004 -1.7781245e-004
  8.1030000e+002  5.7030000e+002 -3.6750000e+002 -6.6373076e-004 -6.9677207e-004 -3.8792175e-006
  9.3630000e+002  5.7030000e+002 -3.6750000e+002 -6.6940528e-004 -6.6472006e-004 -6.6342441e-006
  1.1127000e+003  5.7030000e+002 -3.6750000e+002 -6.6556141e-004 -6.5159162e-004 -1.0810465e-005
  1.0290000e+002  6.4530000e+002 -3.6750000e+002 -6.6556141e-004 -6.5159162e-004  1.0810465e-005
  2.7930000e+002  6.4530000e+002 -3.6750000e+002 -6.6940528e-004 -6.6472006e-004  6.6342441e-006
  4.0530000e+002  6.4530000e+002 -3.6750000e+002 -6.6373076e-004 -6.9677207e-004  3.8792175e-006
  4.9530000e+002  6.4530000e+002 -3.6750000e+002 -4.7440282e-004 -6.3292833e-004  1.7781245e-004
  5.7030000e+002  6.4530000e+002 -3.6750000e+002 -1.0552574e-004 -1.0552574e-004  2.2654574e-016
  6.4530000e+002  6.4530000e+002 -3.6750000e+002 -1.0843803e-004 -1.0843803e-004 -3.5812226e-004
  7.2030000e+002  6.4530000e+002 -3.6750000e+002 -4.6427366e-004 -6.3875075e-004 -1.6987939e-004
  8.1030000e+002  6.4530000e+002 -3.6750000e+002 -6.4896375e-004 -6.8819823e-004  3.7605696e-006
  9.3630000e+002  6.4530000e+002 -3.6750000e+002 -6.6867526e-004 -6.6377072e-004 -8.7655802e-006
  1.1127000e+003  6.4530000e+002 -3.6750000e+002 -6.6497562e-004 -6.5413680e-004 -1.2593321e-005
  1.0290000e+002  7.2030000e+002 -3.6750000e+002 -6.6640066e-004 -6.5010478e-004  8.5631781e-006
  2.7930000e+002  7.2030000e+002 -3.6750000e+002 -6.6835925e-004 -6.6366407e-004  5.2576842e-006
  4.0530000e+002  7.2030000e+002 -3.6750000e+002 -6.8442864e-004 -6.8446374e-004 -1.2223634e-006
  4.9530000e+002  7.2030000e+002 -3.6750000e+002 -6.7295723e-004 -6.7295723e-004  1.3464584e-016
  5.7030000e+002  7.2030000e+002 -3.6750000e+002 -6.3292833e-004 -4.7440282e-004 -1.7781245e-004
  6.4530000e+002  7.2030000e+002 -3.6750000e+002 -6.3875075e-004 -4.6427366e-004 -1.6987939e-004
  7.2030000e+002  7.2030000e+002 -3.6750000e+002 -6.6387568e-004 -6.6387568e-004  6.2157010e-006
  8.1030000e+002  7.2030000e+002 -3.6750000e+002 -6.6805065e-004 -6.7042401e-004  3.4966869e-006
  9.3630000e+002  7.2030000e+002 -3.6750000e+002 -6.6978477e-004 -6.6279521e-004 -1.2344717e-005
  1.1127000e+003  7.2030000e+002 -3.6750000e+002 -6.6514780e-004 -6.5749865e-004 -1.3599107e-005
  1.0290000e+002  8.1030000e+002 -3.6750000e+002 -6.6710488e-004 -6.4993078e-004  5.7159347e-006
  2.7930000e+002  8.1030000e+002 -3.6750000e+002 -6.6456854e-004 -6.6264619e-004  2.8504538e-006
  4.0530000e+002  8.1030000e+002 -3.6750000e+002 -6.6925290e-004 -6.6925290e-004  8.6065324e-017
  4.9530000e+002  8.1030000e+002 -3.6750000e+002 -6.8446374e-004 -6.8442864e-004  1.2223634e-006
  5.7030000e+002  8.1030000e+002 -3.6750000e+002 -6.9677207e-004 -6.6373076e-004 -3.8792175e-006
  6.4530000e+002  8.1030000e+002 -3.6750000e+002 -6.8819823e-004 -6.4896375e-004  3.7605696e-006
  7.2030000e+002  8.1030000e+002 -3.6750000e+002 -6.7042401e-004 -6.6805065e-004  3.4966869e-006
  8.1030000e+002  8.1030000e+002 -3.6750000e+002 -6.6477745e-004 -6.6477745e-004 -1.2531114e-005
  9.3630000e+002  8.1030000e+002 -3.6750000e+002 -6.7018586e-004 -6.6463618e-004 -1.5028191e-005
  1.1127000e+003  8.1030000e+002 -3.6750000e+002 -6.6596904e-004 -6.6206142e-004 -1.3641965e-005
  1.0290000e+002  9.3630000e+002 -3.6750000e+002 -6.6722370e-004 -6.5161432e-004  2.4242153e-006
  2.7930000e+002  9.3630000e+002 -3.6750000e+002 -6.6295078e-004 -6.6295078e-004  5.0732615e-017
  4.0530000e+002  9.3630000e+002 -3.6750000e+002 -6.6264619e-004 -6.6456854e-004 -2.8504538e-006
  4.9530000e+002  9.3630000e+002 -3.6750000e+002 -6.6366407e-004 -6.6835925e-004 -5.2576842e-006
  5.7030000e+002  9.3630000e+002 -3.6750000e+002 -6.6472006e-004 -6.6940528e-004 -6.6342441e-006
  6.4530000e+002  9.3630000e+002 -3.6750000e+002 -6.6377072e-004 -6.6867526e-004 -8.7655802e-006
  7.2030000e+002  9.3630000e+002 -3.6750000e+002 -6.6279521e-004 -6.6978477e-004 -1.2344717e-005
  8.1030000e+002  9.3630000e+002 -3.6750000e+002 -6.6463618e-004 -6.7018586e-004 -1.5028191e-005
  9.3630000e+002  9.3630000e+002 -3.6750000e+002 -6.7013602e-004 -6.7013602e-004 -1.4609410e-005
  1.1127000e+003  9.3630000e+002 -3.6750000e+002 -6.6698649e-004 -6.6774184e-004 -1.1662397e-005
  1.0290000e+002  1.1127000e+003 -3.6750000e+002 -6.6200875e-004 -6.6200875e-004  2.8800179e-017
  2.7930000e+002  1.1127000e+003 -3.6750000e+002 -6.5161432e-004 -6.6722370e-004 -2.4242153e-006
  4.0530000e+002  1.1127000e+003 -3.6750000e+002 -6.4993078e-004 -6.6710488e-004 -5.7159347e-006
  4.9530000e+002  1.1127000e+003 -3.6750000e+002 -6.5010478e-004 -6.6640066e-004 -8.5631781e-006
  5.7030000e+002  1.1127000e+003 -3.6750000e+002 -6.5159162e-004 -6.6556141e-004 -1.0810465e-005
  6.4530000e+002  1.1127000e+003 -3.6750000e+002 -6.5413680e-004 -6.6497562e-004 -1.2593321e-005
  7.2030000e+002  1.1127000e+003 -3.6750000e+002 -6.5749865e-004 -6.6514780e-004 -1.3599107e-005
  8.1030000e+002  1.1127000e+003 -3.6750000e+002 -6.6206142e-004 -6.6596904e-004 -1.3641965e-005
  9.3630000e+002  1.1127000e+003 -3.6750000e+002 -6.6774184e-004 -6.6698649e-004 -1.1662397e-005
  1.1127000e+003  1.1127000e+003 -3.6750000e+002 -6.6743796e-004 -6.6743796e-004 -9.2005789e-006
  1.0290000e+002  1.0290000e+002 -4.5750000e+002  5.6740355e-005  5.6740355e-005  1.2046507e-005
  2.7930000e+002  1.0290000e+002 -4.5750000e+002  5.7474898e-005  5.6773591e-005  1.1197869e-005
  4.0530000e+002  1.0290000e+002 -4.5750000e+002  6.1670117e-005  5.7031889e-005  1.2703936e-005
  4.9530000e+002  1.0290000e+002 -4.5750000e+002  6.5074419e-005  5.7216983e-005  1.2578603e-005
  5.7030000e+002  1.0290000e+002 -4.5750000e+002  6.7618091e-005  5.7166677e-005  1.1713964e-005
  6.4530000e+002  1.0290000e+002 -4.5750000e+002  6.9573613e-005  5.6878583e-005  1.0215451e-005
  7.2030000e+002  1.0290000e+002 -4.5750000e+002  7.0744109e-005  5.6495766e-005  8.3155443e-006
  8.1030000e+002  1.0290000e+002 -4.5750000e+002  7.0995123e-005  5.6132672e-005  5.8754790e-006
  9.3630000e+002  1.0290000e+002 -4.5750000e+002  6.9899643e-005  5.6086312e-005  2.8223406e-006
  1.1127000e+003  1.0290000e+002 -4.5750000e+002  6.0808770e-005  6.0808770e-005  6.8256456e-017
  1.0290000e+002  2.7930000e+002 -4.5750000e+002  5.6773591e-005  5.7474898e-005  1.1197869e-005
  2.7930000e+002  2.7930000e+002 -4.5750000e+002  5.4781737e-005  5.4781737e-005  8.1699344e-006
  4.0530000e+002  2.7930000e+002 -4.5750000e+002  5.7568857e-005  5.4441145e-005  8.6895097e-006
  4.9530000e+002  2.7930000e+002 -4.5750000e+002  5.8943699e-005  5.4857797e-005  7.7626102e-006
  5.7030000e+002  2.7930000e+002 -4.5750000e+002  5.9480492e-005  5.5387539e-005  6.2228529e-006
  6.4530000e+002  2.7930000e+002 -4.5750000e+002  5.9649448e-005  5.6302201e-005  4.7164640e-006
  7.2030000e+002  2.7930000e+002 -4.5750000e+002  5.9702864e-005  5.7587242e-005  3.4107830e-006
  8.1030000e+002  2.7930000e+002 -4.5750000e+002  5.9598074e-005  5.8779098e-005  1.7368138e-006
  9.3630000e+002  2.7930000e+002 -4.5750000e+002  5.9531445e-005  5.9531445e-005 -3.5872481e-017
  1.1127000e+003  2.7930000e+002 -4.5750000e+002  5.6086312e-005  6.9899643e-005 -2.8223406e-006
  1.0290000e+002  4.0530000e+002 -4.5750000e+002  5.7031889e-005  6.1670117e-005  1.2703936e-005
  2.7930000e+002  4.0530000e+002 -4.5750000e+002  5.4441145e-005  5.7568857e-005  8.6895097e-006
  4.0530000e+002  4.0530000e+002 -4.5750000e+002  5.8043792e-005  5.8043792e-005  9.1655727e-006
  4.9530000e+002  4.0530000e+002 -4.5750000e+002  5.9034936e-005  5.6966003e-005  5.2417732e-006
  5.7030000e+002  4.0530000e+002 -4.5750000e+002  5.7243949e-005  5.5691865e-005  3.4010325e-007
  6.4530000e+002  4.0530000e+002 -4.5750000e+002  5.6353088e-005  5.4483853e-005  2.2338100e-007
  7.2030000e+002  4.0530000e+002 -4.5750000e+002  5.8488614e-005  5.6419898e-005  1.2334757e-006
  8.1030000e+002  4.0530000e+002 -4.5750000e+002  5.9780964e-005  5.9780964e-005  1.1158389e-016
  9.3630000e+002  4.0530000e+002 -4.5750000e+002  5.8779098e-005  5.9598074e-005 -1.7368138e-006
  1.1127000e+003  4.0530000e+002 -4.5750000e+002  5.6132672e-005  7.0995123e-005 -5.8754790e-006
  1.0290000e+002  4.9530000e+002 -4.5750000e+002  5.7216983e-005  6.5074419e-005  1.2578603e-005
  2.7930000e+002  4.9530000e+002 -4.5750000e+002  5.4857797e-005  5.8943699e-005  7.7626102e-006
  4.0530000e+002  4.9530000e+002 -4.5750000e+002  5.6966003e-005  5.9034936e-005  5.2417732e-006
  4.9530000e+002  4.9530000e+002 -4.5750000e+002  5.2637725e-005  5.2637725e-005 -8.3925876e-006
  5.7030000e+002  4.9530000e+002 -4.5750000e+002  4.2093160e-005  5.4295894e-005 -8.7379338e-006
  6.4530000e+002  4.9530000e+002 -4.5750000e+002  3.8843555e-005  4.9880525e-005  2.6644898e-006
  7.2030000e+002  4.9530000e+002 -4.5750000e+002  4.8019174e-005  4.8019174e-005  1.2400584e-016
  8.1030000e+002  4.9530000e+002 -4.5750000e+002  5.6419898e-005  5.8488614e-005 -1.2334757e-006
  9.3630000e+002  4.9530000e+002 -4.5750000e+002  5.7587242e-005  5.9702864e-005 -3.4107830e-006
  1.1127000e+003  4.9530000e+002 -4.5750000e+002  5.6495766e-005  7.0744109e-005 -8.3155443e-006
  1.0290000e+002  5.7030000e+002 -4.5750000e+002  5.7166677e-005  6.7618091e-005  1.1713964e-005
  2.7930000e+002  5.7030000e+002 -4.5750000e+002  5.5387539e-005  5.9480492e-005  6.2228529e-006
  4.0530000e+002  5.7030000e+002 -4.5750000e+002  5.5691865e-005  5.7243949e-005  3.4010325e-007
  4.9530000e+002  5.7030000e+002 -4.5750000e+002  5.4295894e-005  4.2093160e-005 -8.7379338e-006
  5.7030000e+002  5.7030000e+002 -4.5750000e+002  5.2302407e-005  5.2302407e-005 -9.2807856e-006
  6.4530000e+002  5.7030000e+002 -4.5750000e+002  4.9327620e-005  4.9327620e-005  1.9736323e-016
  7.2030000e+002  5.7030000e+002 -4.5750000e+002  4.9880525e-005  3.8843555e-005 -2.6644898e-006
  8.1030000e+002  5.7030000e+002 -4.5750000e+002  5.4483853e-005  5.6353088e-005 -2.2338100e-007
  9.3630000e+002  5.7030000e+002 -4.5750000e+002  5.6302201e-005  5.9649448e-005 -4.7164640e-006
  1.1127000e+003  5.7030000e+002 -4.5750000e+002  5.6878583e-005  6.9573613e-005 -1.0215451e-005
  1.0290000e+002  6.4530000e+002 -4.5750000e+002  5.6878583e-005  6.9573613e-005  1.0215451e-005
  2.7930000e+002  6.4530000e+002 -4.5750000e+002  5.6302201e-005  5.9649448e-005  4.7164640e-006
  4.0530000e+002  6.4530000e+002 -4.5750000e+002  5.4483853e-005  5.6353088e-005  2.2338100e-007
  4.9530000e+002  6.4530000e+002 -4.5750000e+002  4.9880525e-005  3.8843555e-005  2.6644898e-006
  5.7030000e+002  6.4530000e+002 -4.5750000e+002  4.9327620e-005  4.9327620e-005  2.4641046e-016
  6.4530000e+002  6.4530000e+002 -4.5750000e+002  5.2302407e-005  5.2302407e-005  9.2807856e-006
  7.2030000e+002  6.4530000e+002 -4.5750000e+002  5.4295894e-005  4.2093160e-005  8.7379338e-006
  8.1030000e+002  6.4530000e+002 -4.5750000e+002  5.5691865e-005  5.7243949e-005 -3.4010325e-007
  9.3630000e+002  6.4530000e+002 -4.5750000e+002  5.5387539e-005  5.9480492e-005 -6.2228529e-006
  1.1127000e+003  6.4530000e+002 -4.5750000e+002  5.7166677e-005  6.7618091e-005 -1.1713964e-005
  1.0290000e+002  7.2030000e+002 -4.5750000e+002  5.6495766e-005  7.0744109e-005  8.3155443e-006
  2.7930000e+002  7.2030000e+002 -4.5750000e+002  5.7587242e-005  5.9702864e-005  3.4107830e-006
  4.0530000e+002  7.2030000e+002 -4.5750000e+002  5.6419898e-005  5.8488614e-005  1.2334757e-006
  4.9530000e+002  7.2030000e+002 -4.5750000e+002  4.8019174e-005  4.8019174e-005  2.1291740e-016
  5.7030000e+002  7.2030000e+002 -4.5750000e+002  3.8843555e-005  4.9880525e-005 -2.6644898e-006
  6.4530000e+002  7.2030000e+002 -4.5750000e+002  4.2093160e-005  5.4295894e-005  8.7379338e-006
  7.2030000e+002  7.2030000e+002 -4.5750000e+002  5.2637725e-005  5.2637725e-005  8.3925876e-006
  8.1030000e+002  7.2030000e+002 -4.5750000e+002  5.6966003e-005  5.9034936e-005 -5.2417732e-006
  9.3630000e+002  7.2030000e+002 -4.5750000e+002  5.4857797e-005  5.8943699e-005 -7.7626102e-006
  1.1127000e+003  7.2030000e+002 -4.5750000e+002  5.7216983e-005  6.5074419e-005 -1.2578603e-005
  1.0290000e+002  8.1030000e+002 -4.5750000e+002  5.6132672e-005  7.0995123e-005  5.8754790e-006
  2.7930000e+002  8.1030000e+002 -4.5750000e+002  5.8779098e-005  5.9598074e-005  1.7368138e-006
  4.0530000e+002  8.1030000e+002 -4.5750000e+002  5.9780964e-005  5.9780964e-005  1.1331120e-016
  4.9530000e+002  8.1030000e+002 -4.5750000e+002  5.8488614e-005  5.6419898e-005 -1.2334757e-006
  5.7030000e+002  8.1030000e+002 -4.5750000e+002  5.6353088e-005  5.4483853e-005 -2.2338100e-007
  6.4530000e+002  8.1030000e+002 -4.5750000e+002  5.7243949e-005  5.5691865e-005 -3.4010325e-007
  7.2030000e+002  8.1030000e+002 -4.5750000e+002  5.9034936e-005  5.6966003e-005 -5.2417732e-006
  8.1030000e+002  8.1030000e+002 -4.5750000e+002  5.8043792e-005  5.8043792e-005 -9.1655727e-006
  9.3630000e+002  8.1030000e+002 -4.5750000e+002  5.4441145e-005  5.7568857e-005 -8.6895097e-006
  1.1127000e+003  8.1030000e+002 -4.5750000e+002  5.7031889e-005  6.1670117e-005 -1.2703936e-005
  1.0290000e+002  9.3630000e+002 -4.5750000e+002  5.6086312e-005  6.9899643e-005  2.8223406e-006
  2.7930000e+002  9.3630000e+002 -4.5750000e+002  5.9531445e-005  5.9531445e-005  3.6804429e-017
  4.0530000e+002  9.3630000e+002 -4.5750000e+002  5.9598074e-005  5.8779098e-005 -1.7368138e-006
  4.9530000e+002  9.3630000e+002 -4.5750000e+002  5.9702864e-005  5.7587242e-005 -3.4107830e-006
  5.7030000e+002  9.3630000e+002 -4.5750000e+002  5.9649448e-005  5.6302201e-005 -4.7164640e-006
  6.4530000e+002  9.3630000e+002 -4.5750000e+002  5.9480492e-005  5.5387539e-005 -6.2228529e-006
  7.2030000e+002  9.3630000e+002 -4.5750000e+002  5.8943699e-005  5.4857797e-005 -7.7626102e-006
  8.1030000e+002  9.3630000e+002 -4.5750000e+002  5.7568857e-005  5.4441145e-005 -8.6895097e-006
  9.3630000e+002  9.3630000e+002 -4.5750000e+002  5.4781737e-005  5.4781737e-005 -8.1699344e-006
  1.1127000e+003  9.3630000e+002 -4.5750000e+002  5.6773591e-005  5.7474898e-005 -1.1197869e-005
  1.0290000e+002  1.1127000e+003 -4.5750000e+002  6.0808770e-005  6.0808770e-005  5.1442005e-017
  2.7930000e+002  1.1127000e+003 -4.5750000e+002  6.9899643e-005  5.6086312e-005 -2.8223406e-006
  4.0530000e+002  1.1127000e+003 -4.5750000e+002  7.0995123e-005  5.6132672e-005 -5.8754790e-006
  4.9530000e+002  1.1127000e+003 -4.5750000e+002  7.0744109e-005  5.6495766e-005 -8.3155443e-006
  5.7030000e+002  1.1127000e+003 -4.5750000e+002  6.9573613e-005  5.6878583e-005 -1.0215451e-005
  6.4530000e+002  1.1127000e+003 -4.5750000e+002  6.7618091e-005  5.7166677e-005 -1.1713964e-005
  7.2030000e+002  1.1127000e+003 -4.5750000e+002  6.5074419e-005  5.7216983e-005 -1.2578603e-005
  8.1030000e+002  1.1127000e+003 -4.5750000e+002  6.1670117e-005  5.7031889e-005 -1.2703936e-005
  9.3630000e+002  1.1127000e+003 -4.5750000e+002  5.7474898e-005  5.6773591e-005 -1.1197869e-005
  1.1127000e+003  1.1127000e+003 -4.5750000e+002  5.6740355e-005  5.6740355e-005 -1.2046507e-005
  1.0290000e+002  1.0290000e+002 -5.8350000e+002  3.1887077e-006  3.1887077e-006  1.2482307e-005
  2.7930000e+002  1.0290000e+002 -5.8350000e+002  5.1906233e-006  2.5961627e-006  9.7928048e-006
  4.0530000e+002  1.0290000e+002 -5.8350000e+002  7.8207724e-006  2.5773374e-006  1.0798794e-005
  4.9530000e+002  1.0290000e+002 -5.8350000e+002  9.9075096e-006  2.5185615e-006  1.0658599e-005
  5.7030000e+002  1.0290000e+002 -5.8350000e+002  1.1459482e-005  2.4002401e-006  9.9936722e-006
  6.4530000e+002  1.0290000e+002 -5.8350000e+002  1.2669348e-005  2.2193150e-006  8.8660376e-006
  7.2030000e+002  1.0290000e+002 -5.8350000e+002  1.3429517e-005  2.0253501e-006  7.4214732e-006
  8.1030000e+002  1.0290000e+002 -5.8350000e+002  1.3664089e-005  1.8420943e-006  5.5117996e-006
  9.3630000e+002  1.0290000e+002 -5.8350000e+002  1.3051065e-005  1.8052189e-006  2.9168495e-006
  1.1127000e+003  1.0290000e+002 -5.8350000e+002  5.7366068e-006  5.7366068e-006  3.8832225e-017
  1.0290000e+002  2.7930000e+002 -5.8350000e+002  2.5961627e-006  5.1906233e-006  9.7928048e-006
  2.7930000e+002  2.7930000e+002 -5.8350000e+002  2.2394145e-006  2.2394145e-006  4.6646581e-006
  4.0530000e+002  2.7930000e+002 -5.8350000e+002  2.9262981e-006  2.0911950e-006  5.1332345e-006
  4.9530000e+002  2.7930000e+002 -5.8350000e+002  3.2587434e-006  2.2939920e-006  4.7596534e-006
  5.7030000e+002  2.7930000e+002 -5.8350000e+002  3.4037357e-006  2.5948967e-006  4.0875314e-006
  6.4530000e+002  2.7930000e+002 -5.8350000e+002  3.4780492e-006  3.0071708e-006  3.2074993e-006
  7.2030000e+002  2.7930000e+002 -5.8350000e+002  3.5417145e-006  3.4425888e-006  2.2709948e-006
  8.1030000e+002  2.7930000e+002 -5.8350000e+002  3.7128001e-006  3.8602087e-006  1.1964160e-006
  9.3630000e+002  2.7930000e+002 -5.8350000e+002  4.2645476e-006  4.2645476e-006 -4.5779378e-017
  1.1127000e+003  2.7930000e+002 -5.8350000e+002  1.8052189e-006  1.3051065e-005 -2.9168495e-006
  1.0290000e+002  4.0530000e+002 -5.8350000e+002  2.5773374e-006  7.8207724e-006  1.0798794e-005
  2.7930000e+002  4.0530000e+002 -5.8350000e+002  2.0911950e-006  2.9262981e-006  5.1332345e-006
  4.0530000e+002  4.0530000e+002 -5.8350000e+002  3.0356901e-006  3.0356901e-006  5.6470831e-006
  4.9530000e+002  4.0530000e+002 -5.8350000e+002  3.5679209e-006  3.2099988e-006  5.0188735e-006
  5.7030000e+002  4.0530000e+002 -5.8350000e+002  3.8022084e-006  3.2394578e-006  3.7574683e-006
  6.4530000e+002  4.0530000e+002 -5.8350000e+002  3.8890727e-006  3.4183280e-006  2.4859148e-006
  7.2030000e+002  4.0530000e+002 -5.8350000e+002  3.9058437e-006  3.7363576e-006  1.3759909e-006
  8.1030000e+002  4.0530000e+002 -5.8350000e+002  3.8300827e-006  3.8300827e-006  3.6978070e-017
  9.3630000e+002  4.0530000e+002 -5.8350000e+002  3.8602087e-006  3.7128001e-006 -1.1964160e-006
  1.1127000e+003  4.0530000e+002 -5.8350000e+002  1.8420943e-006  1.3664089e-005 -5.5117996e-006
  1.0290000e+002  4.9530000e+002 -5.8350000e+002  2.5185615e-006  9.9075096e-006  1.0658599e-005
  2.7930000e+002  4.9530000e+002 -5.8350000e+002  2.2939920e-006  3.2587434e-006  4.7596534e-006
  4.0530000e+002  4.9530000e+002 -5.8350000e+002  3.2099988e-006  3.5679209e-006  5.0188735e-006
  4.9530000e+002  4.9530000e+002 -5.8350000e+002  3.4964289e-006  3.4964289e-006  3.3179795e-006
  5.7030000e+002  4.9530000e+002 -5.8350000e+002  3.1763297e-006  3.0252758e-006  1.2088243e-006
  6.4530000e+002  4.9530000e+002 -5.8350000e+002  3.1212794e-006  2.9768688e-006  6.1502651e-007
  7.2030000e+002  4.9530000e+002 -5.8350000e+002  3.6012188e-006  3.6012188e-006  7.3317372e-017
  8.1030000e+002  4.9530000e+002 -5.8350000e+002  3.7363576e-006  3.9058437e-006 -1.3759909e-006
  9.3630000e+002  4.9530000e+002 -5.8350000e+002  3.4425888e-006  3.5417145e-006 -2.2709948e-006
  1.1127000e+003  4.9530000e+002 -5.8350000e+002  2.0253501e-006  1.3429517e-005 -7.4214732e-006
  1.0290000e+002  5.7030000e+002 -5.8350000e+002  2.4002401e-006  1.1459482e-005  9.9936722e-006
  2.7930000e+002  5.7030000e+002 -5.8350000e+002  2.5948967e-006  3.4037357e-006  4.0875314e-006
  4.0530000e+002  5.7030000e+002 -5.8350000e+002  3.2394578e-006  3.8022084e-006  3.7574683e-006
  4.9530000e+002  5.7030000e+002 -5.8350000e+002  3.0252758e-006  3.1763297e-006  1.2088243e-006
  5.7030000e+002  5.7030000e+002 -5.8350000e+002  2.0977534e-006  2.0977534e-006 -8.8764480e-007
  6.4530000e+002  5.7030000e+002 -5.8350000e+002  2.0052974e-006  2.0052974e-006  9.9281473e-017
  7.2030000e+002  5.7030000e+002 -5.8350000e+002  2.9768688e-006  3.1212794e-006 -6.1502651e-007
  8.1030000e+002  5.7030000e+002 -5.8350000e+002  3.4183280e-006  3.8890727e-006 -2.4859148e-006
  9.3630000e+002  5.7030000e+002 -5.8350000e+002  3.0071708e-006  3.4780492e-006 -3.2074993e-006
  1.1127000e+003  5.7030000e+002 -5.8350000e+002  2.2193150e-006  1.2669348e-005 -8.8660376e-006
  1.0290000e+002  6.4530000e+002 -5.8350000e+002  2.2193150e-006  1.2669348e-005  8.8660376e-006
  2.7930000e+002  6.4530000e+002 -5.8350000e+002  3.0071708e-006  3.4780492e-006  3.2074993e-006
  4.0530000e+002  6.4530000e+002 -5.8350000e+002  3.4183280e-006  3.8890727e-006  2.4859148e-006
  4.9530000e+002  6.4530000e+002 -5.8350000e+002  2.9768688e-006  3.1212794e-006  6.1502651e-007
  5.7030000e+002  6.4530000e+002 -5.8350000e+002  2.0052974e-006  2.0052974e-006  1.0855611e-016
  6.4530000e+002  6.4530000e+002 -5.8350000e+002  2.0977534e-006  2.0977534e-006  8.8764480e-007
  7.2030000e+002  6.4530000e+002 -5.8350000e+002  3.0252758e-006  3.1763297e-006 -1.2088243e-006
  8.1030000e+002  6.4530000e+002 -5.8350000e+002  3.2394578e-006  3.8022084e-006 -3.7574683e-006
  9.3630000e+002  6.4530000e+002 -5.8350000e+002  2.5948967e-006  3.4037357e-006 -4.0875314e-006
  1.1127000e+003  6.4530000e+002 -5.8350000e+002  2.4002401e-006  1.1459482e-005 -9.9936722e-006
  1.0290000e+002  7.2030000e+002 -5.8350000e+002  2.0253501e-006  1.3429517e-005  7.4214732e-006
  2.7930000e+002  7.2030000e+002 -5.8350000e+002  3.4425888e-006  3.5417145e-006  2.2709948e-006
  4.0530000e+002  7.2030000e+002 -5.8350000e+002  3.7363576e-006  3.9058437e-006  1.3759909e-006
  4.9530000e+002  7.2030000e+002 -5.8350000e+002  3.6012188e-006  3.6012188e-006  7.3584293e-017
  5.7030000e+002  7.2030000e+002 -5.8350000e+002  3.1212794e-006  2.9768688e-006 -6.1502651e-007
  6.4530000e+002  7.2030000e+002 -5.8350000e+002  3.1763297e-006  3.0252758e-006 -1.2088243e-006
  7.2030000e+002  7.2030000e+002 -5.8350000e+002  3.4964289e-006  3.4964289e-006 -3.3179795e-006
  8.1030000e+002  7.2030000e+002 -5.8350000e+002  3.2099988e-006  3.5679209e-006 -5.0188735e-006
  9.3630000e+002  7.2030000e+002 -5.8350000e+002  2.2939920e-006  3.2587434e-006 -4.7596534e-006
  1.1127000e+003  7.2030000e+002 -5.8350000e+002  2.5185615e-006  9.9075096e-006 -1.0658599e-005
  1.0290000e+002  8.1030000e+002 -5.8350000e+002  1.8420943e-006  1.3664089e-005  5.5117996e-006
  2.7930000e+002  8.1030000e+002 -5.8350000e+002  3.8602087e-006  3.7128001e-006  1.1964160e-006
  4.0530000e+002  8.1030000e+002 -5.8350000e+002  3.8300827e-006  3.8300827e-006  6.6900780e-017
  4.9530000e+002  8.1030000e+002 -5.8350000e+002  3.9058437e-006  3.7363576e-006 -1.3759909e-006
  5.7030000e+002  8.1030000e+002 -5.8350000e+002  3.8890727e-006  3.4183280e-006 -2.4859148e-006
  6.4530000e+002  8.1030000e+002 -5.8350000e+002  3.8022084e-006  3.2394578e-006 -3.7574683e-006
  7.2030000e+002  8.1030000e+002 -5.8350000e+002  3.5679209e-006  3.2099988e-006 -5.0188735e-006
  8.1030000e+002  8.1030000e+002 -5.8350000e+002  3.0356901e-006  3.0356901e-006 -5.6470831e-006
  9.3630000e+002  8.1030000e+002 -5.8350000e+002  2.0911950e-006  2.9262981e-006 -5.1332345e-006
  1.1127000e+003  8.1030000e+002 -5.8350000e+002  2.5773374e-006  7.8207724e-006 -1.0798794e-005
  1.0290000e+002  9.3630000e+002 -5.8350000e+002  1.8052189e-006  1.3051065e-005  2.9168495e-006
  2.7930000e+002  9.3630000e+002 -5.8350000e+002  4.2645476e-006  4.2645476e-006  4.4113582e-017
  4.0530000e+002  9.3630000e+002 -5.8350000e+002  3.7128001e-006  3.8602087e-006 -1.1964160e-006
  4.9530000e+002  9.3630000e+002 -5.8350000e+002  3.5417145e-006  3.4425888e-006 -2.2709948e-006
  5.7030000e+002  9.3630000e+002 -5.8350000e+002  3.4780492e-006  3.0071708e-006 -3.2074993e-006
  6.4530000e+002  9.3630000e+002 -5.8350000e+002  3.4037357e-006  2.5948967e-006 -4.0875314e-006
  7.2030000e+002  9.3630000e+002 -5.8350000e+002  3.2587434e-006  2.2939920e-006 -4.7596534e-006
  8.1030000e+002  9.3630000e+002 -5.8350000e+002  2.9262981e-006  2.0911950e-006 -5.1332345e-006
  9.3630000e+002  9.3630000e+002 -5.8350000e+002  2.2394145e-006  2.2394145e-006 -4.6646581e-006
  1.1127000e+003  9.3630000e+002 -5.8350000e+002  2.5961627e-006  5.1906233e-006 -9.7928048e-006
  1.0290000e+002  1.1127000e+003 -5.8350000e+002  5.7366068e-006  5.7366068e-006  4.7533795e-017
  2.7930000e+002  1.1127000e+003 -5.8350000e+002  1.3051065e-005  1.8052189e-006 -2.9168495e-006
  4.0530000e+002  1.1127000e+003 -5.8350000e+002  1.3664089e-005  1.8420943e-006 -5.5117996e-006
  4.9530000e+002  1.1127000e+003 -5.8350000e+002  1.3429517e-005  2.0253501e-006 -7.4214732e-006
  5.7030000e+002  1.1127000e+003 -5.8350000e+002  1.2669348e-005  2.2193150e-006 -8.8660376e-006
  6.4530000e+002  1.1127000e+003 -5.8350000e+002  1.1459482e-005  2.4002401e-006 -9.9936722e-006
  7.2030000e+002  1.1127000e+003 -5.8350000e+002  9.9075096e-006  2.5185615e-006 -1.0658599e-005
  8.1030000e+002  1.1127000e+003 -5.8350000e+002  7.8207724e-006  2.5773374e-006 -1.0798794e-005
  9.3630000e+002  1.1127000e+003 -5.8350000e+002  5.1906233e-006  2.5961627e-006 -9.7928048e-006
  1.1127000e+003  1.1127000e+003 -5.8350000e+002  3.1887077e-006  3.1887077e-006 -1.2482307e-005
  1.0290000e+002  1.0290000e+002 -7.5990000e+002  2.3375866e-006  2.3375866e-006  4.5135815e-006
  2.7930000e+002  1.0290000e+002 -7.5990000e+002  7.5798207e-006  1.4114509e-006  2.4810886e-006
  4.0530000e+002  1.0290000e+002 -7.5990000e+002  1.0487705e-005  1.5676351e-006  2.6724208e-006
  4.9530000e+002  1.0290000e+002 -7.5990000e+002  1.2541110e-005  1.6641623e-006  2.6431014e-006
  5.7030000e+002  1.0290000e+002 -7.5990000e+002  1.3975128e-005  1.7241857e-006  2.5133793e-006
  6.4530000e+002  1.0290000e+002 -7.5990000e+002  1.5014267e-005  1.7643443e-006  2.2969262e-006
  7.2030000e+002  1.0290000e+002 -7.5990000e+002  1.5548701e-005  1.7878537e-006  2.0115556e-006
  8.1030000e+002  1.0290000e+002 -7.5990000e+002  1.5377550e-005  1.8000281e-006  1.6072858e-006
  9.3630000e+002  1.0290000e+002 -7.5990000e+002  1.3723628e-005  1.8465310e-006  9.6691256e-007
  1.1127000e+003  1.0290000e+002 -7.5990000e+002  4.7464077e-006  4.7464077e-006  1.6451392e-017
  1.0290000e+002  2.7930000e+002 -7.5990000e+002  1.4114509e-006  7.5798207e-006  2.4810886e-006
  2.7930000e+002  2.7930000e+002 -7.5990000e+002  4.8539722e-006  4.8539722e-006 -1.0140342e-006
  4.0530000e+002  2.7930000e+002 -7.5990000e+002  6.0988802e-006  5.3501924e-006 -1.1742386e-006
  4.9530000e+002  2.7930000e+002 -7.5990000e+002  7.0255416e-006  5.7855902e-006 -1.1925431e-006
  5.7030000e+002  2.7930000e+002 -7.5990000e+002  7.6384473e-006  6.1536396e-006 -1.0936393e-006
  6.4530000e+002  2.7930000e+002 -7.5990000e+002  8.0323459e-006  6.5003395e-006 -8.7154437e-007
  7.2030000e+002  2.7930000e+002 -7.5990000e+002  8.1709585e-006  6.7889655e-006 -5.8420139e-007
  8.1030000e+002  2.7930000e+002 -7.5990000e+002  7.9815224e-006  7.0251079e-006 -2.5675480e-007
  9.3630000e+002  2.7930000e+002 -7.5990000e+002  7.2256832e-006  7.2256832e-006 -2.0017506e-018
  1.1127000e+003  2.7930000e+002 -7.5990000e+002  1.8465310e-006  1.3723628e-005 -9.6691256e-007
  1.0290000e+002  4.0530000e+002 -7.5990000e+002  1.5676351e-006  1.0487705e-005  2.6724208e-006
  2.7930000e+002  4.0530000e+002 -7.5990000e+002  5.3501924e-006  6.0988802e-006 -1.1742386e-006
  4.0530000e+002  4.0530000e+002 -7.5990000e+002  6.6463136e-006  6.6463136e-006 -1.4216339e-006
  4.9530000e+002  4.0530000e+002 -7.5990000e+002  7.5865605e-006  7.1038322e-006 -1.4335029e-006
  5.7030000e+002  4.0530000e+002 -7.5990000e+002  8.1608307e-006  7.4527117e-006 -1.2525596e-006
  6.4530000e+002  4.0530000e+002 -7.5990000e+002  8.4547001e-006  7.7433831e-006 -8.7701101e-007
  7.2030000e+002  4.0530000e+002 -7.5990000e+002  8.4352642e-006  7.9385258e-006 -4.3386642e-007
  8.1030000e+002  4.0530000e+002 -7.5990000e+002  8.0195775e-006  8.0195775e-006  7.1616636e-019
  9.3630000e+002  4.0530000e+002 -7.5990000e+002  7.0251079e-006  7.9815224e-006  2.5675480e-007
  1.1127000e+003  4.0530000e+002 -7.5990000e+002  1.8000281e-006  1.5377550e-005 -1.6072858e-006
  1.0290000e+002  4.9530000e+002 -7.5990000e+002  1.6641623e-006  1.2541110e-005  2.6431014e-006
  2.7930000e+002  4.9530000e+002 -7.5990000e+002  5.7855902e-006  7.0255416e-006 -1.1925431e-006
  4.0530000e+002  4.9530000e+002 -7.5990000e+002  7.1038322e-006  7.5865605e-006 -1.4335029e-006
  4.9530000e+002  4.9530000e+002 -7.5990000e+002  8.0101013e-006  8.0101013e-006 -1.3774939e-006
  5.7030000e+002  4.9530000e+002 -7.5990000e+002  8.5084632e-006  8.2791946e-006 -1.0949294e-006
  6.4530000e+002  4.9530000e+002 -7.5990000e+002  8.6885683e-006  8.4607983e-006 -5.5713590e-007
  7.2030000e+002  4.9530000e+002 -7.5990000e+002  8.5301361e-006  8.5301361e-006  1.1332560e-017
  8.1030000e+002  4.9530000e+002 -7.5990000e+002  7.9385258e-006  8.4352642e-006  4.3386642e-007
  9.3630000e+002  4.9530000e+002 -7.5990000e+002  6.7889655e-006  8.1709585e-006  5.8420139e-007
  1.1127000e+003  4.9530000e+002 -7.5990000e+002  1.7878537e-006  1.5548701e-005 -2.0115556e-006
  1.0290000e+002  5.7030000e+002 -7.5990000e+002  1.7241857e-006  1.3975128e-005  2.5133793e-006
  2.7930000e+002  5.7030000e+002 -7.5990000e+002  6.1536396e-006  7.6384473e-006 -1.0936393e-006
  4.0530000e+002  5.7030000e+002 -7.5990000e+002  7.4527117e-006  8.1608307e-006 -1.2525596e-006
  4.9530000e+002  5.7030000e+002 -7.5990000e+002  8.2791946e-006  8.5084632e-006 -1.0949294e-006
  5.7030000e+002  5.7030000e+002 -7.5990000e+002  8.6681013e-006  8.6681013e-006 -6.8079732e-007
  6.4530000e+002  5.7030000e+002 -7.5990000e+002  8.7307039e-006  8.7307039e-006  3.2671120e-018
  7.2030000e+002  5.7030000e+002 -7.5990000e+002  8.4607983e-006  8.6885683e-006  5.5713590e-007
  8.1030000e+002  5.7030000e+002 -7.5990000e+002  7.7433831e-006  8.4547001e-006  8.7701101e-007
  9.3630000e+002  5.7030000e+002 -7.5990000e+002  6.5003395e-006  8.0323459e-006  8.7154437e-007
  1.1127000e+003  5.7030000e+002 -7.5990000e+002  1.7643443e-006  1.5014267e-005 -2.2969262e-006
  1.0290000e+002  6.4530000e+002 -7.5990000e+002  1.7643443e-006  1.5014267e-005  2.2969262e-006
  2.7930000e+002  6.4530000e+002 -7.5990000e+002  6.5003395e-006  8.0323459e-006 -8.7154437e-007
  4.0530000e+002  6.4530000e+002 -7.5990000e+002  7.7433831e-006  8.4547001e-006 -8.7701101e-007
  4.9530000e+002  6.4530000e+002 -7.5990000e+002  8.4607983e-006  8.6885683e-006 -5.5713590e-007
  5.7030000e+002  6.4530000e+002 -7.5990000e+002  8.7307039e-006  8.7307039e-006 -2.9882740e-017
  6.4530000e+002  6.4530000e+002 -7.5990000e+002  8.6681013e-006  8.6681013e-006  6.8079732e-007
  7.2030000e+002  6.4530000e+002 -7.5990000e+002  8.2791946e-006  8.5084632e-006  1.0949294e-006
  8.1030000e+002  6.4530000e+002 -7.5990000e+002  7.4527117e-006  8.1608307e-006  1.2525596e-006
  9.3630000e+002  6.4530000e+002 -7.5990000e+002  6.1536396e-006  7.6384473e-006  1.0936393e-006
  1.1127000e+003  6.4530000e+002 -7.5990000e+002  1.7241857e-006  1.3975128e-005 -2.5133793e-006
  1.0290000e+002  7.2030000e+002 -7.5990000e+002  1.7878537e-006  1.5548701e-005  2.0115556e-006
  2.7930000e+002  7.2030000e+002 -7.5990000e+002  6.7889655e-006  8.1709585e-006 -5.8420139e-007
  4.0530000e+002  7.2030000e+002 -7.5990000e+002  7.9385258e-006  8.4352642e-006 -4.3386642e-007
  4.9530000e+002  7.2030000e+002 -7.5990000e+002  8.5301361e-006  8.5301361e-006 -1.2282825e-017
  5.7030000e+002  7.2030000e+002 -7.5990000e+002  8.6885683e-006  8.4607983e-006  5.5713590e-007
  6.4530000e+002  7.2030000e+002 -7.5990000e+002  8.5084632e-006  8.2791946e-006  1.0949294e-006
  7.2030000e+002  7.2030000e+002 -7.5990000e+002  8.0101013e-006  8.0101013e-006  1.3774939e-006
  8.1030000e+002  7.2030000e+002 -7.5990000e+002  7.1038322e-006  7.5865605e-006  1.4335029e-006
  9.3630000e+002  7.2030000e+002 -7.5990000e+002  5.7855902e-006  7.0255416e-006  1.1925431e-006
  1.1127000e+003  7.2030000e+002 -7.5990000e+002  1.6641623e-006  1.2541110e-005 -2.6431014e-006
  1.0290000e+002  8.1030000e+002 -7.5990000e+002  1.8000281e-006  1.5377550e-005  1.6072858e-006
  2.7930000e+002  8.1030000e+002 -7.5990000e+002  7.0251079e-006  7.9815224e-006 -2.5675480e-007
  4.0530000e+002  8.1030000e+002 -7.5990000e+002  8.0195775e-006  8.0195775e-006  2.2642038e-017
  4.9530000e+002  8.1030000e+002 -7.5990000e+002  8.4352642e-006  7.9385258e-006  4.3386642e-007
  5.7030000e+002  8.1030000e+002 -7.5990000e+002  8.4547001e-006  7.7433831e-006  8.7701101e-007
  6.4530000e+002  8.1030000e+002 -7.5990000e+002  8.1608307e-006  7.4527117e-006  1.2525596e-006
  7.2030000e+002  8.1030000e+002 -7.5990000e+002  7.5865605e-006  7.1038322e-006  1.4335029e-006
  8.1030000e+002  8.1030000e+002 -7.5990000e+002  6.6463136e-006  6.6463136e-006  1.4216339e-006
  9.3630000e+002  8.1030000e+002 -7.5990000e+002  5.3501924e-006  6.0988802e-006  1.1742386e-006
  1.1127000e+003  8.1030000e+002 -7.5990000e+002  1.5676351e-006  1.0487705e-005 -2.6724208e-006
  1.0290000e+002  9.3630000e+002 -7.5990000e+002  1.8465310e-006  1.3723628e-005  9.6691256e-007
  2.7930000e+002  9.3630000e+002 -7.5990000e+002  7.2256832e-006  7.2256832e-006  3.1574318e-017
  4.0530000e+002  9.3630000e+002 -7.5990000e+002  7.9815224e-006  7.0251079e-006  2.5675480e-007
  4.9530000e+002  9.3630000e+002 -7.5990000e+002  8.1709585e-006  6.7889655e-006  5.8420139e-007
  5.7030000e+002  9.3630000e+002 -7.5990000e+002  8.0323459e-006  6.5003395e-006  8.7154437e-007
  6.4530000e+002  9.3630000e+002 -7.5990000e+002  7.6384473e-006  6.1536396e-006  1.0936393e-006
  7.2030000e+002  9.3630000e+002 -7.5990000e+002  7.0255416e-006  5.7855902e-006  1.1925431e-006
  8.1030000e+002  9.3630000e+002 -7.5990000e+002  6.0988802e-006  5.3501924e-006  1.1742386e-006
  9.3630000e+002  9.3630000e+002 -7.5990000e+002  4.8539722e-006  4.8539722e-006  1.0140342e-006
  1.1127000e+003  9.3630000e+002 -7.5990000e+002  1.4114509e-006  7.5798207e-006 -2.4810886e-006
  1.0290000e+002  1.1127000e+003 -7.5990000e+002  4.7464077e-006  4.7464077e-006  1.5153737e-017
  2.7930000e+002  1.1127000e+003 -7.5990000e+002  1.3723628e-005  1.8465310e-006 -9.6691256e-007
  4.0530000e+002  1.1127000e+003 -7.5990000e+002  1.5377550e-005  1.8000281e-006 -1.6072858e-006
  4.9530000e+002  1.1127000e+003 -7.5990000e+002  1.5548701e-005  1.7878537e-006 -2.0115556e-006
  5.7030000e+002  1.1127000e+003 -7.5990000e+002  1.5014267e-005  1.7643443e-006 -2.2969262e-006
  6.4530000e+002  1.1127000e+003 -7.5990000e+002  1.3975128e-005  1.7241857e-006 -2.5133793e-006
  7.2030000e+002  1.1127000e+003 -7.5990000e+002  1.2541110e-005  1.6641623e-006 -2.6431014e-006
  8.1030000e+002  1.1127000e+003 -7.5990000e+002  1.0487705e-005  1.5676351e-006 -2.6724208e-006
  9.3630000e+002  1.1127000e+003 -7.5990000e+002  7.5798207e-006  1.4114509e-006 -2.4810886e-006
  1.1127000e+003  1.1127000e+003 -7.5990000e+002  2.3375866e-006  2.3375866e-006 -4.5135815e-006
