  1.0290000e+002  1.0290000e+002 -5.2500000e+001  9.3027161e-016  9.3027161e-016 -6.2969523e-019
  2.7930000e+002  1.0290000e+002 -5.2500000e+001  9.3030923e-016  9.3030374e-016 -1.6305912e-018
  4.0530000e+002  1.0290000e+002 -5.2500000e+001  9.3049883e-016  9.3041645e-016 -1.6628630e-018
  4.9530000e+002  1.0290000e+002 -5.2500000e+001  9.3053392e-016  9.3047436e-016 -1.4602528e-018
  5.7030000e+002  1.0290000e+002 -5.2500000e+001  9.3049189e-016  9.3048884e-016 -1.2312718e-018
  6.4530000e+002  1.0290000e+002 -5.2500000e+001  9.3042559e-016  9.3047439e-016 -9.9224860e-019
  7.2030000e+002  1.0290000e+002 -5.2500000e+001  9.3037024e-016  9.3043902e-016 -7.6562186e-019
  8.1030000e+002  1.0290000e+002 -5.2500000e+001  9.3034398e-016  9.3039485e-016 -5.1203170e-019
  9.3630000e+002  1.0290000e+002 -5.2500000e+001  9.3034160e-016  9.3037045e-016 -2.1119984e-019
  1.1127000e+003  1.0290000e+002 -5.2500000e+001  9.3036417e-016  9.3036417e-016  1.3079472e-031
  1.0290000e+002  2.7930000e+002 -5.2500000e+001  9.3030374e-016  9.3030923e-016 -1.6305912e-018
  2.7930000e+002  2.7930000e+002 -5.2500000e+001  9.3050786e-016  9.3050786e-016 -3.4552254e-018
  4.0530000e+002  2.7930000e+002 -5.2500000e+001  9.3078367e-016  9.3073185e-016 -3.0132979e-018
  4.9530000e+002  2.7930000e+002 -5.2500000e+001  9.3068423e-016  9.3071485e-016 -2.2282992e-018
  5.7030000e+002  2.7930000e+002 -5.2500000e+001  9.3045789e-016  9.3058974e-016 -1.5905601e-018
  6.4530000e+002  2.7930000e+002 -5.2500000e+001  9.3024462e-016  9.3049352e-016 -1.1456501e-018
  7.2030000e+002  2.7930000e+002 -5.2500000e+001  9.3014974e-016  9.3040484e-016 -8.6226685e-019
  8.1030000e+002  2.7930000e+002 -5.2500000e+001  9.3021325e-016  9.3032468e-016 -5.2069599e-019
  9.3630000e+002  2.7930000e+002 -5.2500000e+001  9.3031951e-016  9.3031951e-016  9.2644453e-031
  1.1127000e+003  2.7930000e+002 -5.2500000e+001  9.3037045e-016  9.3034160e-016  2.1119984e-019
  1.0290000e+002  4.0530000e+002 -5.2500000e+001  9.3041645e-016  9.3049883e-016 -1.6628630e-018
  2.7930000e+002  4.0530000e+002 -5.2500000e+001  9.3073185e-016  9.3078367e-016 -3.0132979e-018
  4.0530000e+002  4.0530000e+002 -5.2500000e+001  9.3075896e-016  9.3075896e-016 -1.7143852e-018
  4.9530000e+002  4.0530000e+002 -5.2500000e+001  9.3018271e-016  9.3013895e-016 -2.5733154e-019
  5.7030000e+002  4.0530000e+002 -5.2500000e+001  9.2961130e-016  9.2939240e-016  5.8347536e-019
  6.4530000e+002  4.0530000e+002 -5.2500000e+001  9.2930473e-016  9.2931280e-016  6.1885301e-019
  7.2030000e+002  4.0530000e+002 -5.2500000e+001  9.2942477e-016  9.2959634e-016  9.8842841e-020
  8.1030000e+002  4.0530000e+002 -5.2500000e+001  9.2993020e-016  9.2993020e-016  1.0562281e-030
  9.3630000e+002  4.0530000e+002 -5.2500000e+001  9.3032468e-016  9.3021325e-016  5.2069599e-019
  1.1127000e+003  4.0530000e+002 -5.2500000e+001  9.3039485e-016  9.3034398e-016  5.1203170e-019
  1.0290000e+002  4.9530000e+002 -5.2500000e+001  9.3047436e-016  9.3053392e-016 -1.4602528e-018
  2.7930000e+002  4.9530000e+002 -5.2500000e+001  9.3071485e-016  9.3068423e-016 -2.2282992e-018
  4.0530000e+002  4.9530000e+002 -5.2500000e+001  9.3013895e-016  9.3018271e-016 -2.5733154e-019
  4.9530000e+002  4.9530000e+002 -5.2500000e+001  9.2858147e-016  9.2858147e-016  1.7497664e-018
  5.7030000e+002  4.9530000e+002 -5.2500000e+001  9.2737244e-016  9.2660371e-016  2.5326671e-018
  6.4530000e+002  4.9530000e+002 -5.2500000e+001  9.2716805e-016  9.2663340e-016  1.9167824e-018
  7.2030000e+002  4.9530000e+002 -5.2500000e+001  9.2810244e-016  9.2810244e-016  1.2495915e-030
  8.1030000e+002  4.9530000e+002 -5.2500000e+001  9.2959634e-016  9.2942477e-016 -9.8842840e-020
  9.3630000e+002  4.9530000e+002 -5.2500000e+001  9.3040484e-016  9.3014974e-016  8.6226685e-019
  1.1127000e+003  4.9530000e+002 -5.2500000e+001  9.3043902e-016  9.3037024e-016  7.6562186e-019
  1.0290000e+002  5.7030000e+002 -5.2500000e+001  9.3048884e-016  9.3049189e-016 -1.2312718e-018
  2.7930000e+002  5.7030000e+002 -5.2500000e+001  9.3058974e-016  9.3045789e-016 -1.5905601e-018
  4.0530000e+002  5.7030000e+002 -5.2500000e+001  9.2939240e-016  9.2961130e-016  5.8347536e-019
  4.9530000e+002  5.7030000e+002 -5.2500000e+001  9.2660371e-016  9.2737244e-016  2.5326671e-018
  5.7030000e+002  5.7030000e+002 -5.2500000e+001  9.2430490e-016  9.2430490e-016  1.9200338e-018
  6.4530000e+002  5.7030000e+002 -5.2500000e+001  9.2433512e-016  9.2433512e-016  1.3420211e-030
  7.2030000e+002  5.7030000e+002 -5.2500000e+001  9.2663340e-016  9.2716805e-016 -1.9167824e-018
  8.1030000e+002  5.7030000e+002 -5.2500000e+001  9.2931280e-016  9.2930473e-016 -6.1885301e-019
  9.3630000e+002  5.7030000e+002 -5.2500000e+001  9.3049352e-016  9.3024462e-016  1.1456501e-018
  1.1127000e+003  5.7030000e+002 -5.2500000e+001  9.3047439e-016  9.3042559e-016  9.9224860e-019
  1.0290000e+002  6.4530000e+002 -5.2500000e+001  9.3047439e-016  9.3042559e-016 -9.9224860e-019
  2.7930000e+002  6.4530000e+002 -5.2500000e+001  9.3049352e-016  9.3024462e-016 -1.1456501e-018
  4.0530000e+002  6.4530000e+002 -5.2500000e+001  9.2931280e-016  9.2930473e-016  6.1885301e-019
  4.9530000e+002  6.4530000e+002 -5.2500000e+001  9.2663340e-016  9.2716805e-016  1.9167824e-018
  5.7030000e+002  6.4530000e+002 -5.2500000e+001  9.2433512e-016  9.2433512e-016  3.2997198e-031
  6.4530000e+002  6.4530000e+002 -5.2500000e+001  9.2430490e-016  9.2430490e-016 -1.9200338e-018
  7.2030000e+002  6.4530000e+002 -5.2500000e+001  9.2660371e-016  9.2737244e-016 -2.5326671e-018
  8.1030000e+002  6.4530000e+002 -5.2500000e+001  9.2939240e-016  9.2961130e-016 -5.8347536e-019
  9.3630000e+002  6.4530000e+002 -5.2500000e+001  9.3058974e-016  9.3045789e-016  1.5905601e-018
  1.1127000e+003  6.4530000e+002 -5.2500000e+001  9.3048884e-016  9.3049189e-016  1.2312718e-018
  1.0290000e+002  7.2030000e+002 -5.2500000e+001  9.3043902e-016  9.3037024e-016 -7.6562186e-019
  2.7930000e+002  7.2030000e+002 -5.2500000e+001  9.3040484e-016  9.3014974e-016 -8.6226685e-019
  4.0530000e+002  7.2030000e+002 -5.2500000e+001  9.2959634e-016  9.2942477e-016  9.8842841e-020
  4.9530000e+002  7.2030000e+002 -5.2500000e+001  9.2810244e-016  9.2810244e-016  7.1264223e-031
  5.7030000e+002  7.2030000e+002 -5.2500000e+001  9.2716805e-016  9.2663340e-016 -1.9167824e-018
  6.4530000e+002  7.2030000e+002 -5.2500000e+001  9.2737244e-016  9.2660371e-016 -2.5326671e-018
  7.2030000e+002  7.2030000e+002 -5.2500000e+001  9.2858147e-016  9.2858147e-016 -1.7497664e-018
  8.1030000e+002  7.2030000e+002 -5.2500000e+001  9.3013895e-016  9.3018271e-016  2.5733154e-019
  9.3630000e+002  7.2030000e+002 -5.2500000e+001  9.3071485e-016  9.3068423e-016  2.2282992e-018
  1.1127000e+003  7.2030000e+002 -5.2500000e+001  9.3047436e-016  9.3053392e-016  1.4602528e-018
  1.0290000e+002  8.1030000e+002 -5.2500000e+001  9.3039485e-016  9.3034398e-016 -5.1203170e-019
  2.7930000e+002  8.1030000e+002 -5.2500000e+001  9.3032468e-016  9.3021325e-016 -5.2069599e-019
  4.0530000e+002  8.1030000e+002 -5.2500000e+001  9.2993020e-016  9.2993020e-016  1.2202211e-030
  4.9530000e+002  8.1030000e+002 -5.2500000e+001  9.2942477e-016  9.2959634e-016 -9.8842840e-020
  5.7030000e+002  8.1030000e+002 -5.2500000e+001  9.2930473e-016  9.2931280e-016 -6.1885301e-019
  6.4530000e+002  8.1030000e+002 -5.2500000e+001  9.2961130e-016  9.2939240e-016 -5.8347536e-019
  7.2030000e+002  8.1030000e+002 -5.2500000e+001  9.3018271e-016  9.3013895e-016  2.5733154e-019
  8.1030000e+002  8.1030000e+002 -5.2500000e+001  9.3075896e-016  9.3075896e-016  1.7143852e-018
  9.3630000e+002  8.1030000e+002 -5.2500000e+001  9.3073185e-016  9.3078367e-016  3.0132979e-018
  1.1127000e+003  8.1030000e+002 -5.2500000e+001  9.3041645e-016  9.3049883e-016  1.6628630e-018
  1.0290000e+002  9.3630000e+002 -5.2500000e+001  9.3037045e-016  9.3034160e-016 -2.1119984e-019
  2.7930000e+002  9.3630000e+002 -5.2500000e+001  9.3031951e-016  9.3031951e-016  1.4278122e-030
  4.0530000e+002  9.3630000e+002 -5.2500000e+001  9.3021325e-016  9.3032468e-016  5.2069599e-019
  4.9530000e+002  9.3630000e+002 -5.2500000e+001  9.3014974e-016  9.3040484e-016  8.6226685e-019
  5.7030000e+002  9.3630000e+002 -5.2500000e+001  9.3024462e-016  9.3049352e-016  1.1456501e-018
  6.4530000e+002  9.3630000e+002 -5.2500000e+001  9.3045789e-016  9.3058974e-016  1.5905601e-018
  7.2030000e+002  9.3630000e+002 -5.2500000e+001  9.3068423e-016  9.3071485e-016  2.2282992e-018
  8.1030000e+002  9.3630000e+002 -5.2500000e+001  9.3078367e-016  9.3073185e-016  3.0132979e-018
  9.3630000e+002  9.3630000e+002 -5.2500000e+001  9.3050786e-016  9.3050786e-016  3.4552254e-018
  1.1127000e+003  9.3630000e+002 -5.2500000e+001  9.3030374e-016  9.3030923e-016  1.6305912e-018
  1.0290000e+002  1.1127000e+003 -5.2500000e+001  9.3036417e-016  9.3036417e-016  2.3926068e-031
  2.7930000e+002  1.1127000e+003 -5.2500000e+001  9.3034160e-016  9.3037045e-016  2.1119984e-019
  4.0530000e+002  1.1127000e+003 -5.2500000e+001  9.3034398e-016  9.3039485e-016  5.1203170e-019
  4.9530000e+002  1.1127000e+003 -5.2500000e+001  9.3037024e-016  9.3043902e-016  7.6562186e-019
  5.7030000e+002  1.1127000e+003 -5.2500000e+001  9.3042559e-016  9.3047439e-016  9.9224860e-019
  6.4530000e+002  1.1127000e+003 -5.2500000e+001  9.3049189e-016  9.3048884e-016  1.2312718e-018
  7.2030000e+002  1.1127000e+003 -5.2500000e+001  9.3053392e-016  9.3047436e-016  1.4602528e-018
  8.1030000e+002  1.1127000e+003 -5.2500000e+001  9.3049883e-016  9.3041645e-016  1.6628630e-018
  9.3630000e+002  1.1127000e+003 -5.2500000e+001  9.3030923e-016  9.3030374e-016  1.6305912e-018
  1.1127000e+003  1.1127000e+003 -5.2500000e+001  9.3027161e-016  9.3027161e-016  6.2969523e-019
  1.0290000e+002  1.0290000e+002 -1.4250000e+002  4.5777269e-016  4.5777269e-016  2.4406386e-019
  2.7930000e+002  1.0290000e+002 -1.4250000e+002  4.5778117e-016  4.5778207e-016 -1.4546831e-019
  4.0530000e+002  1.0290000e+002 -1.4250000e+002  4.5784986e-016  4.5779839e-016 -1.4796986e-019
  4.9530000e+002  1.0290000e+002 -1.4250000e+002  4.5788099e-016  4.5778888e-016 -8.1961789e-020
  5.7030000e+002  1.0290000e+002 -1.4250000e+002  4.5789206e-016  4.5778118e-016 -2.7927526e-020
  6.4530000e+002  1.0290000e+002 -1.4250000e+002  4.5788646e-016  4.5780755e-016 -2.6683953e-021
  7.2030000e+002  1.0290000e+002 -1.4250000e+002  4.5786661e-016  4.5782924e-016 -2.8955449e-021
  8.1030000e+002  1.0290000e+002 -1.4250000e+002  4.5784304e-016  4.5782862e-016 -4.5866235e-021
  9.3630000e+002  1.0290000e+002 -1.4250000e+002  4.5782189e-016  4.5781494e-016  8.3154911e-021
  1.1127000e+003  1.0290000e+002 -1.4250000e+002  4.5780893e-016  4.5780893e-016 -8.3717767e-032
  1.0290000e+002  2.7930000e+002 -1.4250000e+002  4.5778207e-016  4.5778117e-016 -1.4546831e-019
  2.7930000e+002  2.7930000e+002 -1.4250000e+002  4.5781171e-016  4.5781171e-016 -8.4792599e-019
  4.0530000e+002  2.7930000e+002 -1.4250000e+002  4.5789148e-016  4.5775165e-016 -3.7560688e-019
  4.9530000e+002  2.7930000e+002 -1.4250000e+002  4.5793469e-016  4.5745261e-016  2.4064400e-019
  5.7030000e+002  2.7930000e+002 -1.4250000e+002  4.5803577e-016  4.5718673e-016  6.1257836e-019
  6.4530000e+002  2.7930000e+002 -1.4250000e+002  4.5808632e-016  4.5748143e-016  5.7098569e-019
  7.2030000e+002  2.7930000e+002 -1.4250000e+002  4.5802037e-016  4.5778964e-016  2.3803303e-019
  8.1030000e+002  2.7930000e+002 -1.4250000e+002  4.5792746e-016  4.5789890e-016 -8.9800850e-021
  9.3630000e+002  2.7930000e+002 -1.4250000e+002  4.5785284e-016  4.5785284e-016  5.1853256e-031
  1.1127000e+003  2.7930000e+002 -1.4250000e+002  4.5781494e-016  4.5782189e-016 -8.3154911e-021
  1.0290000e+002  4.0530000e+002 -1.4250000e+002  4.5779839e-016  4.5784986e-016 -1.4796986e-019
  2.7930000e+002  4.0530000e+002 -1.4250000e+002  4.5775165e-016  4.5789148e-016 -3.7560688e-019
  4.0530000e+002  4.0530000e+002 -1.4250000e+002  4.5744358e-016  4.5744358e-016  1.3412245e-018
  4.9530000e+002  4.0530000e+002 -1.4250000e+002  4.5705213e-016  4.5566179e-016  3.5189659e-018
  5.7030000e+002  4.0530000e+002 -1.4250000e+002  4.5742284e-016  4.5347839e-016  4.7359545e-018
  6.4530000e+002  4.0530000e+002 -1.4250000e+002  4.5788585e-016  4.5511769e-016  3.8610126e-018
  7.2030000e+002  4.0530000e+002 -1.4250000e+002  4.5794416e-016  4.5707961e-016  1.2501545e-018
  8.1030000e+002  4.0530000e+002 -1.4250000e+002  4.5798597e-016  4.5798597e-016  1.2310063e-030
  9.3630000e+002  4.0530000e+002 -1.4250000e+002  4.5789890e-016  4.5792746e-016  8.9800850e-021
  1.1127000e+003  4.0530000e+002 -1.4250000e+002  4.5782862e-016  4.5784304e-016  4.5866235e-021
  1.0290000e+002  4.9530000e+002 -1.4250000e+002  4.5778888e-016  4.5788099e-016 -8.1961789e-020
  2.7930000e+002  4.9530000e+002 -1.4250000e+002  4.5745261e-016  4.5793469e-016  2.4064400e-019
  4.0530000e+002  4.9530000e+002 -1.4250000e+002  4.5566179e-016  4.5705213e-016  3.5189659e-018
  4.9530000e+002  4.9530000e+002 -1.4250000e+002  4.5243104e-016  4.5243104e-016  8.3153416e-018
  5.7030000e+002  4.9530000e+002 -1.4250000e+002  4.5158692e-016  4.4367001e-016  1.1286482e-017
  6.4530000e+002  4.9530000e+002 -1.4250000e+002  4.5261304e-016  4.4665580e-016  1.0358436e-017
  7.2030000e+002  4.9530000e+002 -1.4250000e+002  4.5457860e-016  4.5457860e-016  2.9998285e-030
  8.1030000e+002  4.9530000e+002 -1.4250000e+002  4.5707961e-016  4.5794416e-016 -1.2501545e-018
  9.3630000e+002  4.9530000e+002 -1.4250000e+002  4.5778964e-016  4.5802037e-016 -2.3803303e-019
  1.1127000e+003  4.9530000e+002 -1.4250000e+002  4.5782924e-016  4.5786661e-016  2.8955449e-021
  1.0290000e+002  5.7030000e+002 -1.4250000e+002  4.5778118e-016  4.5789206e-016 -2.7927526e-020
  2.7930000e+002  5.7030000e+002 -1.4250000e+002  4.5718673e-016  4.5803577e-016  6.1257836e-019
  4.0530000e+002  5.7030000e+002 -1.4250000e+002  4.5347839e-016  4.5742284e-016  4.7359545e-018
  4.9530000e+002  5.7030000e+002 -1.4250000e+002  4.4367001e-016  4.5158692e-016  1.1286482e-017
  5.7030000e+002  5.7030000e+002 -1.4250000e+002  4.3505181e-016  4.3505181e-016  7.6802339e-018
  6.4530000e+002  5.7030000e+002 -1.4250000e+002  4.3666706e-016  4.3666706e-016  7.7553347e-030
  7.2030000e+002  5.7030000e+002 -1.4250000e+002  4.4665580e-016  4.5261304e-016 -1.0358436e-017
  8.1030000e+002  5.7030000e+002 -1.4250000e+002  4.5511769e-016  4.5788585e-016 -3.8610126e-018
  9.3630000e+002  5.7030000e+002 -1.4250000e+002  4.5748143e-016  4.5808632e-016 -5.7098569e-019
  1.1127000e+003  5.7030000e+002 -1.4250000e+002  4.5780755e-016  4.5788646e-016  2.6683953e-021
  1.0290000e+002  6.4530000e+002 -1.4250000e+002  4.5780755e-016  4.5788646e-016 -2.6683953e-021
  2.7930000e+002  6.4530000e+002 -1.4250000e+002  4.5748143e-016  4.5808632e-016  5.7098569e-019
  4.0530000e+002  6.4530000e+002 -1.4250000e+002  4.5511769e-016  4.5788585e-016  3.8610126e-018
  4.9530000e+002  6.4530000e+002 -1.4250000e+002  4.4665580e-016  4.5261304e-016  1.0358436e-017
  5.7030000e+002  6.4530000e+002 -1.4250000e+002  4.3666706e-016  4.3666706e-016  3.4543479e-030
  6.4530000e+002  6.4530000e+002 -1.4250000e+002  4.3505181e-016  4.3505181e-016 -7.6802339e-018
  7.2030000e+002  6.4530000e+002 -1.4250000e+002  4.4367001e-016  4.5158692e-016 -1.1286482e-017
  8.1030000e+002  6.4530000e+002 -1.4250000e+002  4.5347839e-016  4.5742284e-016 -4.7359545e-018
  9.3630000e+002  6.4530000e+002 -1.4250000e+002  4.5718673e-016  4.5803577e-016 -6.1257836e-019
  1.1127000e+003  6.4530000e+002 -1.4250000e+002  4.5778118e-016  4.5789206e-016  2.7927526e-020
  1.0290000e+002  7.2030000e+002 -1.4250000e+002  4.5782924e-016  4.5786661e-016 -2.8955449e-021
  2.7930000e+002  7.2030000e+002 -1.4250000e+002  4.5778964e-016  4.5802037e-016  2.3803303e-019
  4.0530000e+002  7.2030000e+002 -1.4250000e+002  4.5707961e-016  4.5794416e-016  1.2501545e-018
  4.9530000e+002  7.2030000e+002 -1.4250000e+002  4.5457860e-016  4.5457860e-016  9.9031318e-031
  5.7030000e+002  7.2030000e+002 -1.4250000e+002  4.5261304e-016  4.4665580e-016 -1.0358436e-017
  6.4530000e+002  7.2030000e+002 -1.4250000e+002  4.5158692e-016  4.4367001e-016 -1.1286482e-017
  7.2030000e+002  7.2030000e+002 -1.4250000e+002  4.5243104e-016  4.5243104e-016 -8.3153416e-018
  8.1030000e+002  7.2030000e+002 -1.4250000e+002  4.5566179e-016  4.5705213e-016 -3.5189659e-018
  9.3630000e+002  7.2030000e+002 -1.4250000e+002  4.5745261e-016  4.5793469e-016 -2.4064400e-019
  1.1127000e+003  7.2030000e+002 -1.4250000e+002  4.5778888e-016  4.5788099e-016  8.1961789e-020
  1.0290000e+002  8.1030000e+002 -1.4250000e+002  4.5782862e-016  4.5784304e-016 -4.5866235e-021
  2.7930000e+002  8.1030000e+002 -1.4250000e+002  4.5789890e-016  4.5792746e-016 -8.9800850e-021
  4.0530000e+002  8.1030000e+002 -1.4250000e+002  4.5798597e-016  4.5798597e-016  6.1759758e-031
  4.9530000e+002  8.1030000e+002 -1.4250000e+002  4.5794416e-016  4.5707961e-016 -1.2501545e-018
  5.7030000e+002  8.1030000e+002 -1.4250000e+002  4.5788585e-016  4.5511769e-016 -3.8610126e-018
  6.4530000e+002  8.1030000e+002 -1.4250000e+002  4.5742284e-016  4.5347839e-016 -4.7359545e-018
  7.2030000e+002  8.1030000e+002 -1.4250000e+002  4.5705213e-016  4.5566179e-016 -3.5189659e-018
  8.1030000e+002  8.1030000e+002 -1.4250000e+002  4.5744358e-016  4.5744358e-016 -1.3412245e-018
  9.3630000e+002  8.1030000e+002 -1.4250000e+002  4.5775165e-016  4.5789148e-016  3.7560688e-019
  1.1127000e+003  8.1030000e+002 -1.4250000e+002  4.5779839e-016  4.5784986e-016  1.4796986e-019
  1.0290000e+002  9.3630000e+002 -1.4250000e+002  4.5781494e-016  4.5782189e-016  8.3154911e-021
  2.7930000e+002  9.3630000e+002 -1.4250000e+002  4.5785284e-016  4.5785284e-016  5.4063261e-031
  4.0530000e+002  9.3630000e+002 -1.4250000e+002  4.5792746e-016  4.5789890e-016  8.9800850e-021
  4.9530000e+002  9.3630000e+002 -1.4250000e+002  4.5802037e-016  4.5778964e-016 -2.3803303e-019
  5.7030000e+002  9.3630000e+002 -1.4250000e+002  4.5808632e-016  4.5748143e-016 -5.7098569e-019
  6.4530000e+002  9.3630000e+002 -1.4250000e+002  4.5803577e-016  4.5718673e-016 -6.1257836e-019
  7.2030000e+002  9.3630000e+002 -1.4250000e+002  4.5793469e-016  4.5745261e-016 -2.4064400e-019
  8.1030000e+002  9.3630000e+002 -1.4250000e+002  4.5789148e-016  4.5775165e-016  3.7560688e-019
  9.3630000e+002  9.3630000e+002 -1.4250000e+002  4.5781171e-016  4.5781171e-016  8.4792599e-019
  1.1127000e+003  9.3630000e+002 -1.4250000e+002  4.5778207e-016  4.5778117e-016  1.4546831e-019
  1.0290000e+002  1.1127000e+003 -1.4250000e+002  4.5780893e-016  4.5780893e-016 -8.5017770e-032
  2.7930000e+002  1.1127000e+003 -1.4250000e+002  4.5782189e-016  4.5781494e-016 -8.3154911e-021
  4.0530000e+002  1.1127000e+003 -1.4250000e+002  4.5784304e-016  4.5782862e-016  4.5866235e-021
  4.9530000e+002  1.1127000e+003 -1.4250000e+002  4.5786661e-016  4.5782924e-016  2.8955449e-021
  5.7030000e+002  1.1127000e+003 -1.4250000e+002  4.5788646e-016  4.5780755e-016  2.6683953e-021
  6.4530000e+002  1.1127000e+003 -1.4250000e+002  4.5789206e-016  4.5778118e-016  2.7927526e-020
  7.2030000e+002  1.1127000e+003 -1.4250000e+002  4.5788099e-016  4.5778888e-016  8.1961789e-020
  8.1030000e+002  1.1127000e+003 -1.4250000e+002  4.5784986e-016  4.5779839e-016  1.4796986e-019
  9.3630000e+002  1.1127000e+003 -1.4250000e+002  4.5778117e-016  4.5778207e-016  1.4546831e-019
  1.1127000e+003  1.1127000e+003 -1.4250000e+002  4.5777269e-016  4.5777269e-016 -2.4406386e-019
  1.0290000e+002  1.0290000e+002 -2.1750000e+002  6.3976067e-002  6.3976067e-002  2.0394958e-005
  2.7930000e+002  1.0290000e+002 -2.1750000e+002  6.3943577e-002  6.3940954e-002  3.0786371e-005
  4.0530000e+002  1.0290000e+002 -2.1750000e+002  6.3991374e-002  6.3883962e-002  3.6385714e-005
  4.9530000e+002  1.0290000e+002 -2.1750000e+002  6.4080349e-002  6.3834374e-002  3.7471021e-005
  5.7030000e+002  1.0290000e+002 -2.1750000e+002  6.4183642e-002  6.3815425e-002  3.6579717e-005
  6.4530000e+002  1.0290000e+002 -2.1750000e+002  6.4264741e-002  6.3889811e-002  3.0507220e-005
  7.2030000e+002  1.0290000e+002 -2.1750000e+002  6.4287556e-002  6.3972553e-002  2.1738252e-005
  8.1030000e+002  1.0290000e+002 -2.1750000e+002  6.4257379e-002  6.4009307e-002  1.2885191e-005
  9.3630000e+002  1.0290000e+002 -2.1750000e+002  6.4188028e-002  6.4020151e-002  4.2153610e-006
  1.1127000e+003  1.0290000e+002 -2.1750000e+002  6.4051776e-002  6.4051776e-002 -2.0294909e-018
  1.0290000e+002  2.7930000e+002 -2.1750000e+002  6.3940954e-002  6.3943577e-002  3.0786371e-005
  2.7930000e+002  2.7930000e+002 -2.1750000e+002  6.3762232e-002  6.3762232e-002  4.0084190e-005
  4.0530000e+002  2.7930000e+002 -2.1750000e+002  6.3802004e-002  6.3444507e-002  4.0636785e-005
  4.9530000e+002  2.7930000e+002 -2.1750000e+002  6.4109926e-002  6.2896611e-002  8.8310429e-005
  5.7030000e+002  2.7930000e+002 -2.1750000e+002  6.4739622e-002  6.2415053e-002  1.4875548e-004
  6.4530000e+002  2.7930000e+002 -2.1750000e+002  6.5196287e-002  6.3353901e-002  1.0967348e-004
  7.2030000e+002  2.7930000e+002 -2.1750000e+002  6.5039893e-002  6.4233209e-002  3.8935586e-005
  8.1030000e+002  2.7930000e+002 -2.1750000e+002  6.4578322e-002  6.4356992e-002  8.4613691e-006
  9.3630000e+002  2.7930000e+002 -2.1750000e+002  6.4209060e-002  6.4209060e-002  1.9485146e-017
  1.1127000e+003  2.7930000e+002 -2.1750000e+002  6.4020151e-002  6.4188028e-002 -4.2153610e-006
  1.0290000e+002  4.0530000e+002 -2.1750000e+002  6.3883962e-002  6.3991374e-002  3.6385714e-005
  2.7930000e+002  4.0530000e+002 -2.1750000e+002  6.3444507e-002  6.3802004e-002  4.0636785e-005
  4.0530000e+002  4.0530000e+002 -2.1750000e+002  6.3115775e-002  6.3115775e-002  1.9772490e-004
  4.9530000e+002  4.0530000e+002 -2.1750000e+002  6.3638796e-002  6.0090102e-002  8.9917224e-004
  5.7030000e+002  4.0530000e+002 -2.1750000e+002  6.7144466e-002  5.5026247e-002  1.6640589e-003
  6.4530000e+002  4.0530000e+002 -2.1750000e+002  6.9966773e-002  6.1668105e-002  9.9436127e-004
  7.2030000e+002  4.0530000e+002 -2.1750000e+002  6.8507056e-002  6.6260972e-002  2.3199183e-004
  8.1030000e+002  4.0530000e+002 -2.1750000e+002  6.5879379e-002  6.5879379e-002  3.7418527e-017
  9.3630000e+002  4.0530000e+002 -2.1750000e+002  6.4356992e-002  6.4578322e-002 -8.4613691e-006
  1.1127000e+003  4.0530000e+002 -2.1750000e+002  6.4009307e-002  6.4257379e-002 -1.2885191e-005
  1.0290000e+002  4.9530000e+002 -2.1750000e+002  6.3834374e-002  6.4080349e-002  3.7471021e-005
  2.7930000e+002  4.9530000e+002 -2.1750000e+002  6.2896611e-002  6.4109926e-002  8.8310429e-005
  4.0530000e+002  4.9530000e+002 -2.1750000e+002  6.0090102e-002  6.3638796e-002  8.9917224e-004
  4.9530000e+002  4.9530000e+002 -2.1750000e+002  5.5901260e-002  5.5901260e-002  4.0080042e-003
  5.7030000e+002  4.9530000e+002 -2.1750000e+002  6.3950908e-002  3.1330534e-002  7.3304422e-003
  6.4530000e+002  4.9530000e+002 -2.1750000e+002  7.2291189e-002  5.9940217e-002  2.0798586e-003
  7.2030000e+002  4.9530000e+002 -2.1750000e+002  6.9263450e-002  6.9263450e-002 -7.4593109e-017
  8.1030000e+002  4.9530000e+002 -2.1750000e+002  6.6260972e-002  6.8507056e-002 -2.3199183e-004
  9.3630000e+002  4.9530000e+002 -2.1750000e+002  6.4233209e-002  6.5039893e-002 -3.8935586e-005
  1.1127000e+003  4.9530000e+002 -2.1750000e+002  6.3972553e-002  6.4287556e-002 -2.1738252e-005
  1.0290000e+002  5.7030000e+002 -2.1750000e+002  6.3815425e-002  6.4183642e-002  3.6579717e-005
  2.7930000e+002  5.7030000e+002 -2.1750000e+002  6.2415053e-002  6.4739622e-002  1.4875548e-004
  4.0530000e+002  5.7030000e+002 -2.1750000e+002  5.5026247e-002  6.7144466e-002  1.6640589e-003
  4.9530000e+002  5.7030000e+002 -2.1750000e+002  3.1330534e-002  6.3950908e-002  7.3304422e-003
  5.7030000e+002  5.7030000e+002 -2.1750000e+002  2.0808348e-003  2.0808348e-003  2.3731215e-002
  6.4530000e+002  5.7030000e+002 -2.1750000e+002  2.4894477e-002  2.4894477e-002 -2.9264785e-015
  7.2030000e+002  5.7030000e+002 -2.1750000e+002  5.9940217e-002  7.2291189e-002 -2.0798586e-003
  8.1030000e+002  5.7030000e+002 -2.1750000e+002  6.1668105e-002  6.9966773e-002 -9.9436127e-004
  9.3630000e+002  5.7030000e+002 -2.1750000e+002  6.3353901e-002  6.5196287e-002 -1.0967348e-004
  1.1127000e+003  5.7030000e+002 -2.1750000e+002  6.3889811e-002  6.4264741e-002 -3.0507220e-005
  1.0290000e+002  6.4530000e+002 -2.1750000e+002  6.3889811e-002  6.4264741e-002  3.0507220e-005
  2.7930000e+002  6.4530000e+002 -2.1750000e+002  6.3353901e-002  6.5196287e-002  1.0967348e-004
  4.0530000e+002  6.4530000e+002 -2.1750000e+002  6.1668105e-002  6.9966773e-002  9.9436127e-004
  4.9530000e+002  6.4530000e+002 -2.1750000e+002  5.9940217e-002  7.2291189e-002  2.0798586e-003
  5.7030000e+002  6.4530000e+002 -2.1750000e+002  2.4894477e-002  2.4894477e-002 -2.5795338e-015
  6.4530000e+002  6.4530000e+002 -2.1750000e+002  2.0808348e-003  2.0808348e-003 -2.3731215e-002
  7.2030000e+002  6.4530000e+002 -2.1750000e+002  3.1330534e-002  6.3950908e-002 -7.3304422e-003
  8.1030000e+002  6.4530000e+002 -2.1750000e+002  5.5026247e-002  6.7144466e-002 -1.6640589e-003
  9.3630000e+002  6.4530000e+002 -2.1750000e+002  6.2415053e-002  6.4739622e-002 -1.4875548e-004
  1.1127000e+003  6.4530000e+002 -2.1750000e+002  6.3815425e-002  6.4183642e-002 -3.6579717e-005
  1.0290000e+002  7.2030000e+002 -2.1750000e+002  6.3972553e-002  6.4287556e-002  2.1738252e-005
  2.7930000e+002  7.2030000e+002 -2.1750000e+002  6.4233209e-002  6.5039893e-002  3.8935586e-005
  4.0530000e+002  7.2030000e+002 -2.1750000e+002  6.6260972e-002  6.8507056e-002  2.3199183e-004
  4.9530000e+002  7.2030000e+002 -2.1750000e+002  6.9263450e-002  6.9263450e-002 -1.5482407e-016
  5.7030000e+002  7.2030000e+002 -2.1750000e+002  7.2291189e-002  5.9940217e-002 -2.0798586e-003
  6.4530000e+002  7.2030000e+002 -2.1750000e+002  6.3950908e-002  3.1330534e-002 -7.3304422e-003
  7.2030000e+002  7.2030000e+002 -2.1750000e+002  5.5901260e-002  5.5901260e-002 -4.0080042e-003
  8.1030000e+002  7.2030000e+002 -2.1750000e+002  6.0090102e-002  6.3638796e-002 -8.9917224e-004
  9.3630000e+002  7.2030000e+002 -2.1750000e+002  6.2896611e-002  6.4109926e-002 -8.8310429e-005
  1.1127000e+003  7.2030000e+002 -2.1750000e+002  6.3834374e-002  6.4080349e-002 -3.7471021e-005
  1.0290000e+002  8.1030000e+002 -2.1750000e+002  6.4009307e-002  6.4257379e-002  1.2885191e-005
  2.7930000e+002  8.1030000e+002 -2.1750000e+002  6.4356992e-002  6.4578322e-002  8.4613691e-006
  4.0530000e+002  8.1030000e+002 -2.1750000e+002  6.5879379e-002  6.5879379e-002  2.8094389e-017
  4.9530000e+002  8.1030000e+002 -2.1750000e+002  6.8507056e-002  6.6260972e-002 -2.3199183e-004
  5.7030000e+002  8.1030000e+002 -2.1750000e+002  6.9966773e-002  6.1668105e-002 -9.9436127e-004
  6.4530000e+002  8.1030000e+002 -2.1750000e+002  6.7144466e-002  5.5026247e-002 -1.6640589e-003
  7.2030000e+002  8.1030000e+002 -2.1750000e+002  6.3638796e-002  6.0090102e-002 -8.9917224e-004
  8.1030000e+002  8.1030000e+002 -2.1750000e+002  6.3115775e-002  6.3115775e-002 -1.9772490e-004
  9.3630000e+002  8.1030000e+002 -2.1750000e+002  6.3444507e-002  6.3802004e-002 -4.0636785e-005
  1.1127000e+003  8.1030000e+002 -2.1750000e+002  6.3883962e-002  6.3991374e-002 -3.6385714e-005
  1.0290000e+002  9.3630000e+002 -2.1750000e+002  6.4020151e-002  6.4188028e-002  4.2153610e-006
  2.7930000e+002  9.3630000e+002 -2.1750000e+002  6.4209060e-002  6.4209060e-002  1.1777146e-017
  4.0530000e+002  9.3630000e+002 -2.1750000e+002  6.4578322e-002  6.4356992e-002 -8.4613691e-006
  4.9530000e+002  9.3630000e+002 -2.1750000e+002  6.5039893e-002  6.4233209e-002 -3.8935586e-005
  5.7030000e+002  9.3630000e+002 -2.1750000e+002  6.5196287e-002  6.3353901e-002 -1.0967348e-004
  6.4530000e+002  9.3630000e+002 -2.1750000e+002  6.4739622e-002  6.2415053e-002 -1.4875548e-004
  7.2030000e+002  9.3630000e+002 -2.1750000e+002  6.4109926e-002  6.2896611e-002 -8.8310429e-005
  8.1030000e+002  9.3630000e+002 -2.1750000e+002  6.3802004e-002  6.3444507e-002 -4.0636785e-005
  9.3630000e+002  9.3630000e+002 -2.1750000e+002  6.3762232e-002  6.3762232e-002 -4.0084190e-005
  1.1127000e+003  9.3630000e+002 -2.1750000e+002  6.3940954e-002  6.3943577e-002 -3.0786371e-005
  1.0290000e+002  1.1127000e+003 -2.1750000e+002  6.4051776e-002  6.4051776e-002 -1.1306196e-017
  2.7930000e+002  1.1127000e+003 -2.1750000e+002  6.4188028e-002  6.4020151e-002 -4.2153610e-006
  4.0530000e+002  1.1127000e+003 -2.1750000e+002  6.4257379e-002  6.4009307e-002 -1.2885191e-005
  4.9530000e+002  1.1127000e+003 -2.1750000e+002  6.4287556e-002  6.3972553e-002 -2.1738252e-005
  5.7030000e+002  1.1127000e+003 -2.1750000e+002  6.4264741e-002  6.3889811e-002 -3.0507220e-005
  6.4530000e+002  1.1127000e+003 -2.1750000e+002  6.4183642e-002  6.3815425e-002 -3.6579717e-005
  7.2030000e+002  1.1127000e+003 -2.1750000e+002  6.4080349e-002  6.3834374e-002 -3.7471021e-005
  8.1030000e+002  1.1127000e+003 -2.1750000e+002  6.3991374e-002  6.3883962e-002 -3.6385714e-005
  9.3630000e+002  1.1127000e+003 -2.1750000e+002  6.3943577e-002  6.3940954e-002 -3.0786371e-005
  1.1127000e+003  1.1127000e+003 -2.1750000e+002  6.3976067e-002  6.3976067e-002 -2.0394958e-005
  1.0290000e+002  1.0290000e+002 -2.9250000e+002 -2.3886230e-002 -2.3886230e-002  5.4236142e-005
  2.7930000e+002  1.0290000e+002 -2.9250000e+002 -2.3904657e-002 -2.3892306e-002  7.6187430e-005
  4.0530000e+002  1.0290000e+002 -2.9250000e+002 -2.3867552e-002 -2.3904861e-002  8.7492375e-005
  4.9530000e+002  1.0290000e+002 -2.9250000e+002 -2.3811558e-002 -2.3916467e-002  8.7617645e-005
  5.7030000e+002  1.0290000e+002 -2.9250000e+002 -2.3750629e-002 -2.3924077e-002  8.3647045e-005
  6.4530000e+002  1.0290000e+002 -2.9250000e+002 -2.3700836e-002 -2.3903766e-002  7.0731658e-005
  7.2030000e+002  1.0290000e+002 -2.9250000e+002 -2.3681160e-002 -2.3885235e-002  5.2790332e-005
  8.1030000e+002  1.0290000e+002 -2.9250000e+002 -2.3688839e-002 -2.3886060e-002  3.3409135e-005
  9.3630000e+002  1.0290000e+002 -2.9250000e+002 -2.3723083e-002 -2.3879399e-002  1.2467189e-005
  1.1127000e+003  1.0290000e+002 -2.9250000e+002 -2.3833296e-002 -2.3833296e-002 -2.6562953e-018
  1.0290000e+002  2.7930000e+002 -2.9250000e+002 -2.3892306e-002 -2.3904657e-002  7.6187430e-005
  2.7930000e+002  2.7930000e+002 -2.9250000e+002 -2.3999503e-002 -2.3999503e-002  9.3445378e-005
  4.0530000e+002  2.7930000e+002 -2.9250000e+002 -2.3973094e-002 -2.4113707e-002  7.8274764e-005
  4.9530000e+002  2.7930000e+002 -2.9250000e+002 -2.3813135e-002 -2.4268172e-002  1.3843079e-004
  5.7030000e+002  2.7930000e+002 -2.9250000e+002 -2.3490003e-002 -2.4370269e-002  2.2743892e-004
  6.4530000e+002  2.7930000e+002 -2.9250000e+002 -2.3270686e-002 -2.3965321e-002  1.6992106e-004
  7.2030000e+002  2.7930000e+002 -2.9250000e+002 -2.3382090e-002 -2.3657340e-002  6.2395550e-005
  8.1030000e+002  2.7930000e+002 -2.9250000e+002 -2.3630355e-002 -2.3714499e-002  1.6904539e-005
  9.3630000e+002  2.7930000e+002 -2.9250000e+002 -2.3790578e-002 -2.3790578e-002  2.4282741e-017
  1.1127000e+003  2.7930000e+002 -2.9250000e+002 -2.3879399e-002 -2.3723083e-002 -1.2467189e-005
  1.0290000e+002  4.0530000e+002 -2.9250000e+002 -2.3904861e-002 -2.3867552e-002  8.7492375e-005
  2.7930000e+002  4.0530000e+002 -2.9250000e+002 -2.4113707e-002 -2.3973094e-002  7.8274764e-005
  4.0530000e+002  4.0530000e+002 -2.9250000e+002 -2.4079196e-002 -2.4079196e-002  2.7570391e-004
  4.9530000e+002  4.0530000e+002 -2.9250000e+002 -2.3358853e-002 -2.4687633e-002  1.3461505e-003
  5.7030000e+002  4.0530000e+002 -2.9250000e+002 -2.1200107e-002 -2.5602329e-002  2.5004049e-003
  6.4530000e+002  4.0530000e+002 -2.9250000e+002 -1.9789114e-002 -2.3096967e-002  1.5254861e-003
  7.2030000e+002  4.0530000e+002 -2.9250000e+002 -2.0942424e-002 -2.1762355e-002  3.5354384e-004
  8.1030000e+002  4.0530000e+002 -2.9250000e+002 -2.2765385e-002 -2.2765385e-002  6.7518690e-017
  9.3630000e+002  4.0530000e+002 -2.9250000e+002 -2.3714499e-002 -2.3630355e-002 -1.6904539e-005
  1.1127000e+003  4.0530000e+002 -2.9250000e+002 -2.3886060e-002 -2.3688839e-002 -3.3409135e-005
  1.0290000e+002  4.9530000e+002 -2.9250000e+002 -2.3916467e-002 -2.3811558e-002  8.7617645e-005
  2.7930000e+002  4.9530000e+002 -2.9250000e+002 -2.4268172e-002 -2.3813135e-002  1.3843079e-004
  4.0530000e+002  4.9530000e+002 -2.9250000e+002 -2.4687633e-002 -2.3358853e-002  1.3461505e-003
  4.9530000e+002  4.9530000e+002 -2.9250000e+002 -2.3948601e-002 -2.3948601e-002  6.0218275e-003
  5.7030000e+002  4.9530000e+002 -2.9250000e+002 -1.7727550e-002 -2.7942124e-002  1.0804401e-002
  6.4530000e+002  4.9530000e+002 -2.9250000e+002 -1.3593111e-002 -2.0556090e-002  3.5126182e-003
  7.2030000e+002  4.9530000e+002 -2.9250000e+002 -1.7415731e-002 -1.7415731e-002 -7.9363599e-017
  8.1030000e+002  4.9530000e+002 -2.9250000e+002 -2.1762355e-002 -2.0942424e-002 -3.5354384e-004
  9.3630000e+002  4.9530000e+002 -2.9250000e+002 -2.3657340e-002 -2.3382090e-002 -6.2395550e-005
  1.1127000e+003  4.9530000e+002 -2.9250000e+002 -2.3885235e-002 -2.3681160e-002 -5.2790332e-005
  1.0290000e+002  5.7030000e+002 -2.9250000e+002 -2.3924077e-002 -2.3750629e-002  8.3647045e-005
  2.7930000e+002  5.7030000e+002 -2.9250000e+002 -2.4370269e-002 -2.3490003e-002  2.2743892e-004
  4.0530000e+002  5.7030000e+002 -2.9250000e+002 -2.5602329e-002 -2.1200107e-002  2.5004049e-003
  4.9530000e+002  5.7030000e+002 -2.9250000e+002 -2.7942124e-002 -1.7727550e-002  1.0804401e-002
  5.7030000e+002  5.7030000e+002 -2.9250000e+002 -2.0510998e-002 -2.0510998e-002  2.9865223e-002
  6.4530000e+002  5.7030000e+002 -2.9250000e+002 -1.5265932e-002 -1.5265932e-002 -3.3649299e-015
  7.2030000e+002  5.7030000e+002 -2.9250000e+002 -2.0556090e-002 -1.3593111e-002 -3.5126182e-003
  8.1030000e+002  5.7030000e+002 -2.9250000e+002 -2.3096967e-002 -1.9789114e-002 -1.5254861e-003
  9.3630000e+002  5.7030000e+002 -2.9250000e+002 -2.3965321e-002 -2.3270686e-002 -1.6992106e-004
  1.1127000e+003  5.7030000e+002 -2.9250000e+002 -2.3903766e-002 -2.3700836e-002 -7.0731658e-005
  1.0290000e+002  6.4530000e+002 -2.9250000e+002 -2.3903766e-002 -2.3700836e-002  7.0731658e-005
  2.7930000e+002  6.4530000e+002 -2.9250000e+002 -2.3965321e-002 -2.3270686e-002  1.6992106e-004
  4.0530000e+002  6.4530000e+002 -2.9250000e+002 -2.3096967e-002 -1.9789114e-002  1.5254861e-003
  4.9530000e+002  6.4530000e+002 -2.9250000e+002 -2.0556090e-002 -1.3593111e-002  3.5126182e-003
  5.7030000e+002  6.4530000e+002 -2.9250000e+002 -1.5265932e-002 -1.5265932e-002 -3.0028063e-015
  6.4530000e+002  6.4530000e+002 -2.9250000e+002 -2.0510998e-002 -2.0510998e-002 -2.9865223e-002
  7.2030000e+002  6.4530000e+002 -2.9250000e+002 -2.7942124e-002 -1.7727550e-002 -1.0804401e-002
  8.1030000e+002  6.4530000e+002 -2.9250000e+002 -2.5602329e-002 -2.1200107e-002 -2.5004049e-003
  9.3630000e+002  6.4530000e+002 -2.9250000e+002 -2.4370269e-002 -2.3490003e-002 -2.2743892e-004
  1.1127000e+003  6.4530000e+002 -2.9250000e+002 -2.3924077e-002 -2.3750629e-002 -8.3647045e-005
  1.0290000e+002  7.2030000e+002 -2.9250000e+002 -2.3885235e-002 -2.3681160e-002  5.2790332e-005
  2.7930000e+002  7.2030000e+002 -2.9250000e+002 -2.3657340e-002 -2.3382090e-002  6.2395550e-005
  4.0530000e+002  7.2030000e+002 -2.9250000e+002 -2.1762355e-002 -2.0942424e-002  3.5354384e-004
  4.9530000e+002  7.2030000e+002 -2.9250000e+002 -1.7415731e-002 -1.7415731e-002 -2.1792464e-016
  5.7030000e+002  7.2030000e+002 -2.9250000e+002 -1.3593111e-002 -2.0556090e-002 -3.5126182e-003
  6.4530000e+002  7.2030000e+002 -2.9250000e+002 -1.7727550e-002 -2.7942124e-002 -1.0804401e-002
  7.2030000e+002  7.2030000e+002 -2.9250000e+002 -2.3948601e-002 -2.3948601e-002 -6.0218275e-003
  8.1030000e+002  7.2030000e+002 -2.9250000e+002 -2.4687633e-002 -2.3358853e-002 -1.3461505e-003
  9.3630000e+002  7.2030000e+002 -2.9250000e+002 -2.4268172e-002 -2.3813135e-002 -1.3843079e-004
  1.1127000e+003  7.2030000e+002 -2.9250000e+002 -2.3916467e-002 -2.3811558e-002 -8.7617645e-005
  1.0290000e+002  8.1030000e+002 -2.9250000e+002 -2.3886060e-002 -2.3688839e-002  3.3409135e-005
  2.7930000e+002  8.1030000e+002 -2.9250000e+002 -2.3714499e-002 -2.3630355e-002  1.6904539e-005
  4.0530000e+002  8.1030000e+002 -2.9250000e+002 -2.2765385e-002 -2.2765385e-002  2.7653932e-017
  4.9530000e+002  8.1030000e+002 -2.9250000e+002 -2.0942424e-002 -2.1762355e-002 -3.5354384e-004
  5.7030000e+002  8.1030000e+002 -2.9250000e+002 -1.9789114e-002 -2.3096967e-002 -1.5254861e-003
  6.4530000e+002  8.1030000e+002 -2.9250000e+002 -2.1200107e-002 -2.5602329e-002 -2.5004049e-003
  7.2030000e+002  8.1030000e+002 -2.9250000e+002 -2.3358853e-002 -2.4687633e-002 -1.3461505e-003
  8.1030000e+002  8.1030000e+002 -2.9250000e+002 -2.4079196e-002 -2.4079196e-002 -2.7570391e-004
  9.3630000e+002  8.1030000e+002 -2.9250000e+002 -2.4113707e-002 -2.3973094e-002 -7.8274764e-005
  1.1127000e+003  8.1030000e+002 -2.9250000e+002 -2.3904861e-002 -2.3867552e-002 -8.7492375e-005
  1.0290000e+002  9.3630000e+002 -2.9250000e+002 -2.3879399e-002 -2.3723083e-002  1.2467189e-005
  2.7930000e+002  9.3630000e+002 -2.9250000e+002 -2.3790578e-002 -2.3790578e-002  1.5947936e-017
  4.0530000e+002  9.3630000e+002 -2.9250000e+002 -2.3630355e-002 -2.3714499e-002 -1.6904539e-005
  4.9530000e+002  9.3630000e+002 -2.9250000e+002 -2.3382090e-002 -2.3657340e-002 -6.2395550e-005
  5.7030000e+002  9.3630000e+002 -2.9250000e+002 -2.3270686e-002 -2.3965321e-002 -1.6992106e-004
  6.4530000e+002  9.3630000e+002 -2.9250000e+002 -2.3490003e-002 -2.4370269e-002 -2.2743892e-004
  7.2030000e+002  9.3630000e+002 -2.9250000e+002 -2.3813135e-002 -2.4268172e-002 -1.3843079e-004
  8.1030000e+002  9.3630000e+002 -2.9250000e+002 -2.3973094e-002 -2.4113707e-002 -7.8274764e-005
  9.3630000e+002  9.3630000e+002 -2.9250000e+002 -2.3999503e-002 -2.3999503e-002 -9.3445378e-005
  1.1127000e+003  9.3630000e+002 -2.9250000e+002 -2.3892306e-002 -2.3904657e-002 -7.6187430e-005
  1.0290000e+002  1.1127000e+003 -2.9250000e+002 -2.3833296e-002 -2.3833296e-002 -1.1495931e-017
  2.7930000e+002  1.1127000e+003 -2.9250000e+002 -2.3723083e-002 -2.3879399e-002 -1.2467189e-005
  4.0530000e+002  1.1127000e+003 -2.9250000e+002 -2.3688839e-002 -2.3886060e-002 -3.3409135e-005
  4.9530000e+002  1.1127000e+003 -2.9250000e+002 -2.3681160e-002 -2.3885235e-002 -5.2790332e-005
  5.7030000e+002  1.1127000e+003 -2.9250000e+002 -2.3700836e-002 -2.3903766e-002 -7.0731658e-005
  6.4530000e+002  1.1127000e+003 -2.9250000e+002 -2.3750629e-002 -2.3924077e-002 -8.3647045e-005
  7.2030000e+002  1.1127000e+003 -2.9250000e+002 -2.3811558e-002 -2.3916467e-002 -8.7617645e-005
  8.1030000e+002  1.1127000e+003 -2.9250000e+002 -2.3867552e-002 -2.3904861e-002 -8.7492375e-005
  9.3630000e+002  1.1127000e+003 -2.9250000e+002 -2.3904657e-002 -2.3892306e-002 -7.6187430e-005
  1.1127000e+003  1.1127000e+003 -2.9250000e+002 -2.3886230e-002 -2.3886230e-002 -5.4236142e-005
  1.0290000e+002  1.0290000e+002 -3.6750000e+002 -1.6280597e-002 -1.6280597e-002  7.6938666e-005
  2.7930000e+002  1.0290000e+002 -3.6750000e+002 -1.6284208e-002 -1.6275489e-002  9.3210005e-005
  4.0530000e+002  1.0290000e+002 -3.6750000e+002 -1.6250303e-002 -1.6266942e-002  1.0298755e-004
  4.9530000e+002  1.0290000e+002 -3.6750000e+002 -1.6217969e-002 -1.6261507e-002  9.9999151e-005
  5.7030000e+002  1.0290000e+002 -3.6750000e+002 -1.6189897e-002 -1.6264179e-002  9.3063535e-005
  6.4530000e+002  1.0290000e+002 -3.6750000e+002 -1.6166292e-002 -1.6270860e-002  8.0400328e-005
  7.2030000e+002  1.0290000e+002 -3.6750000e+002 -1.6152087e-002 -1.6281881e-002  6.3892325e-005
  8.1030000e+002  1.0290000e+002 -3.6750000e+002 -1.6146931e-002 -1.6294300e-002  4.3909929e-005
  9.3630000e+002  1.0290000e+002 -3.6750000e+002 -1.6158691e-002 -1.6288543e-002  1.9073419e-005
  1.1127000e+003  1.0290000e+002 -3.6750000e+002 -1.6242581e-002 -1.6242581e-002  9.0463119e-019
  1.0290000e+002  2.7930000e+002 -3.6750000e+002 -1.6275489e-002 -1.6284208e-002  9.3210005e-005
  2.7930000e+002  2.7930000e+002 -3.6750000e+002 -1.6321782e-002 -1.6321782e-002  9.6655601e-005
  4.0530000e+002  2.7930000e+002 -3.6750000e+002 -1.6305539e-002 -1.6333158e-002  6.2052210e-005
  4.9530000e+002  2.7930000e+002 -3.6750000e+002 -1.6275048e-002 -1.6323155e-002  6.2239900e-005
  5.7030000e+002  2.7930000e+002 -3.6750000e+002 -1.6204408e-002 -1.6309530e-002  9.2647892e-005
  6.4530000e+002  2.7930000e+002 -3.6750000e+002 -1.6162652e-002 -1.6223212e-002  7.2202411e-005
  7.2030000e+002  2.7930000e+002 -3.6750000e+002 -1.6205041e-002 -1.6203010e-002  3.0318462e-005
  8.1030000e+002  2.7930000e+002 -3.6750000e+002 -1.6255756e-002 -1.6269839e-002  1.4637351e-005
  9.3630000e+002  2.7930000e+002 -3.6750000e+002 -1.6261415e-002 -1.6261415e-002  1.3843906e-017
  1.1127000e+003  2.7930000e+002 -3.6750000e+002 -1.6288543e-002 -1.6158691e-002 -1.9073419e-005
  1.0290000e+002  4.0530000e+002 -3.6750000e+002 -1.6266942e-002 -1.6250303e-002  1.0298755e-004
  2.7930000e+002  4.0530000e+002 -3.6750000e+002 -1.6333158e-002 -1.6305539e-002  6.2052210e-005
  4.0530000e+002  4.0530000e+002 -3.6750000e+002 -1.6249268e-002 -1.6249268e-002  6.0387524e-005
  4.9530000e+002  4.0530000e+002 -3.6750000e+002 -1.5923382e-002 -1.6104918e-002  4.9852771e-004
  5.7030000e+002  4.0530000e+002 -3.6750000e+002 -1.5201673e-002 -1.5966705e-002  9.9056699e-004
  6.4530000e+002  4.0530000e+002 -3.6750000e+002 -1.4836744e-002 -1.5382643e-002  6.3392180e-004
  7.2030000e+002  4.0530000e+002 -3.6750000e+002 -1.5336468e-002 -1.5386167e-002  1.3748727e-004
  8.1030000e+002  4.0530000e+002 -3.6750000e+002 -1.5992749e-002 -1.5992749e-002  5.2529595e-017
  9.3630000e+002  4.0530000e+002 -3.6750000e+002 -1.6269839e-002 -1.6255756e-002 -1.4637351e-005
  1.1127000e+003  4.0530000e+002 -3.6750000e+002 -1.6294300e-002 -1.6146931e-002 -4.3909929e-005
  1.0290000e+002  4.9530000e+002 -3.6750000e+002 -1.6261507e-002 -1.6217969e-002  9.9999151e-005
  2.7930000e+002  4.9530000e+002 -3.6750000e+002 -1.6323155e-002 -1.6275048e-002  6.2239900e-005
  4.0530000e+002  4.9530000e+002 -3.6750000e+002 -1.6104918e-002 -1.5923382e-002  4.9852771e-004
  4.9530000e+002  4.9530000e+002 -3.6750000e+002 -1.5125021e-002 -1.5125021e-002  2.4498901e-003
  5.7030000e+002  4.9530000e+002 -3.6750000e+002 -1.2742966e-002 -1.4546601e-002  4.2418016e-003
  6.4530000e+002  4.9530000e+002 -3.6750000e+002 -1.1683632e-002 -1.3024841e-002  1.7781278e-003
  7.2030000e+002  4.9530000e+002 -3.6750000e+002 -1.3446537e-002 -1.3446537e-002  2.5424541e-017
  8.1030000e+002  4.9530000e+002 -3.6750000e+002 -1.5386167e-002 -1.5336468e-002 -1.3748727e-004
  9.3630000e+002  4.9530000e+002 -3.6750000e+002 -1.6203010e-002 -1.6205041e-002 -3.0318462e-005
  1.1127000e+003  4.9530000e+002 -3.6750000e+002 -1.6281881e-002 -1.6152087e-002 -6.3892325e-005
  1.0290000e+002  5.7030000e+002 -3.6750000e+002 -1.6264179e-002 -1.6189897e-002  9.3063535e-005
  2.7930000e+002  5.7030000e+002 -3.6750000e+002 -1.6309530e-002 -1.6204408e-002  9.2647892e-005
  4.0530000e+002  5.7030000e+002 -3.6750000e+002 -1.5966705e-002 -1.5201673e-002  9.9056699e-004
  4.9530000e+002  5.7030000e+002 -3.6750000e+002 -1.4546601e-002 -1.2742966e-002  4.2418016e-003
  5.7030000e+002  5.7030000e+002 -3.6750000e+002 -1.0926407e-002 -1.0926407e-002  7.2535082e-003
  6.4530000e+002  5.7030000e+002 -3.6750000e+002 -9.9113799e-003 -9.9113799e-003 -4.5959330e-016
  7.2030000e+002  5.7030000e+002 -3.6750000e+002 -1.3024841e-002 -1.1683632e-002 -1.7781278e-003
  8.1030000e+002  5.7030000e+002 -3.6750000e+002 -1.5382643e-002 -1.4836744e-002 -6.3392180e-004
  9.3630000e+002  5.7030000e+002 -3.6750000e+002 -1.6223212e-002 -1.6162652e-002 -7.2202411e-005
  1.1127000e+003  5.7030000e+002 -3.6750000e+002 -1.6270860e-002 -1.6166292e-002 -8.0400328e-005
  1.0290000e+002  6.4530000e+002 -3.6750000e+002 -1.6270860e-002 -1.6166292e-002  8.0400328e-005
  2.7930000e+002  6.4530000e+002 -3.6750000e+002 -1.6223212e-002 -1.6162652e-002  7.2202411e-005
  4.0530000e+002  6.4530000e+002 -3.6750000e+002 -1.5382643e-002 -1.4836744e-002  6.3392180e-004
  4.9530000e+002  6.4530000e+002 -3.6750000e+002 -1.3024841e-002 -1.1683632e-002  1.7781278e-003
  5.7030000e+002  6.4530000e+002 -3.6750000e+002 -9.9113799e-003 -9.9113799e-003 -4.8322891e-016
  6.4530000e+002  6.4530000e+002 -3.6750000e+002 -1.0926407e-002 -1.0926407e-002 -7.2535082e-003
  7.2030000e+002  6.4530000e+002 -3.6750000e+002 -1.4546601e-002 -1.2742966e-002 -4.2418016e-003
  8.1030000e+002  6.4530000e+002 -3.6750000e+002 -1.5966705e-002 -1.5201673e-002 -9.9056699e-004
  9.3630000e+002  6.4530000e+002 -3.6750000e+002 -1.6309530e-002 -1.6204408e-002 -9.2647892e-005
  1.1127000e+003  6.4530000e+002 -3.6750000e+002 -1.6264179e-002 -1.6189897e-002 -9.3063535e-005
  1.0290000e+002  7.2030000e+002 -3.6750000e+002 -1.6281881e-002 -1.6152087e-002  6.3892325e-005
  2.7930000e+002  7.2030000e+002 -3.6750000e+002 -1.6203010e-002 -1.6205041e-002  3.0318462e-005
  4.0530000e+002  7.2030000e+002 -3.6750000e+002 -1.5386167e-002 -1.5336468e-002  1.3748727e-004
  4.9530000e+002  7.2030000e+002 -3.6750000e+002 -1.3446537e-002 -1.3446537e-002 -9.2265605e-017
  5.7030000e+002  7.2030000e+002 -3.6750000e+002 -1.1683632e-002 -1.3024841e-002 -1.7781278e-003
  6.4530000e+002  7.2030000e+002 -3.6750000e+002 -1.2742966e-002 -1.4546601e-002 -4.2418016e-003
  7.2030000e+002  7.2030000e+002 -3.6750000e+002 -1.5125021e-002 -1.5125021e-002 -2.4498901e-003
  8.1030000e+002  7.2030000e+002 -3.6750000e+002 -1.6104918e-002 -1.5923382e-002 -4.9852771e-004
  9.3630000e+002  7.2030000e+002 -3.6750000e+002 -1.6323155e-002 -1.6275048e-002 -6.2239900e-005
  1.1127000e+003  7.2030000e+002 -3.6750000e+002 -1.6261507e-002 -1.6217969e-002 -9.9999151e-005
  1.0290000e+002  8.1030000e+002 -3.6750000e+002 -1.6294300e-002 -1.6146931e-002  4.3909929e-005
  2.7930000e+002  8.1030000e+002 -3.6750000e+002 -1.6269839e-002 -1.6255756e-002  1.4637351e-005
  4.0530000e+002  8.1030000e+002 -3.6750000e+002 -1.5992749e-002 -1.5992749e-002  4.5146856e-018
  4.9530000e+002  8.1030000e+002 -3.6750000e+002 -1.5336468e-002 -1.5386167e-002 -1.3748727e-004
  5.7030000e+002  8.1030000e+002 -3.6750000e+002 -1.4836744e-002 -1.5382643e-002 -6.3392180e-004
  6.4530000e+002  8.1030000e+002 -3.6750000e+002 -1.5201673e-002 -1.5966705e-002 -9.9056699e-004
  7.2030000e+002  8.1030000e+002 -3.6750000e+002 -1.5923382e-002 -1.6104918e-002 -4.9852771e-004
  8.1030000e+002  8.1030000e+002 -3.6750000e+002 -1.6249268e-002 -1.6249268e-002 -6.0387524e-005
  9.3630000e+002  8.1030000e+002 -3.6750000e+002 -1.6333158e-002 -1.6305539e-002 -6.2052210e-005
  1.1127000e+003  8.1030000e+002 -3.6750000e+002 -1.6266942e-002 -1.6250303e-002 -1.0298755e-004
  1.0290000e+002  9.3630000e+002 -3.6750000e+002 -1.6288543e-002 -1.6158691e-002  1.9073419e-005
  2.7930000e+002  9.3630000e+002 -3.6750000e+002 -1.6261415e-002 -1.6261415e-002  8.8498002e-018
  4.0530000e+002  9.3630000e+002 -3.6750000e+002 -1.6255756e-002 -1.6269839e-002 -1.4637351e-005
  4.9530000e+002  9.3630000e+002 -3.6750000e+002 -1.6205041e-002 -1.6203010e-002 -3.0318462e-005
  5.7030000e+002  9.3630000e+002 -3.6750000e+002 -1.6162652e-002 -1.6223212e-002 -7.2202411e-005
  6.4530000e+002  9.3630000e+002 -3.6750000e+002 -1.6204408e-002 -1.6309530e-002 -9.2647892e-005
  7.2030000e+002  9.3630000e+002 -3.6750000e+002 -1.6275048e-002 -1.6323155e-002 -6.2239900e-005
  8.1030000e+002  9.3630000e+002 -3.6750000e+002 -1.6305539e-002 -1.6333158e-002 -6.2052210e-005
  9.3630000e+002  9.3630000e+002 -3.6750000e+002 -1.6321782e-002 -1.6321782e-002 -9.6655601e-005
  1.1127000e+003  9.3630000e+002 -3.6750000e+002 -1.6275489e-002 -1.6284208e-002 -9.3210005e-005
  1.0290000e+002  1.1127000e+003 -3.6750000e+002 -1.6242581e-002 -1.6242581e-002 -2.0227147e-018
  2.7930000e+002  1.1127000e+003 -3.6750000e+002 -1.6158691e-002 -1.6288543e-002 -1.9073419e-005
  4.0530000e+002  1.1127000e+003 -3.6750000e+002 -1.6146931e-002 -1.6294300e-002 -4.3909929e-005
  4.9530000e+002  1.1127000e+003 -3.6750000e+002 -1.6152087e-002 -1.6281881e-002 -6.3892325e-005
  5.7030000e+002  1.1127000e+003 -3.6750000e+002 -1.6166292e-002 -1.6270860e-002 -8.0400328e-005
  6.4530000e+002  1.1127000e+003 -3.6750000e+002 -1.6189897e-002 -1.6264179e-002 -9.3063535e-005
  7.2030000e+002  1.1127000e+003 -3.6750000e+002 -1.6217969e-002 -1.6261507e-002 -9.9999151e-005
  8.1030000e+002  1.1127000e+003 -3.6750000e+002 -1.6250303e-002 -1.6266942e-002 -1.0298755e-004
  9.3630000e+002  1.1127000e+003 -3.6750000e+002 -1.6284208e-002 -1.6275489e-002 -9.3210005e-005
  1.1127000e+003  1.1127000e+003 -3.6750000e+002 -1.6280597e-002 -1.6280597e-002 -7.6938666e-005
  1.0290000e+002  1.0290000e+002 -4.5750000e+002 -1.9814838e-003 -1.9814838e-003  9.1488935e-005
  2.7930000e+002  1.0290000e+002 -4.5750000e+002 -1.9743017e-003 -1.9792885e-003  9.2054529e-005
  4.0530000e+002  1.0290000e+002 -4.5750000e+002 -1.9454725e-003 -1.9737696e-003  9.8733703e-005
  4.9530000e+002  1.0290000e+002 -4.5750000e+002 -1.9234144e-003 -1.9711312e-003  9.5483419e-005
  5.7030000e+002  1.0290000e+002 -4.5750000e+002 -1.9076015e-003 -1.9738439e-003  8.8522315e-005
  6.4530000e+002  1.0290000e+002 -4.5750000e+002 -1.8941922e-003 -1.9817855e-003  7.7905910e-005
  7.2030000e+002  1.0290000e+002 -4.5750000e+002 -1.8837691e-003 -1.9906588e-003  6.4469887e-005
  8.1030000e+002  1.0290000e+002 -4.5750000e+002 -1.8774273e-003 -1.9965976e-003  4.6788158e-005
  9.3630000e+002  1.0290000e+002 -4.5750000e+002 -1.8834947e-003 -1.9917558e-003  2.2851937e-005
  1.1127000e+003  1.0290000e+002 -4.5750000e+002 -1.9530277e-003 -1.9530277e-003 -1.4873899e-018
  1.0290000e+002  2.7930000e+002 -4.5750000e+002 -1.9792885e-003 -1.9743017e-003  9.2054529e-005
  2.7930000e+002  2.7930000e+002 -4.5750000e+002 -1.9971912e-003 -1.9971912e-003  7.1264469e-005
  4.0530000e+002  2.7930000e+002 -4.5750000e+002 -1.9913895e-003 -2.0016387e-003  4.5862002e-005
  4.9530000e+002  2.7930000e+002 -4.5750000e+002 -2.0051474e-003 -1.9929155e-003  2.4988382e-005
  5.7030000e+002  2.7930000e+002 -4.5750000e+002 -2.0188649e-003 -1.9888134e-003  2.2628752e-005
  6.4530000e+002  2.7930000e+002 -4.5750000e+002 -2.0265297e-003 -1.9913447e-003  1.9513276e-005
  7.2030000e+002  2.7930000e+002 -4.5750000e+002 -2.0261642e-003 -2.0048342e-003  1.3996873e-005
  8.1030000e+002  2.7930000e+002 -4.5750000e+002 -2.0047309e-003 -2.0121281e-003  1.1999192e-005
  9.3630000e+002  2.7930000e+002 -4.5750000e+002 -1.9738900e-003 -1.9738900e-003  1.0653980e-017
  1.1127000e+003  2.7930000e+002 -4.5750000e+002 -1.9917558e-003 -1.8834947e-003 -2.2851937e-005
  1.0290000e+002  4.0530000e+002 -4.5750000e+002 -1.9737696e-003 -1.9454725e-003  9.8733703e-005
  2.7930000e+002  4.0530000e+002 -4.5750000e+002 -2.0016387e-003 -1.9913895e-003  4.5862002e-005
  4.0530000e+002  4.0530000e+002 -4.5750000e+002 -1.9966708e-003 -1.9966708e-003 -2.3021816e-005
  4.9530000e+002  4.0530000e+002 -4.5750000e+002 -1.9839717e-003 -1.9330343e-003  3.3189056e-005
  5.7030000e+002  4.0530000e+002 -4.5750000e+002 -1.9203982e-003 -1.8682301e-003  1.4214181e-004
  6.4530000e+002  4.0530000e+002 -4.5750000e+002 -1.9044839e-003 -1.8294582e-003  9.5742455e-005
  7.2030000e+002  4.0530000e+002 -4.5750000e+002 -1.9877563e-003 -1.9146394e-003  1.1268756e-005
  8.1030000e+002  4.0530000e+002 -4.5750000e+002 -2.0396677e-003 -2.0396677e-003  3.3764004e-017
  9.3630000e+002  4.0530000e+002 -4.5750000e+002 -2.0121281e-003 -2.0047309e-003 -1.1999192e-005
  1.1127000e+003  4.0530000e+002 -4.5750000e+002 -1.9965976e-003 -1.8774273e-003 -4.6788158e-005
  1.0290000e+002  4.9530000e+002 -4.5750000e+002 -1.9711312e-003 -1.9234144e-003  9.5483419e-005
  2.7930000e+002  4.9530000e+002 -4.5750000e+002 -1.9929155e-003 -2.0051474e-003  2.4988382e-005
  4.0530000e+002  4.9530000e+002 -4.5750000e+002 -1.9330343e-003 -1.9839717e-003  3.3189056e-005
  4.9530000e+002  4.9530000e+002 -4.5750000e+002 -1.7333383e-003 -1.7333383e-003  4.3511589e-004
  5.7030000e+002  4.9530000e+002 -4.5750000e+002 -1.3504270e-003 -1.4666349e-003  8.0090930e-004
  6.4530000e+002  4.9530000e+002 -4.5750000e+002 -1.2435837e-003 -1.3240679e-003  3.6157247e-004
  7.2030000e+002  4.9530000e+002 -4.5750000e+002 -1.5907309e-003 -1.5907309e-003  3.0372749e-017
  8.1030000e+002  4.9530000e+002 -4.5750000e+002 -1.9146394e-003 -1.9877563e-003 -1.1268756e-005
  9.3630000e+002  4.9530000e+002 -4.5750000e+002 -2.0048342e-003 -2.0261642e-003 -1.3996873e-005
  1.1127000e+003  4.9530000e+002 -4.5750000e+002 -1.9906588e-003 -1.8837691e-003 -6.4469887e-005
  1.0290000e+002  5.7030000e+002 -4.5750000e+002 -1.9738439e-003 -1.9076015e-003  8.8522315e-005
  2.7930000e+002  5.7030000e+002 -4.5750000e+002 -1.9888134e-003 -2.0188649e-003  2.2628752e-005
  4.0530000e+002  5.7030000e+002 -4.5750000e+002 -1.8682301e-003 -1.9203982e-003  1.4214181e-004
  4.9530000e+002  5.7030000e+002 -4.5750000e+002 -1.4666349e-003 -1.3504270e-003  8.0090930e-004
  5.7030000e+002  5.7030000e+002 -4.5750000e+002 -7.9280266e-004 -7.9280266e-004  1.1866868e-003
  6.4530000e+002  5.7030000e+002 -4.5750000e+002 -6.9296863e-004 -6.9296863e-004 -3.4037172e-017
  7.2030000e+002  5.7030000e+002 -4.5750000e+002 -1.3240679e-003 -1.2435837e-003 -3.6157247e-004
  8.1030000e+002  5.7030000e+002 -4.5750000e+002 -1.8294582e-003 -1.9044839e-003 -9.5742455e-005
  9.3630000e+002  5.7030000e+002 -4.5750000e+002 -1.9913447e-003 -2.0265297e-003 -1.9513276e-005
  1.1127000e+003  5.7030000e+002 -4.5750000e+002 -1.9817855e-003 -1.8941922e-003 -7.7905910e-005
  1.0290000e+002  6.4530000e+002 -4.5750000e+002 -1.9817855e-003 -1.8941922e-003  7.7905910e-005
  2.7930000e+002  6.4530000e+002 -4.5750000e+002 -1.9913447e-003 -2.0265297e-003  1.9513276e-005
  4.0530000e+002  6.4530000e+002 -4.5750000e+002 -1.8294582e-003 -1.9044839e-003  9.5742455e-005
  4.9530000e+002  6.4530000e+002 -4.5750000e+002 -1.3240679e-003 -1.2435837e-003  3.6157247e-004
  5.7030000e+002  6.4530000e+002 -4.5750000e+002 -6.9296863e-004 -6.9296863e-004 -7.7269734e-017
  6.4530000e+002  6.4530000e+002 -4.5750000e+002 -7.9280266e-004 -7.9280266e-004 -1.1866868e-003
  7.2030000e+002  6.4530000e+002 -4.5750000e+002 -1.4666349e-003 -1.3504270e-003 -8.0090930e-004
  8.1030000e+002  6.4530000e+002 -4.5750000e+002 -1.8682301e-003 -1.9203982e-003 -1.4214181e-004
  9.3630000e+002  6.4530000e+002 -4.5750000e+002 -1.9888134e-003 -2.0188649e-003 -2.2628752e-005
  1.1127000e+003  6.4530000e+002 -4.5750000e+002 -1.9738439e-003 -1.9076015e-003 -8.8522315e-005
  1.0290000e+002  7.2030000e+002 -4.5750000e+002 -1.9906588e-003 -1.8837691e-003  6.4469887e-005
  2.7930000e+002  7.2030000e+002 -4.5750000e+002 -2.0048342e-003 -2.0261642e-003  1.3996873e-005
  4.0530000e+002  7.2030000e+002 -4.5750000e+002 -1.9146394e-003 -1.9877563e-003  1.1268756e-005
  4.9530000e+002  7.2030000e+002 -4.5750000e+002 -1.5907309e-003 -1.5907309e-003 -3.2192599e-017
  5.7030000e+002  7.2030000e+002 -4.5750000e+002 -1.2435837e-003 -1.3240679e-003 -3.6157247e-004
  6.4530000e+002  7.2030000e+002 -4.5750000e+002 -1.3504270e-003 -1.4666349e-003 -8.0090930e-004
  7.2030000e+002  7.2030000e+002 -4.5750000e+002 -1.7333383e-003 -1.7333383e-003 -4.3511589e-004
  8.1030000e+002  7.2030000e+002 -4.5750000e+002 -1.9330343e-003 -1.9839717e-003 -3.3189056e-005
  9.3630000e+002  7.2030000e+002 -4.5750000e+002 -1.9929155e-003 -2.0051474e-003 -2.4988382e-005
  1.1127000e+003  7.2030000e+002 -4.5750000e+002 -1.9711312e-003 -1.9234144e-003 -9.5483419e-005
  1.0290000e+002  8.1030000e+002 -4.5750000e+002 -1.9965976e-003 -1.8774273e-003  4.6788158e-005
  2.7930000e+002  8.1030000e+002 -4.5750000e+002 -2.0121281e-003 -2.0047309e-003  1.1999192e-005
  4.0530000e+002  8.1030000e+002 -4.5750000e+002 -2.0396677e-003 -2.0396677e-003  3.1691738e-018
  4.9530000e+002  8.1030000e+002 -4.5750000e+002 -1.9877563e-003 -1.9146394e-003 -1.1268756e-005
  5.7030000e+002  8.1030000e+002 -4.5750000e+002 -1.9044839e-003 -1.8294582e-003 -9.5742455e-005
  6.4530000e+002  8.1030000e+002 -4.5750000e+002 -1.9203982e-003 -1.8682301e-003 -1.4214181e-004
  7.2030000e+002  8.1030000e+002 -4.5750000e+002 -1.9839717e-003 -1.9330343e-003 -3.3189056e-005
  8.1030000e+002  8.1030000e+002 -4.5750000e+002 -1.9966708e-003 -1.9966708e-003  2.3021816e-005
  9.3630000e+002  8.1030000e+002 -4.5750000e+002 -2.0016387e-003 -1.9913895e-003 -4.5862002e-005
  1.1127000e+003  8.1030000e+002 -4.5750000e+002 -1.9737696e-003 -1.9454725e-003 -9.8733703e-005
  1.0290000e+002  9.3630000e+002 -4.5750000e+002 -1.9917558e-003 -1.8834947e-003  2.2851937e-005
  2.7930000e+002  9.3630000e+002 -4.5750000e+002 -1.9738900e-003 -1.9738900e-003  3.5338215e-018
  4.0530000e+002  9.3630000e+002 -4.5750000e+002 -2.0047309e-003 -2.0121281e-003 -1.1999192e-005
  4.9530000e+002  9.3630000e+002 -4.5750000e+002 -2.0261642e-003 -2.0048342e-003 -1.3996873e-005
  5.7030000e+002  9.3630000e+002 -4.5750000e+002 -2.0265297e-003 -1.9913447e-003 -1.9513276e-005
  6.4530000e+002  9.3630000e+002 -4.5750000e+002 -2.0188649e-003 -1.9888134e-003 -2.2628752e-005
  7.2030000e+002  9.3630000e+002 -4.5750000e+002 -2.0051474e-003 -1.9929155e-003 -2.4988382e-005
  8.1030000e+002  9.3630000e+002 -4.5750000e+002 -1.9913895e-003 -2.0016387e-003 -4.5862002e-005
  9.3630000e+002  9.3630000e+002 -4.5750000e+002 -1.9971912e-003 -1.9971912e-003 -7.1264469e-005
  1.1127000e+003  9.3630000e+002 -4.5750000e+002 -1.9792885e-003 -1.9743017e-003 -9.2054529e-005
  1.0290000e+002  1.1127000e+003 -4.5750000e+002 -1.9530277e-003 -1.9530277e-003 -7.3522460e-019
  2.7930000e+002  1.1127000e+003 -4.5750000e+002 -1.8834947e-003 -1.9917558e-003 -2.2851937e-005
  4.0530000e+002  1.1127000e+003 -4.5750000e+002 -1.8774273e-003 -1.9965976e-003 -4.6788158e-005
  4.9530000e+002  1.1127000e+003 -4.5750000e+002 -1.8837691e-003 -1.9906588e-003 -6.4469887e-005
  5.7030000e+002  1.1127000e+003 -4.5750000e+002 -1.8941922e-003 -1.9817855e-003 -7.7905910e-005
  6.4530000e+002  1.1127000e+003 -4.5750000e+002 -1.9076015e-003 -1.9738439e-003 -8.8522315e-005
  7.2030000e+002  1.1127000e+003 -4.5750000e+002 -1.9234144e-003 -1.9711312e-003 -9.5483419e-005
  8.1030000e+002  1.1127000e+003 -4.5750000e+002 -1.9454725e-003 -1.9737696e-003 -9.8733703e-005
  9.3630000e+002  1.1127000e+003 -4.5750000e+002 -1.9743017e-003 -1.9792885e-003 -9.2054529e-005
  1.1127000e+003  1.1127000e+003 -4.5750000e+002 -1.9814838e-003 -1.9814838e-003 -9.1488935e-005
  1.0290000e+002  1.0290000e+002 -5.8350000e+002  3.7732044e-004  3.7732044e-004  8.9563006e-005
  2.7930000e+002  1.0290000e+002 -5.8350000e+002  3.9506142e-004  3.7301339e-004  7.8830220e-005
  4.0530000e+002  1.0290000e+002 -5.8350000e+002  4.1636600e-004  3.7331036e-004  8.2553357e-005
  4.9530000e+002  1.0290000e+002 -5.8350000e+002  4.3265616e-004  3.7289228e-004  8.0763008e-005
  5.7030000e+002  1.0290000e+002 -5.8350000e+002  4.4448737e-004  3.7136419e-004  7.5724768e-005
  6.4530000e+002  1.0290000e+002 -5.8350000e+002  4.5394373e-004  3.6875448e-004  6.7633869e-005
  7.2030000e+002  1.0290000e+002 -5.8350000e+002  4.6038648e-004  3.6620992e-004  5.7215271e-005
  8.1030000e+002  1.0290000e+002 -5.8350000e+002  4.6285862e-004  3.6443826e-004  4.3084830e-005
  9.3630000e+002  1.0290000e+002 -5.8350000e+002  4.5614493e-004  3.6633935e-004  2.3162877e-005
  1.1127000e+003  1.0290000e+002 -5.8350000e+002  3.9686232e-004  3.9686232e-004 -5.6886733e-018
  1.0290000e+002  2.7930000e+002 -5.8350000e+002  3.7301339e-004  3.9506142e-004  7.8830220e-005
  2.7930000e+002  2.7930000e+002 -5.8350000e+002  3.7331257e-004  3.7331257e-004  4.6321110e-005
  4.0530000e+002  2.7930000e+002 -5.8350000e+002  3.7838547e-004  3.6924491e-004  3.9375004e-005
  4.9530000e+002  2.7930000e+002 -5.8350000e+002  3.7628555e-004  3.6879776e-004  2.9168912e-005
  5.7030000e+002  2.7930000e+002 -5.8350000e+002  3.7187948e-004  3.6852443e-004  2.2806622e-005
  6.4530000e+002  2.7930000e+002 -5.8350000e+002  3.7040316e-004  3.6794289e-004  1.9210565e-005
  7.2030000e+002  2.7930000e+002 -5.8350000e+002  3.7418259e-004  3.6930254e-004  1.6020455e-005
  8.1030000e+002  2.7930000e+002 -5.8350000e+002  3.8327524e-004  3.7585858e-004  1.1096384e-005
  9.3630000e+002  2.7930000e+002 -5.8350000e+002  3.9210937e-004  3.9210937e-004  1.2993485e-018
  1.1127000e+003  2.7930000e+002 -5.8350000e+002  3.6633935e-004  4.5614493e-004 -2.3162877e-005
  1.0290000e+002  4.0530000e+002 -5.8350000e+002  3.7331036e-004  4.1636600e-004  8.2553357e-005
  2.7930000e+002  4.0530000e+002 -5.8350000e+002  3.6924491e-004  3.7838547e-004  3.9375004e-005
  4.0530000e+002  4.0530000e+002 -5.8350000e+002  3.6529158e-004  3.6529158e-004  9.0336339e-006
  4.9530000e+002  4.0530000e+002 -5.8350000e+002  3.4986423e-004  3.6150118e-004 -8.5127713e-006
  5.7030000e+002  4.0530000e+002 -5.8350000e+002  3.3665126e-004  3.6037329e-004 -5.2248410e-006
  6.4530000e+002  4.0530000e+002 -5.8350000e+002  3.3063782e-004  3.5573980e-004 -2.1096000e-006
  7.2030000e+002  4.0530000e+002 -5.8350000e+002  3.3430966e-004  3.4909227e-004 -1.6936105e-006
  8.1030000e+002  4.0530000e+002 -5.8350000e+002  3.5362246e-004  3.5362246e-004  8.5529152e-018
  9.3630000e+002  4.0530000e+002 -5.8350000e+002  3.7585858e-004  3.8327524e-004 -1.1096384e-005
  1.1127000e+003  4.0530000e+002 -5.8350000e+002  3.6443826e-004  4.6285862e-004 -4.3084830e-005
  1.0290000e+002  4.9530000e+002 -5.8350000e+002  3.7289228e-004  4.3265616e-004  8.0763008e-005
  2.7930000e+002  4.9530000e+002 -5.8350000e+002  3.6879776e-004  3.7628555e-004  2.9168912e-005
  4.0530000e+002  4.9530000e+002 -5.8350000e+002  3.6150118e-004  3.4986423e-004 -8.5127713e-006
  4.9530000e+002  4.9530000e+002 -5.8350000e+002  3.5154574e-004  3.5154574e-004  3.8135772e-006
  5.7030000e+002  4.9530000e+002 -5.8350000e+002  3.5515408e-004  3.6395998e-004  3.6086627e-005
  6.4530000e+002  4.9530000e+002 -5.8350000e+002  3.5337293e-004  3.6295847e-004  1.7962505e-005
  7.2030000e+002  4.9530000e+002 -5.8350000e+002  3.4172433e-004  3.4172433e-004  3.9165215e-018
  8.1030000e+002  4.9530000e+002 -5.8350000e+002  3.4909227e-004  3.3430966e-004  1.6936105e-006
  9.3630000e+002  4.9530000e+002 -5.8350000e+002  3.6930254e-004  3.7418259e-004 -1.6020455e-005
  1.1127000e+003  4.9530000e+002 -5.8350000e+002  3.6620992e-004  4.6038648e-004 -5.7215271e-005
  1.0290000e+002  5.7030000e+002 -5.8350000e+002  3.7136419e-004  4.4448737e-004  7.5724768e-005
  2.7930000e+002  5.7030000e+002 -5.8350000e+002  3.6852443e-004  3.7187948e-004  2.2806622e-005
  4.0530000e+002  5.7030000e+002 -5.8350000e+002  3.6037329e-004  3.3665126e-004 -5.2248410e-006
  4.9530000e+002  5.7030000e+002 -5.8350000e+002  3.6395998e-004  3.5515408e-004  3.6086627e-005
  5.7030000e+002  5.7030000e+002 -5.8350000e+002  3.9084081e-004  3.9084081e-004  6.9234876e-005
  6.4530000e+002  5.7030000e+002 -5.8350000e+002  3.9231720e-004  3.9231720e-004 -9.0878165e-018
  7.2030000e+002  5.7030000e+002 -5.8350000e+002  3.6295847e-004  3.5337293e-004 -1.7962505e-005
  8.1030000e+002  5.7030000e+002 -5.8350000e+002  3.5573980e-004  3.3063782e-004  2.1096000e-006
  9.3630000e+002  5.7030000e+002 -5.8350000e+002  3.6794289e-004  3.7040316e-004 -1.9210565e-005
  1.1127000e+003  5.7030000e+002 -5.8350000e+002  3.6875448e-004  4.5394373e-004 -6.7633869e-005
  1.0290000e+002  6.4530000e+002 -5.8350000e+002  3.6875448e-004  4.5394373e-004  6.7633869e-005
  2.7930000e+002  6.4530000e+002 -5.8350000e+002  3.6794289e-004  3.7040316e-004  1.9210565e-005
  4.0530000e+002  6.4530000e+002 -5.8350000e+002  3.5573980e-004  3.3063782e-004 -2.1096000e-006
  4.9530000e+002  6.4530000e+002 -5.8350000e+002  3.6295847e-004  3.5337293e-004  1.7962505e-005
  5.7030000e+002  6.4530000e+002 -5.8350000e+002  3.9231720e-004  3.9231720e-004 -7.0100447e-018
  6.4530000e+002  6.4530000e+002 -5.8350000e+002  3.9084081e-004  3.9084081e-004 -6.9234876e-005
  7.2030000e+002  6.4530000e+002 -5.8350000e+002  3.6395998e-004  3.5515408e-004 -3.6086627e-005
  8.1030000e+002  6.4530000e+002 -5.8350000e+002  3.6037329e-004  3.3665126e-004  5.2248410e-006
  9.3630000e+002  6.4530000e+002 -5.8350000e+002  3.6852443e-004  3.7187948e-004 -2.2806622e-005
  1.1127000e+003  6.4530000e+002 -5.8350000e+002  3.7136419e-004  4.4448737e-004 -7.5724768e-005
  1.0290000e+002  7.2030000e+002 -5.8350000e+002  3.6620992e-004  4.6038648e-004  5.7215271e-005
  2.7930000e+002  7.2030000e+002 -5.8350000e+002  3.6930254e-004  3.7418259e-004  1.6020455e-005
  4.0530000e+002  7.2030000e+002 -5.8350000e+002  3.4909227e-004  3.3430966e-004 -1.6936105e-006
  4.9530000e+002  7.2030000e+002 -5.8350000e+002  3.4172433e-004  3.4172433e-004  6.4475089e-019
  5.7030000e+002  7.2030000e+002 -5.8350000e+002  3.5337293e-004  3.6295847e-004 -1.7962505e-005
  6.4530000e+002  7.2030000e+002 -5.8350000e+002  3.5515408e-004  3.6395998e-004 -3.6086627e-005
  7.2030000e+002  7.2030000e+002 -5.8350000e+002  3.5154574e-004  3.5154574e-004 -3.8135772e-006
  8.1030000e+002  7.2030000e+002 -5.8350000e+002  3.6150118e-004  3.4986423e-004  8.5127713e-006
  9.3630000e+002  7.2030000e+002 -5.8350000e+002  3.6879776e-004  3.7628555e-004 -2.9168912e-005
  1.1127000e+003  7.2030000e+002 -5.8350000e+002  3.7289228e-004  4.3265616e-004 -8.0763008e-005
  1.0290000e+002  8.1030000e+002 -5.8350000e+002  3.6443826e-004  4.6285862e-004  4.3084830e-005
  2.7930000e+002  8.1030000e+002 -5.8350000e+002  3.7585858e-004  3.8327524e-004  1.1096384e-005
  4.0530000e+002  8.1030000e+002 -5.8350000e+002  3.5362246e-004  3.5362246e-004 -5.2291579e-018
  4.9530000e+002  8.1030000e+002 -5.8350000e+002  3.3430966e-004  3.4909227e-004  1.6936105e-006
  5.7030000e+002  8.1030000e+002 -5.8350000e+002  3.3063782e-004  3.5573980e-004  2.1096000e-006
  6.4530000e+002  8.1030000e+002 -5.8350000e+002  3.3665126e-004  3.6037329e-004  5.2248410e-006
  7.2030000e+002  8.1030000e+002 -5.8350000e+002  3.4986423e-004  3.6150118e-004  8.5127713e-006
  8.1030000e+002  8.1030000e+002 -5.8350000e+002  3.6529158e-004  3.6529158e-004 -9.0336339e-006
  9.3630000e+002  8.1030000e+002 -5.8350000e+002  3.6924491e-004  3.7838547e-004 -3.9375004e-005
  1.1127000e+003  8.1030000e+002 -5.8350000e+002  3.7331036e-004  4.1636600e-004 -8.2553357e-005
  1.0290000e+002  9.3630000e+002 -5.8350000e+002  3.6633935e-004  4.5614493e-004  2.3162877e-005
  2.7930000e+002  9.3630000e+002 -5.8350000e+002  3.9210937e-004  3.9210937e-004 -4.4011832e-018
  4.0530000e+002  9.3630000e+002 -5.8350000e+002  3.8327524e-004  3.7585858e-004 -1.1096384e-005
  4.9530000e+002  9.3630000e+002 -5.8350000e+002  3.7418259e-004  3.6930254e-004 -1.6020455e-005
  5.7030000e+002  9.3630000e+002 -5.8350000e+002  3.7040316e-004  3.6794289e-004 -1.9210565e-005
  6.4530000e+002  9.3630000e+002 -5.8350000e+002  3.7187948e-004  3.6852443e-004 -2.2806622e-005
  7.2030000e+002  9.3630000e+002 -5.8350000e+002  3.7628555e-004  3.6879776e-004 -2.9168912e-005
  8.1030000e+002  9.3630000e+002 -5.8350000e+002  3.7838547e-004  3.6924491e-004 -3.9375004e-005
  9.3630000e+002  9.3630000e+002 -5.8350000e+002  3.7331257e-004  3.7331257e-004 -4.6321110e-005
  1.1127000e+003  9.3630000e+002 -5.8350000e+002  3.7301339e-004  3.9506142e-004 -7.8830220e-005
  1.0290000e+002  1.1127000e+003 -5.8350000e+002  3.9686232e-004  3.9686232e-004 -2.8799120e-019
  2.7930000e+002  1.1127000e+003 -5.8350000e+002  4.5614493e-004  3.6633935e-004 -2.3162877e-005
  4.0530000e+002  1.1127000e+003 -5.8350000e+002  4.6285862e-004  3.6443826e-004 -4.3084830e-005
  4.9530000e+002  1.1127000e+003 -5.8350000e+002  4.6038648e-004  3.6620992e-004 -5.7215271e-005
  5.7030000e+002  1.1127000e+003 -5.8350000e+002  4.5394373e-004  3.6875448e-004 -6.7633869e-005
  6.4530000e+002  1.1127000e+003 -5.8350000e+002  4.4448737e-004  3.7136419e-004 -7.5724768e-005
  7.2030000e+002  1.1127000e+003 -5.8350000e+002  4.3265616e-004  3.7289228e-004 -8.0763008e-005
  8.1030000e+002  1.1127000e+003 -5.8350000e+002  4.1636600e-004  3.7331036e-004 -8.2553357e-005
  9.3630000e+002  1.1127000e+003 -5.8350000e+002  3.9506142e-004  3.7301339e-004 -7.8830220e-005
  1.1127000e+003  1.1127000e+003 -5.8350000e+002  3.7732044e-004  3.7732044e-004 -8.9563006e-005
  1.0290000e+002  1.0290000e+002 -7.5990000e+002  1.7240059e-005  1.7240059e-005  3.2488068e-005
  2.7930000e+002  1.0290000e+002 -7.5990000e+002  5.3590045e-005  1.2505378e-005  1.9933345e-005
  4.0530000e+002  1.0290000e+002 -7.5990000e+002  7.4918043e-005  1.3055460e-005  1.9689007e-005
  4.9530000e+002  1.0290000e+002 -7.5990000e+002  8.9468518e-005  1.3707598e-005  1.9451708e-005
  5.7030000e+002  1.0290000e+002 -7.5990000e+002  9.9586475e-005  1.4049311e-005  1.8637173e-005
  6.4530000e+002  1.0290000e+002 -7.5990000e+002  1.0690328e-004  1.4134967e-005  1.7225350e-005
  7.2030000e+002  1.0290000e+002 -7.5990000e+002  1.1062895e-004  1.4044748e-005  1.5294262e-005
  8.1030000e+002  1.0290000e+002 -7.5990000e+002  1.0918060e-004  1.3959368e-005  1.2455569e-005
  9.3630000e+002  1.0290000e+002 -7.5990000e+002  9.5609012e-005  1.5679164e-005  7.7572162e-006
  1.1127000e+003  1.0290000e+002 -7.5990000e+002  3.3818779e-005  3.3818779e-005 -2.3420461e-018
  1.0290000e+002  2.7930000e+002 -7.5990000e+002  1.2505378e-005  5.3590045e-005  1.9933345e-005
  2.7930000e+002  2.7930000e+002 -7.5990000e+002  4.0951077e-005  4.0951077e-005 -7.3504073e-006
  4.0530000e+002  2.7930000e+002 -7.5990000e+002  5.2218619e-005  4.2682232e-005 -1.1014084e-005
  4.9530000e+002  2.7930000e+002 -7.5990000e+002  5.9674522e-005  4.5573944e-005 -1.1799790e-005
  5.7030000e+002  2.7930000e+002 -7.5990000e+002  6.4404950e-005  4.8032988e-005 -1.0959437e-005
  6.4530000e+002  2.7930000e+002 -7.5990000e+002  6.7566592e-005  5.0244977e-005 -8.4438958e-006
  7.2030000e+002  2.7930000e+002 -7.5990000e+002  6.8969501e-005  5.2204896e-005 -5.2267827e-006
  8.1030000e+002  2.7930000e+002 -7.5990000e+002  6.7683836e-005  5.4415530e-005 -1.8476860e-006
  9.3630000e+002  2.7930000e+002 -7.5990000e+002  5.9949350e-005  5.9949350e-005 -1.9142945e-018
  1.1127000e+003  2.7930000e+002 -7.5990000e+002  1.5679164e-005  9.5609012e-005 -7.7572162e-006
  1.0290000e+002  4.0530000e+002 -7.5990000e+002  1.3055460e-005  7.4918043e-005  1.9689007e-005
  2.7930000e+002  4.0530000e+002 -7.5990000e+002  4.2682232e-005  5.2218619e-005 -1.1014084e-005
  4.0530000e+002  4.0530000e+002 -7.5990000e+002  5.2578154e-005  5.2578154e-005 -1.8463352e-005
  4.9530000e+002  4.0530000e+002 -7.5990000e+002  5.7813161e-005  5.4702924e-005 -2.1370159e-005
  5.7030000e+002  4.0530000e+002 -7.5990000e+002  6.0269732e-005  5.6459147e-005 -1.9276042e-005
  6.4530000e+002  4.0530000e+002 -7.5990000e+002  6.1814229e-005  5.7904315e-005 -1.3072472e-005
  7.2030000e+002  4.0530000e+002 -7.5990000e+002  6.2640535e-005  5.9346004e-005 -6.1472768e-006
  8.1030000e+002  4.0530000e+002 -7.5990000e+002  6.1574925e-005  6.1574925e-005 -4.4892746e-018
  9.3630000e+002  4.0530000e+002 -7.5990000e+002  5.4415530e-005  6.7683836e-005  1.8476860e-006
  1.1127000e+003  4.0530000e+002 -7.5990000e+002  1.3959368e-005  1.0918060e-004 -1.2455569e-005
  1.0290000e+002  4.9530000e+002 -7.5990000e+002  1.3707598e-005  8.9468518e-005  1.9451708e-005
  2.7930000e+002  4.9530000e+002 -7.5990000e+002  4.5573944e-005  5.9674522e-005 -1.1799790e-005
  4.0530000e+002  4.9530000e+002 -7.5990000e+002  5.4702924e-005  5.7813161e-005 -2.1370159e-005
  4.9530000e+002  4.9530000e+002 -7.5990000e+002  5.8432073e-005  5.8432073e-005 -2.3138987e-005
  5.7030000e+002  4.9530000e+002 -7.5990000e+002  5.9753183e-005  5.9327990e-005 -1.7681561e-005
  6.4530000e+002  4.9530000e+002 -7.5990000e+002  6.0426694e-005  5.9961026e-005 -8.5102550e-006
  7.2030000e+002  4.9530000e+002 -7.5990000e+002  6.0619805e-005  6.0619805e-005  1.3400061e-018
  8.1030000e+002  4.9530000e+002 -7.5990000e+002  5.9346004e-005  6.2640535e-005  6.1472768e-006
  9.3630000e+002  4.9530000e+002 -7.5990000e+002  5.2204896e-005  6.8969501e-005  5.2267827e-006
  1.1127000e+003  4.9530000e+002 -7.5990000e+002  1.4044748e-005  1.1062895e-004 -1.5294262e-005
  1.0290000e+002  5.7030000e+002 -7.5990000e+002  1.4049311e-005  9.9586475e-005  1.8637173e-005
  2.7930000e+002  5.7030000e+002 -7.5990000e+002  4.8032988e-005  6.4404950e-005 -1.0959437e-005
  4.0530000e+002  5.7030000e+002 -7.5990000e+002  5.6459147e-005  6.0269732e-005 -1.9276042e-005
  4.9530000e+002  5.7030000e+002 -7.5990000e+002  5.9327990e-005  5.9753183e-005 -1.7681561e-005
  5.7030000e+002  5.7030000e+002 -7.5990000e+002  6.0348729e-005  6.0348729e-005 -9.6307157e-006
  6.4530000e+002  5.7030000e+002 -7.5990000e+002  6.0551538e-005  6.0551538e-005  5.8868790e-019
  7.2030000e+002  5.7030000e+002 -7.5990000e+002  5.9961026e-005  6.0426694e-005  8.5102550e-006
  8.1030000e+002  5.7030000e+002 -7.5990000e+002  5.7904315e-005  6.1814229e-005  1.3072472e-005
  9.3630000e+002  5.7030000e+002 -7.5990000e+002  5.0244977e-005  6.7566592e-005  8.4438958e-006
  1.1127000e+003  5.7030000e+002 -7.5990000e+002  1.4134967e-005  1.0690328e-004 -1.7225350e-005
  1.0290000e+002  6.4530000e+002 -7.5990000e+002  1.4134967e-005  1.0690328e-004  1.7225350e-005
  2.7930000e+002  6.4530000e+002 -7.5990000e+002  5.0244977e-005  6.7566592e-005 -8.4438958e-006
  4.0530000e+002  6.4530000e+002 -7.5990000e+002  5.7904315e-005  6.1814229e-005 -1.3072472e-005
  4.9530000e+002  6.4530000e+002 -7.5990000e+002  5.9961026e-005  6.0426694e-005 -8.5102550e-006
  5.7030000e+002  6.4530000e+002 -7.5990000e+002  6.0551538e-005  6.0551538e-005  7.1506521e-018
  6.4530000e+002  6.4530000e+002 -7.5990000e+002  6.0348729e-005  6.0348729e-005  9.6307157e-006
  7.2030000e+002  6.4530000e+002 -7.5990000e+002  5.9327990e-005  5.9753183e-005  1.7681561e-005
  8.1030000e+002  6.4530000e+002 -7.5990000e+002  5.6459147e-005  6.0269732e-005  1.9276042e-005
  9.3630000e+002  6.4530000e+002 -7.5990000e+002  4.8032988e-005  6.4404950e-005  1.0959437e-005
  1.1127000e+003  6.4530000e+002 -7.5990000e+002  1.4049311e-005  9.9586475e-005 -1.8637173e-005
  1.0290000e+002  7.2030000e+002 -7.5990000e+002  1.4044748e-005  1.1062895e-004  1.5294262e-005
  2.7930000e+002  7.2030000e+002 -7.5990000e+002  5.2204896e-005  6.8969501e-005 -5.2267827e-006
  4.0530000e+002  7.2030000e+002 -7.5990000e+002  5.9346004e-005  6.2640535e-005 -6.1472768e-006
  4.9530000e+002  7.2030000e+002 -7.5990000e+002  6.0619805e-005  6.0619805e-005  2.1950859e-018
  5.7030000e+002  7.2030000e+002 -7.5990000e+002  6.0426694e-005  5.9961026e-005  8.5102550e-006
  6.4530000e+002  7.2030000e+002 -7.5990000e+002  5.9753183e-005  5.9327990e-005  1.7681561e-005
  7.2030000e+002  7.2030000e+002 -7.5990000e+002  5.8432073e-005  5.8432073e-005  2.3138987e-005
  8.1030000e+002  7.2030000e+002 -7.5990000e+002  5.4702924e-005  5.7813161e-005  2.1370159e-005
  9.3630000e+002  7.2030000e+002 -7.5990000e+002  4.5573944e-005  5.9674522e-005  1.1799790e-005
  1.1127000e+003  7.2030000e+002 -7.5990000e+002  1.3707598e-005  8.9468518e-005 -1.9451708e-005
  1.0290000e+002  8.1030000e+002 -7.5990000e+002  1.3959368e-005  1.0918060e-004  1.2455569e-005
  2.7930000e+002  8.1030000e+002 -7.5990000e+002  5.4415530e-005  6.7683836e-005 -1.8476860e-006
  4.0530000e+002  8.1030000e+002 -7.5990000e+002  6.1574925e-005  6.1574925e-005 -2.9620742e-018
  4.9530000e+002  8.1030000e+002 -7.5990000e+002  6.2640535e-005  5.9346004e-005  6.1472768e-006
  5.7030000e+002  8.1030000e+002 -7.5990000e+002  6.1814229e-005  5.7904315e-005  1.3072472e-005
  6.4530000e+002  8.1030000e+002 -7.5990000e+002  6.0269732e-005  5.6459147e-005  1.9276042e-005
  7.2030000e+002  8.1030000e+002 -7.5990000e+002  5.7813161e-005  5.4702924e-005  2.1370159e-005
  8.1030000e+002  8.1030000e+002 -7.5990000e+002  5.2578154e-005  5.2578154e-005  1.8463352e-005
  9.3630000e+002  8.1030000e+002 -7.5990000e+002  4.2682232e-005  5.2218619e-005  1.1014084e-005
  1.1127000e+003  8.1030000e+002 -7.5990000e+002  1.3055460e-005  7.4918043e-005 -1.9689007e-005
  1.0290000e+002  9.3630000e+002 -7.5990000e+002  1.5679164e-005  9.5609012e-005  7.7572162e-006
  2.7930000e+002  9.3630000e+002 -7.5990000e+002  5.9949350e-005  5.9949350e-005 -2.2344729e-018
  4.0530000e+002  9.3630000e+002 -7.5990000e+002  6.7683836e-005  5.4415530e-005  1.8476860e-006
  4.9530000e+002  9.3630000e+002 -7.5990000e+002  6.8969501e-005  5.2204896e-005  5.2267827e-006
  5.7030000e+002  9.3630000e+002 -7.5990000e+002  6.7566592e-005  5.0244977e-005  8.4438958e-006
  6.4530000e+002  9.3630000e+002 -7.5990000e+002  6.4404950e-005  4.8032988e-005  1.0959437e-005
  7.2030000e+002  9.3630000e+002 -7.5990000e+002  5.9674522e-005  4.5573944e-005  1.1799790e-005
  8.1030000e+002  9.3630000e+002 -7.5990000e+002  5.2218619e-005  4.2682232e-005  1.1014084e-005
  9.3630000e+002  9.3630000e+002 -7.5990000e+002  4.0951077e-005  4.0951077e-005  7.3504073e-006
  1.1127000e+003  9.3630000e+002 -7.5990000e+002  1.2505378e-005  5.3590045e-005 -1.9933345e-005
  1.0290000e+002  1.1127000e+003 -7.5990000e+002  3.3818779e-005  3.3818779e-005 -6.6661493e-019
  2.7930000e+002  1.1127000e+003 -7.5990000e+002  9.5609012e-005  1.5679164e-005 -7.7572162e-006
  4.0530000e+002  1.1127000e+003 -7.5990000e+002  1.0918060e-004  1.3959368e-005 -1.2455569e-005
  4.9530000e+002  1.1127000e+003 -7.5990000e+002  1.1062895e-004  1.4044748e-005 -1.5294262e-005
  5.7030000e+002  1.1127000e+003 -7.5990000e+002  1.0690328e-004  1.4134967e-005 -1.7225350e-005
  6.4530000e+002  1.1127000e+003 -7.5990000e+002  9.9586475e-005  1.4049311e-005 -1.8637173e-005
  7.2030000e+002  1.1127000e+003 -7.5990000e+002  8.9468518e-005  1.3707598e-005 -1.9451708e-005
  8.1030000e+002  1.1127000e+003 -7.5990000e+002  7.4918043e-005  1.3055460e-005 -1.9689007e-005
  9.3630000e+002  1.1127000e+003 -7.5990000e+002  5.3590045e-005  1.2505378e-005 -1.9933345e-005
  1.1127000e+003  1.1127000e+003 -7.5990000e+002  1.7240059e-005  1.7240059e-005 -3.2488068e-005
