  1.0290000e+002  1.0290000e+002 -5.2500000e+001  1.0072857e-015  1.0072857e-015 -1.8157159e-018
  2.7930000e+002  1.0290000e+002 -5.2500000e+001  1.0077080e-015  1.0080849e-015 -3.9643320e-018
  4.0530000e+002  1.0290000e+002 -5.2500000e+001  1.0072485e-015  1.0091507e-015 -4.0607799e-018
  4.9530000e+002  1.0290000e+002 -5.2500000e+001  1.0060352e-015  1.0096259e-015 -3.5952578e-018
  5.7030000e+002  1.0290000e+002 -5.2500000e+001  1.0046844e-015  1.0094588e-015 -3.0582261e-018
  6.4530000e+002  1.0290000e+002 -5.2500000e+001  1.0035859e-015  1.0086282e-015 -2.5007134e-018
  7.2030000e+002  1.0290000e+002 -5.2500000e+001  1.0031229e-015  1.0075859e-015 -1.9485138e-018
  8.1030000e+002  1.0290000e+002 -5.2500000e+001  1.0034488e-015  1.0066331e-015 -1.2940303e-018
  9.3630000e+002  1.0290000e+002 -5.2500000e+001  1.0045372e-015  1.0061750e-015 -5.0198125e-019
  1.1127000e+003  1.0290000e+002 -5.2500000e+001  1.0061948e-015  1.0061948e-015 -1.4610586e-031
  1.0290000e+002  2.7930000e+002 -5.2500000e+001  1.0080849e-015  1.0077080e-015 -3.9643320e-018
  2.7930000e+002  2.7930000e+002 -5.2500000e+001  1.0101680e-015  1.0101680e-015 -7.6374644e-018
  4.0530000e+002  2.7930000e+002 -5.2500000e+001  1.0095648e-015  1.0135567e-015 -6.3816295e-018
  4.9530000e+002  2.7930000e+002 -5.2500000e+001  1.0060657e-015  1.0153699e-015 -4.2048073e-018
  5.7030000e+002  2.7930000e+002 -5.2500000e+001  1.0014294e-015  1.0146214e-015 -2.5636970e-018
  6.4530000e+002  2.7930000e+002 -5.2500000e+001  9.9799139e-016  1.0106998e-015 -1.9840573e-018
  7.2030000e+002  2.7930000e+002 -5.2500000e+001  9.9757863e-016  1.0065041e-015 -1.7878932e-018
  8.1030000e+002  2.7930000e+002 -5.2500000e+001  9.9998346e-016  1.0037476e-015 -1.1987280e-018
  9.3630000e+002  2.7930000e+002 -5.2500000e+001  1.0035143e-015  1.0035143e-015 -2.9447469e-031
  1.1127000e+003  2.7930000e+002 -5.2500000e+001  1.0061750e-015  1.0045372e-015  5.0198125e-019
  1.0290000e+002  4.0530000e+002 -5.2500000e+001  1.0091507e-015  1.0072485e-015 -4.0607799e-018
  2.7930000e+002  4.0530000e+002 -5.2500000e+001  1.0135567e-015  1.0095648e-015 -6.3816295e-018
  4.0530000e+002  4.0530000e+002 -5.2500000e+001  1.0134084e-015  1.0134084e-015 -1.6553395e-018
  4.9530000e+002  4.0530000e+002 -5.2500000e+001  1.0060786e-015  1.0160219e-015  5.2780833e-018
  5.7030000e+002  4.0530000e+002 -5.2500000e+001  9.9365885e-016  1.0138450e-015  9.8205429e-018
  6.4530000e+002  4.0530000e+002 -5.2500000e+001  9.8539720e-016  1.0043086e-015  6.1510547e-018
  7.2030000e+002  4.0530000e+002 -5.2500000e+001  9.8771400e-016  9.9721022e-016  1.3748736e-018
  8.1030000e+002  4.0530000e+002 -5.2500000e+001  9.9621600e-016  9.9621600e-016 -1.8103741e-031
  9.3630000e+002  4.0530000e+002 -5.2500000e+001  1.0037476e-015  9.9998346e-016  1.1987280e-018
  1.1127000e+003  4.0530000e+002 -5.2500000e+001  1.0066331e-015  1.0034488e-015  1.2940303e-018
  1.0290000e+002  4.9530000e+002 -5.2500000e+001  1.0096259e-015  1.0060352e-015 -3.5952578e-018
  2.7930000e+002  4.9530000e+002 -5.2500000e+001  1.0153699e-015  1.0060657e-015 -4.2048073e-018
  4.0530000e+002  4.9530000e+002 -5.2500000e+001  1.0160219e-015  1.0060786e-015  5.2780833e-018
  4.9530000e+002  4.9530000e+002 -5.2500000e+001  1.0048619e-015  1.0048619e-015  2.2884554e-017
  5.7030000e+002  4.9530000e+002 -5.2500000e+001  9.8183493e-016  9.9710136e-016  3.6860810e-017
  6.4530000e+002  4.9530000e+002 -5.2500000e+001  9.6944729e-016  9.8336126e-016  1.7362157e-017
  7.2030000e+002  4.9530000e+002 -5.2500000e+001  9.8035434e-016  9.8035434e-016  1.7256332e-031
  8.1030000e+002  4.9530000e+002 -5.2500000e+001  9.9721022e-016  9.8771400e-016 -1.3748736e-018
  9.3630000e+002  4.9530000e+002 -5.2500000e+001  1.0065041e-015  9.9757863e-016  1.7878932e-018
  1.1127000e+003  4.9530000e+002 -5.2500000e+001  1.0075859e-015  1.0031229e-015  1.9485138e-018
  1.0290000e+002  5.7030000e+002 -5.2500000e+001  1.0094588e-015  1.0046844e-015 -3.0582261e-018
  2.7930000e+002  5.7030000e+002 -5.2500000e+001  1.0146214e-015  1.0014294e-015 -2.5636970e-018
  4.0530000e+002  5.7030000e+002 -5.2500000e+001  1.0138450e-015  9.9365885e-016  9.8205429e-018
  4.9530000e+002  5.7030000e+002 -5.2500000e+001  9.9710136e-016  9.8183493e-016  3.6860810e-017
  5.7030000e+002  5.7030000e+002 -5.2500000e+001  9.6699506e-016  9.6699506e-016  4.5133012e-017
  6.4530000e+002  5.7030000e+002 -5.2500000e+001  9.5974894e-016  9.5974894e-016  9.0008336e-031
  7.2030000e+002  5.7030000e+002 -5.2500000e+001  9.8336126e-016  9.6944729e-016 -1.7362157e-017
  8.1030000e+002  5.7030000e+002 -5.2500000e+001  1.0043086e-015  9.8539720e-016 -6.1510547e-018
  9.3630000e+002  5.7030000e+002 -5.2500000e+001  1.0106998e-015  9.9799139e-016  1.9840573e-018
  1.1127000e+003  5.7030000e+002 -5.2500000e+001  1.0086282e-015  1.0035859e-015  2.5007134e-018
  1.0290000e+002  6.4530000e+002 -5.2500000e+001  1.0086282e-015  1.0035859e-015 -2.5007134e-018
  2.7930000e+002  6.4530000e+002 -5.2500000e+001  1.0106998e-015  9.9799139e-016 -1.9840573e-018
  4.0530000e+002  6.4530000e+002 -5.2500000e+001  1.0043086e-015  9.8539720e-016  6.1510547e-018
  4.9530000e+002  6.4530000e+002 -5.2500000e+001  9.8336126e-016  9.6944729e-016  1.7362157e-017
  5.7030000e+002  6.4530000e+002 -5.2500000e+001  9.5974894e-016  9.5974894e-016 -9.0369448e-031
  6.4530000e+002  6.4530000e+002 -5.2500000e+001  9.6699506e-016  9.6699506e-016 -4.5133012e-017
  7.2030000e+002  6.4530000e+002 -5.2500000e+001  9.9710136e-016  9.8183493e-016 -3.6860810e-017
  8.1030000e+002  6.4530000e+002 -5.2500000e+001  1.0138450e-015  9.9365885e-016 -9.8205429e-018
  9.3630000e+002  6.4530000e+002 -5.2500000e+001  1.0146214e-015  1.0014294e-015  2.5636970e-018
  1.1127000e+003  6.4530000e+002 -5.2500000e+001  1.0094588e-015  1.0046844e-015  3.0582261e-018
  1.0290000e+002  7.2030000e+002 -5.2500000e+001  1.0075859e-015  1.0031229e-015 -1.9485138e-018
  2.7930000e+002  7.2030000e+002 -5.2500000e+001  1.0065041e-015  9.9757863e-016 -1.7878932e-018
  4.0530000e+002  7.2030000e+002 -5.2500000e+001  9.9721022e-016  9.8771400e-016  1.3748736e-018
  4.9530000e+002  7.2030000e+002 -5.2500000e+001  9.8035434e-016  9.8035434e-016 -6.4576431e-031
  5.7030000e+002  7.2030000e+002 -5.2500000e+001  9.6944729e-016  9.8336126e-016 -1.7362157e-017
  6.4530000e+002  7.2030000e+002 -5.2500000e+001  9.8183493e-016  9.9710136e-016 -3.6860810e-017
  7.2030000e+002  7.2030000e+002 -5.2500000e+001  1.0048619e-015  1.0048619e-015 -2.2884554e-017
  8.1030000e+002  7.2030000e+002 -5.2500000e+001  1.0160219e-015  1.0060786e-015 -5.2780833e-018
  9.3630000e+002  7.2030000e+002 -5.2500000e+001  1.0153699e-015  1.0060657e-015  4.2048073e-018
  1.1127000e+003  7.2030000e+002 -5.2500000e+001  1.0096259e-015  1.0060352e-015  3.5952578e-018
  1.0290000e+002  8.1030000e+002 -5.2500000e+001  1.0066331e-015  1.0034488e-015 -1.2940303e-018
  2.7930000e+002  8.1030000e+002 -5.2500000e+001  1.0037476e-015  9.9998346e-016 -1.1987280e-018
  4.0530000e+002  8.1030000e+002 -5.2500000e+001  9.9621600e-016  9.9621600e-016  5.9703828e-032
  4.9530000e+002  8.1030000e+002 -5.2500000e+001  9.8771400e-016  9.9721022e-016 -1.3748736e-018
  5.7030000e+002  8.1030000e+002 -5.2500000e+001  9.8539720e-016  1.0043086e-015 -6.1510547e-018
  6.4530000e+002  8.1030000e+002 -5.2500000e+001  9.9365885e-016  1.0138450e-015 -9.8205429e-018
  7.2030000e+002  8.1030000e+002 -5.2500000e+001  1.0060786e-015  1.0160219e-015 -5.2780833e-018
  8.1030000e+002  8.1030000e+002 -5.2500000e+001  1.0134084e-015  1.0134084e-015  1.6553395e-018
  9.3630000e+002  8.1030000e+002 -5.2500000e+001  1.0135567e-015  1.0095648e-015  6.3816295e-018
  1.1127000e+003  8.1030000e+002 -5.2500000e+001  1.0091507e-015  1.0072485e-015  4.0607799e-018
  1.0290000e+002  9.3630000e+002 -5.2500000e+001  1.0061750e-015  1.0045372e-015 -5.0198125e-019
  2.7930000e+002  9.3630000e+002 -5.2500000e+001  1.0035143e-015  1.0035143e-015  1.4319289e-031
  4.0530000e+002  9.3630000e+002 -5.2500000e+001  9.9998346e-016  1.0037476e-015  1.1987280e-018
  4.9530000e+002  9.3630000e+002 -5.2500000e+001  9.9757863e-016  1.0065041e-015  1.7878932e-018
  5.7030000e+002  9.3630000e+002 -5.2500000e+001  9.9799139e-016  1.0106998e-015  1.9840573e-018
  6.4530000e+002  9.3630000e+002 -5.2500000e+001  1.0014294e-015  1.0146214e-015  2.5636970e-018
  7.2030000e+002  9.3630000e+002 -5.2500000e+001  1.0060657e-015  1.0153699e-015  4.2048073e-018
  8.1030000e+002  9.3630000e+002 -5.2500000e+001  1.0095648e-015  1.0135567e-015  6.3816295e-018
  9.3630000e+002  9.3630000e+002 -5.2500000e+001  1.0101680e-015  1.0101680e-015  7.6374644e-018
  1.1127000e+003  9.3630000e+002 -5.2500000e+001  1.0080849e-015  1.0077080e-015  3.9643320e-018
  1.0290000e+002  1.1127000e+003 -5.2500000e+001  1.0061948e-015  1.0061948e-015  1.1796321e-033
  2.7930000e+002  1.1127000e+003 -5.2500000e+001  1.0045372e-015  1.0061750e-015  5.0198125e-019
  4.0530000e+002  1.1127000e+003 -5.2500000e+001  1.0034488e-015  1.0066331e-015  1.2940303e-018
  4.9530000e+002  1.1127000e+003 -5.2500000e+001  1.0031229e-015  1.0075859e-015  1.9485138e-018
  5.7030000e+002  1.1127000e+003 -5.2500000e+001  1.0035859e-015  1.0086282e-015  2.5007134e-018
  6.4530000e+002  1.1127000e+003 -5.2500000e+001  1.0046844e-015  1.0094588e-015  3.0582261e-018
  7.2030000e+002  1.1127000e+003 -5.2500000e+001  1.0060352e-015  1.0096259e-015  3.5952578e-018
  8.1030000e+002  1.1127000e+003 -5.2500000e+001  1.0072485e-015  1.0091507e-015  4.0607799e-018
  9.3630000e+002  1.1127000e+003 -5.2500000e+001  1.0077080e-015  1.0080849e-015  3.9643320e-018
  1.1127000e+003  1.1127000e+003 -5.2500000e+001  1.0072857e-015  1.0072857e-015  1.8157159e-018
  1.0290000e+002  1.0290000e+002 -1.4250000e+002  6.8802411e-016  6.8802411e-016 -8.0841295e-019
  2.7930000e+002  1.0290000e+002 -1.4250000e+002  6.8842534e-016  6.8850689e-016 -1.7371408e-018
  4.0530000e+002  1.0290000e+002 -1.4250000e+002  6.8785947e-016  6.8937009e-016 -1.7398617e-018
  4.9530000e+002  1.0290000e+002 -1.4250000e+002  6.8674404e-016  6.8996845e-016 -1.4615485e-018
  5.7030000e+002  1.0290000e+002 -1.4250000e+002  6.8550359e-016  6.8997212e-016 -1.1833365e-018
  6.4530000e+002  1.0290000e+002 -1.4250000e+002  6.8452748e-016  6.8911838e-016 -9.7016031e-019
  7.2030000e+002  1.0290000e+002 -1.4250000e+002  6.8420485e-016  6.8807770e-016 -7.7390909e-019
  8.1030000e+002  1.0290000e+002 -1.4250000e+002  6.8461133e-016  6.8732529e-016 -4.9314803e-019
  9.3630000e+002  1.0290000e+002 -1.4250000e+002  6.8561436e-016  6.8716307e-016 -1.0708686e-019
  1.1127000e+003  1.0290000e+002 -1.4250000e+002  6.8716091e-016  6.8716091e-016  2.4627829e-032
  1.0290000e+002  2.7930000e+002 -1.4250000e+002  6.8850689e-016  6.8842534e-016 -1.7371408e-018
  2.7930000e+002  2.7930000e+002 -1.4250000e+002  6.9057676e-016  6.9057676e-016 -2.4813480e-018
  4.0530000e+002  2.7930000e+002 -1.4250000e+002  6.8998928e-016  6.9461395e-016 -4.2734519e-019
  4.9530000e+002  2.7930000e+002 -1.4250000e+002  6.8659285e-016  6.9875976e-016  2.0605458e-018
  5.7030000e+002  2.7930000e+002 -1.4250000e+002  6.8105854e-016  6.9988537e-016  3.5296440e-018
  6.4530000e+002  2.7930000e+002 -1.4250000e+002  6.7685686e-016  6.9365299e-016  2.5555890e-018
  7.2030000e+002  2.7930000e+002 -1.4250000e+002  6.7701383e-016  6.8703344e-016  8.9498383e-019
  8.1030000e+002  2.7930000e+002 -1.4250000e+002  6.8043659e-016  6.8401058e-016 -6.0347589e-020
  9.3630000e+002  2.7930000e+002 -1.4250000e+002  6.8446708e-016  6.8446708e-016 -2.7184501e-031
  1.1127000e+003  2.7930000e+002 -1.4250000e+002  6.8716307e-016  6.8561436e-016  1.0708686e-019
  1.0290000e+002  4.0530000e+002 -1.4250000e+002  6.8937009e-016  6.8785947e-016 -1.7398617e-018
  2.7930000e+002  4.0530000e+002 -1.4250000e+002  6.9461395e-016  6.8998928e-016 -4.2734519e-019
  4.0530000e+002  4.0530000e+002 -1.4250000e+002  6.9714451e-016  6.9714451e-016  7.5908854e-018
  4.9530000e+002  4.0530000e+002 -1.4250000e+002  6.9085494e-016  7.1047108e-016  2.0825658e-017
  5.7030000e+002  4.0530000e+002 -1.4250000e+002  6.6897312e-016  7.1838302e-016  3.2598583e-017
  6.4530000e+002  4.0530000e+002 -1.4250000e+002  6.5192889e-016  6.9276241e-016  2.0177003e-017
  7.2030000e+002  4.0530000e+002 -1.4250000e+002  6.5836044e-016  6.7339455e-016  5.2202224e-018
  8.1030000e+002  4.0530000e+002 -1.4250000e+002  6.7370499e-016  6.7370499e-016  3.7902301e-031
  9.3630000e+002  4.0530000e+002 -1.4250000e+002  6.8401058e-016  6.8043659e-016  6.0347589e-020
  1.1127000e+003  4.0530000e+002 -1.4250000e+002  6.8732529e-016  6.8461133e-016  4.9314803e-019
  1.0290000e+002  4.9530000e+002 -1.4250000e+002  6.8996845e-016  6.8674404e-016 -1.4615485e-018
  2.7930000e+002  4.9530000e+002 -1.4250000e+002  6.9875976e-016  6.8659285e-016  2.0605458e-018
  4.0530000e+002  4.9530000e+002 -1.4250000e+002  7.1047108e-016  6.9085494e-016  2.0825658e-017
  4.9530000e+002  4.9530000e+002 -1.4250000e+002  7.0673801e-016  7.0673801e-016  7.1848548e-017
  5.7030000e+002  4.9530000e+002 -1.4250000e+002  6.4447055e-016  6.9766271e-016  1.6200401e-016
  6.4530000e+002  4.9530000e+002 -1.4250000e+002  5.9789464e-016  6.4171293e-016  7.8923584e-017
  7.2030000e+002  4.9530000e+002 -1.4250000e+002  6.3254111e-016  6.3254111e-016  1.5931292e-030
  8.1030000e+002  4.9530000e+002 -1.4250000e+002  6.7339455e-016  6.5836044e-016 -5.2202224e-018
  9.3630000e+002  4.9530000e+002 -1.4250000e+002  6.8703344e-016  6.7701383e-016 -8.9498383e-019
  1.1127000e+003  4.9530000e+002 -1.4250000e+002  6.8807770e-016  6.8420485e-016  7.7390909e-019
  1.0290000e+002  5.7030000e+002 -1.4250000e+002  6.8997212e-016  6.8550359e-016 -1.1833365e-018
  2.7930000e+002  5.7030000e+002 -1.4250000e+002  6.9988537e-016  6.8105854e-016  3.5296440e-018
  4.0530000e+002  5.7030000e+002 -1.4250000e+002  7.1838302e-016  6.6897312e-016  3.2598583e-017
  4.9530000e+002  5.7030000e+002 -1.4250000e+002  6.9766271e-016  6.4447055e-016  1.6200401e-016
  5.7030000e+002  5.7030000e+002 -1.4250000e+002  5.8454702e-016  5.8454702e-016  2.5245597e-016
  6.4530000e+002  5.7030000e+002 -1.4250000e+002  5.4897734e-016  5.4897734e-016  5.3864409e-030
  7.2030000e+002  5.7030000e+002 -1.4250000e+002  6.4171293e-016  5.9789464e-016 -7.8923584e-017
  8.1030000e+002  5.7030000e+002 -1.4250000e+002  6.9276241e-016  6.5192889e-016 -2.0177003e-017
  9.3630000e+002  5.7030000e+002 -1.4250000e+002  6.9365299e-016  6.7685686e-016 -2.5555890e-018
  1.1127000e+003  5.7030000e+002 -1.4250000e+002  6.8911838e-016  6.8452748e-016  9.7016031e-019
  1.0290000e+002  6.4530000e+002 -1.4250000e+002  6.8911838e-016  6.8452748e-016 -9.7016031e-019
  2.7930000e+002  6.4530000e+002 -1.4250000e+002  6.9365299e-016  6.7685686e-016  2.5555890e-018
  4.0530000e+002  6.4530000e+002 -1.4250000e+002  6.9276241e-016  6.5192889e-016  2.0177003e-017
  4.9530000e+002  6.4530000e+002 -1.4250000e+002  6.4171293e-016  5.9789464e-016  7.8923584e-017
  5.7030000e+002  6.4530000e+002 -1.4250000e+002  5.4897734e-016  5.4897734e-016 -4.0552381e-030
  6.4530000e+002  6.4530000e+002 -1.4250000e+002  5.8454702e-016  5.8454702e-016 -2.5245597e-016
  7.2030000e+002  6.4530000e+002 -1.4250000e+002  6.9766271e-016  6.4447055e-016 -1.6200401e-016
  8.1030000e+002  6.4530000e+002 -1.4250000e+002  7.1838302e-016  6.6897312e-016 -3.2598583e-017
  9.3630000e+002  6.4530000e+002 -1.4250000e+002  6.9988537e-016  6.8105854e-016 -3.5296440e-018
  1.1127000e+003  6.4530000e+002 -1.4250000e+002  6.8997212e-016  6.8550359e-016  1.1833365e-018
  1.0290000e+002  7.2030000e+002 -1.4250000e+002  6.8807770e-016  6.8420485e-016 -7.7390909e-019
  2.7930000e+002  7.2030000e+002 -1.4250000e+002  6.8703344e-016  6.7701383e-016  8.9498383e-019
  4.0530000e+002  7.2030000e+002 -1.4250000e+002  6.7339455e-016  6.5836044e-016  5.2202224e-018
  4.9530000e+002  7.2030000e+002 -1.4250000e+002  6.3254111e-016  6.3254111e-016 -1.4775735e-030
  5.7030000e+002  7.2030000e+002 -1.4250000e+002  5.9789464e-016  6.4171293e-016 -7.8923584e-017
  6.4530000e+002  7.2030000e+002 -1.4250000e+002  6.4447055e-016  6.9766271e-016 -1.6200401e-016
  7.2030000e+002  7.2030000e+002 -1.4250000e+002  7.0673801e-016  7.0673801e-016 -7.1848548e-017
  8.1030000e+002  7.2030000e+002 -1.4250000e+002  7.1047108e-016  6.9085494e-016 -2.0825658e-017
  9.3630000e+002  7.2030000e+002 -1.4250000e+002  6.9875976e-016  6.8659285e-016 -2.0605458e-018
  1.1127000e+003  7.2030000e+002 -1.4250000e+002  6.8996845e-016  6.8674404e-016  1.4615485e-018
  1.0290000e+002  8.1030000e+002 -1.4250000e+002  6.8732529e-016  6.8461133e-016 -4.9314803e-019
  2.7930000e+002  8.1030000e+002 -1.4250000e+002  6.8401058e-016  6.8043659e-016 -6.0347589e-020
  4.0530000e+002  8.1030000e+002 -1.4250000e+002  6.7370499e-016  6.7370499e-016 -2.0453376e-031
  4.9530000e+002  8.1030000e+002 -1.4250000e+002  6.5836044e-016  6.7339455e-016 -5.2202224e-018
  5.7030000e+002  8.1030000e+002 -1.4250000e+002  6.5192889e-016  6.9276241e-016 -2.0177003e-017
  6.4530000e+002  8.1030000e+002 -1.4250000e+002  6.6897312e-016  7.1838302e-016 -3.2598583e-017
  7.2030000e+002  8.1030000e+002 -1.4250000e+002  6.9085494e-016  7.1047108e-016 -2.0825658e-017
  8.1030000e+002  8.1030000e+002 -1.4250000e+002  6.9714451e-016  6.9714451e-016 -7.5908854e-018
  9.3630000e+002  8.1030000e+002 -1.4250000e+002  6.9461395e-016  6.8998928e-016  4.2734519e-019
  1.1127000e+003  8.1030000e+002 -1.4250000e+002  6.8937009e-016  6.8785947e-016  1.7398617e-018
  1.0290000e+002  9.3630000e+002 -1.4250000e+002  6.8716307e-016  6.8561436e-016 -1.0708686e-019
  2.7930000e+002  9.3630000e+002 -1.4250000e+002  6.8446708e-016  6.8446708e-016 -2.4430421e-031
  4.0530000e+002  9.3630000e+002 -1.4250000e+002  6.8043659e-016  6.8401058e-016  6.0347589e-020
  4.9530000e+002  9.3630000e+002 -1.4250000e+002  6.7701383e-016  6.8703344e-016 -8.9498383e-019
  5.7030000e+002  9.3630000e+002 -1.4250000e+002  6.7685686e-016  6.9365299e-016 -2.5555890e-018
  6.4530000e+002  9.3630000e+002 -1.4250000e+002  6.8105854e-016  6.9988537e-016 -3.5296440e-018
  7.2030000e+002  9.3630000e+002 -1.4250000e+002  6.8659285e-016  6.9875976e-016 -2.0605458e-018
  8.1030000e+002  9.3630000e+002 -1.4250000e+002  6.8998928e-016  6.9461395e-016  4.2734519e-019
  9.3630000e+002  9.3630000e+002 -1.4250000e+002  6.9057676e-016  6.9057676e-016  2.4813480e-018
  1.1127000e+003  9.3630000e+002 -1.4250000e+002  6.8850689e-016  6.8842534e-016  1.7371408e-018
  1.0290000e+002  1.1127000e+003 -1.4250000e+002  6.8716091e-016  6.8716091e-016 -6.9790886e-032
  2.7930000e+002  1.1127000e+003 -1.4250000e+002  6.8561436e-016  6.8716307e-016  1.0708686e-019
  4.0530000e+002  1.1127000e+003 -1.4250000e+002  6.8461133e-016  6.8732529e-016  4.9314803e-019
  4.9530000e+002  1.1127000e+003 -1.4250000e+002  6.8420485e-016  6.8807770e-016  7.7390909e-019
  5.7030000e+002  1.1127000e+003 -1.4250000e+002  6.8452748e-016  6.8911838e-016  9.7016031e-019
  6.4530000e+002  1.1127000e+003 -1.4250000e+002  6.8550359e-016  6.8997212e-016  1.1833365e-018
  7.2030000e+002  1.1127000e+003 -1.4250000e+002  6.8674404e-016  6.8996845e-016  1.4615485e-018
  8.1030000e+002  1.1127000e+003 -1.4250000e+002  6.8785947e-016  6.8937009e-016  1.7398617e-018
  9.3630000e+002  1.1127000e+003 -1.4250000e+002  6.8842534e-016  6.8850689e-016  1.7371408e-018
  1.1127000e+003  1.1127000e+003 -1.4250000e+002  6.8802411e-016  6.8802411e-016  8.0841295e-019
  1.0290000e+002  1.0290000e+002 -2.1750000e+002  4.2188149e-001  4.2188149e-001 -1.6096704e-004
  2.7930000e+002  1.0290000e+002 -2.1750000e+002  4.2218562e-001  4.2196848e-001 -2.2141982e-004
  4.0530000e+002  1.0290000e+002 -2.1750000e+002  4.2173868e-001  4.2244625e-001 -2.7615044e-004
  4.9530000e+002  1.0290000e+002 -2.1750000e+002  4.2093616e-001  4.2295824e-001 -3.0842206e-004
  5.7030000e+002  1.0290000e+002 -2.1750000e+002  4.2002818e-001  4.2310602e-001 -3.0543214e-004
  6.4530000e+002  1.0290000e+002 -2.1750000e+002  4.1932678e-001  4.2248615e-001 -2.4691555e-004
  7.2030000e+002  1.0290000e+002 -2.1750000e+002  4.1914336e-001  4.2175913e-001 -1.6360539e-004
  8.1030000e+002  1.0290000e+002 -2.1750000e+002  4.1948911e-001  4.2140030e-001 -7.9166711e-005
  9.3630000e+002  1.0290000e+002 -2.1750000e+002  4.2019714e-001  4.2152040e-001 -1.3250696e-005
  1.1127000e+003  1.0290000e+002 -2.1750000e+002  4.2141351e-001  4.2141351e-001  4.3191904e-017
  1.0290000e+002  2.7930000e+002 -2.1750000e+002  4.2196848e-001  4.2218562e-001 -2.2141982e-004
  2.7930000e+002  2.7930000e+002 -2.1750000e+002  4.2355414e-001  4.2355414e-001 -2.8712113e-004
  4.0530000e+002  2.7930000e+002 -2.1750000e+002  4.2315466e-001  4.2685036e-001 -5.7488319e-004
  4.9530000e+002  2.7930000e+002 -2.1750000e+002  4.2063812e-001  4.3163657e-001 -1.0791201e-003
  5.7030000e+002  2.7930000e+002 -2.1750000e+002  4.1579232e-001  4.3478903e-001 -1.4326511e-003
  6.4530000e+002  2.7930000e+002 -2.1750000e+002  4.1202785e-001  4.2796568e-001 -1.0381874e-003
  7.2030000e+002  2.7930000e+002 -2.1750000e+002  4.1258763e-001  4.2075058e-001 -4.4188455e-004
  8.1030000e+002  2.7930000e+002 -2.1750000e+002  4.1593844e-001  4.1843661e-001 -9.8821990e-005
  9.3630000e+002  2.7930000e+002 -2.1750000e+002  4.1936259e-001  4.1936259e-001  1.6542215e-016
  1.1127000e+003  2.7930000e+002 -2.1750000e+002  4.2152040e-001  4.2019714e-001  1.3250696e-005
  1.0290000e+002  4.0530000e+002 -2.1750000e+002  4.2244625e-001  4.2173868e-001 -2.7615044e-004
  2.7930000e+002  4.0530000e+002 -2.1750000e+002  4.2685036e-001  4.2315466e-001 -5.7488319e-004
  4.0530000e+002  4.0530000e+002 -2.1750000e+002  4.3064699e-001  4.3064699e-001 -2.4523650e-003
  4.9530000e+002  4.0530000e+002 -2.1750000e+002  4.2811577e-001  4.5292983e-001 -6.8808836e-003
  5.7030000e+002  4.0530000e+002 -2.1750000e+002  4.0330661e-001  4.8881786e-001 -1.1810847e-002
  6.4530000e+002  4.0530000e+002 -2.1750000e+002  3.8126953e-001  4.4391297e-001 -7.4055930e-003
  7.2030000e+002  4.0530000e+002 -2.1750000e+002  3.9043099e-001  4.0654593e-001 -1.7121897e-003
  8.1030000e+002  4.0530000e+002 -2.1750000e+002  4.0842358e-001  4.0842358e-001 -1.2424957e-016
  9.3630000e+002  4.0530000e+002 -2.1750000e+002  4.1843661e-001  4.1593844e-001  9.8821990e-005
  1.1127000e+003  4.0530000e+002 -2.1750000e+002  4.2140030e-001  4.1948911e-001  7.9166711e-005
  1.0290000e+002  4.9530000e+002 -2.1750000e+002  4.2295824e-001  4.2093616e-001 -3.0842206e-004
  2.7930000e+002  4.9530000e+002 -2.1750000e+002  4.3163657e-001  4.2063812e-001 -1.0791201e-003
  4.0530000e+002  4.9530000e+002 -2.1750000e+002  4.5292983e-001  4.2811577e-001 -6.8808836e-003
  4.9530000e+002  4.9530000e+002 -2.1750000e+002  4.8223778e-001  4.8223778e-001 -2.7455364e-002
  5.7030000e+002  4.9530000e+002 -2.1750000e+002  3.8054186e-001  7.1822169e-001 -6.8659234e-002
  6.4530000e+002  4.9530000e+002 -2.1750000e+002  2.7334241e-001  4.8326870e-001 -3.5145953e-002
  7.2030000e+002  4.9530000e+002 -2.1750000e+002  3.3780871e-001  3.3780871e-001 -4.0419057e-016
  8.1030000e+002  4.9530000e+002 -2.1750000e+002  4.0654593e-001  3.9043099e-001  1.7121897e-003
  9.3630000e+002  4.9530000e+002 -2.1750000e+002  4.2075058e-001  4.1258763e-001  4.4188455e-004
  1.1127000e+003  4.9530000e+002 -2.1750000e+002  4.2175913e-001  4.1914336e-001  1.6360539e-004
  1.0290000e+002  5.7030000e+002 -2.1750000e+002  4.2310602e-001  4.2002818e-001 -3.0543214e-004
  2.7930000e+002  5.7030000e+002 -2.1750000e+002  4.3478903e-001  4.1579232e-001 -1.4326511e-003
  4.0530000e+002  5.7030000e+002 -2.1750000e+002  4.8881786e-001  4.0330661e-001 -1.1810847e-002
  4.9530000e+002  5.7030000e+002 -2.1750000e+002  7.1822169e-001  3.8054186e-001 -6.8659234e-002
  5.7030000e+002  5.7030000e+002 -2.1750000e+002  9.9848401e-001  9.9848401e-001 -1.9235898e-001
  6.4530000e+002  5.7030000e+002 -2.1750000e+002  8.0242701e-001  8.0242701e-001 -3.3445469e-015
  7.2030000e+002  5.7030000e+002 -2.1750000e+002  4.8326870e-001  2.7334241e-001  3.5145953e-002
  8.1030000e+002  5.7030000e+002 -2.1750000e+002  4.4391297e-001  3.8126953e-001  7.4055930e-003
  9.3630000e+002  5.7030000e+002 -2.1750000e+002  4.2796568e-001  4.1202785e-001  1.0381874e-003
  1.1127000e+003  5.7030000e+002 -2.1750000e+002  4.2248615e-001  4.1932678e-001  2.4691555e-004
  1.0290000e+002  6.4530000e+002 -2.1750000e+002  4.2248615e-001  4.1932678e-001 -2.4691555e-004
  2.7930000e+002  6.4530000e+002 -2.1750000e+002  4.2796568e-001  4.1202785e-001 -1.0381874e-003
  4.0530000e+002  6.4530000e+002 -2.1750000e+002  4.4391297e-001  3.8126953e-001 -7.4055930e-003
  4.9530000e+002  6.4530000e+002 -2.1750000e+002  4.8326870e-001  2.7334241e-001 -3.5145953e-002
  5.7030000e+002  6.4530000e+002 -2.1750000e+002  8.0242701e-001  8.0242701e-001  2.7894353e-015
  6.4530000e+002  6.4530000e+002 -2.1750000e+002  9.9848401e-001  9.9848401e-001  1.9235898e-001
  7.2030000e+002  6.4530000e+002 -2.1750000e+002  7.1822169e-001  3.8054186e-001  6.8659234e-002
  8.1030000e+002  6.4530000e+002 -2.1750000e+002  4.8881786e-001  4.0330661e-001  1.1810847e-002
  9.3630000e+002  6.4530000e+002 -2.1750000e+002  4.3478903e-001  4.1579232e-001  1.4326511e-003
  1.1127000e+003  6.4530000e+002 -2.1750000e+002  4.2310602e-001  4.2002818e-001  3.0543214e-004
  1.0290000e+002  7.2030000e+002 -2.1750000e+002  4.2175913e-001  4.1914336e-001 -1.6360539e-004
  2.7930000e+002  7.2030000e+002 -2.1750000e+002  4.2075058e-001  4.1258763e-001 -4.4188455e-004
  4.0530000e+002  7.2030000e+002 -2.1750000e+002  4.0654593e-001  3.9043099e-001 -1.7121897e-003
  4.9530000e+002  7.2030000e+002 -2.1750000e+002  3.3780871e-001  3.3780871e-001  3.3827108e-016
  5.7030000e+002  7.2030000e+002 -2.1750000e+002  2.7334241e-001  4.8326870e-001  3.5145953e-002
  6.4530000e+002  7.2030000e+002 -2.1750000e+002  3.8054186e-001  7.1822169e-001  6.8659234e-002
  7.2030000e+002  7.2030000e+002 -2.1750000e+002  4.8223778e-001  4.8223778e-001  2.7455364e-002
  8.1030000e+002  7.2030000e+002 -2.1750000e+002  4.5292983e-001  4.2811577e-001  6.8808836e-003
  9.3630000e+002  7.2030000e+002 -2.1750000e+002  4.3163657e-001  4.2063812e-001  1.0791201e-003
  1.1127000e+003  7.2030000e+002 -2.1750000e+002  4.2295824e-001  4.2093616e-001  3.0842206e-004
  1.0290000e+002  8.1030000e+002 -2.1750000e+002  4.2140030e-001  4.1948911e-001 -7.9166711e-005
  2.7930000e+002  8.1030000e+002 -2.1750000e+002  4.1843661e-001  4.1593844e-001 -9.8821990e-005
  4.0530000e+002  8.1030000e+002 -2.1750000e+002  4.0842358e-001  4.0842358e-001 -2.5023386e-016
  4.9530000e+002  8.1030000e+002 -2.1750000e+002  3.9043099e-001  4.0654593e-001  1.7121897e-003
  5.7030000e+002  8.1030000e+002 -2.1750000e+002  3.8126953e-001  4.4391297e-001  7.4055930e-003
  6.4530000e+002  8.1030000e+002 -2.1750000e+002  4.0330661e-001  4.8881786e-001  1.1810847e-002
  7.2030000e+002  8.1030000e+002 -2.1750000e+002  4.2811577e-001  4.5292983e-001  6.8808836e-003
  8.1030000e+002  8.1030000e+002 -2.1750000e+002  4.3064699e-001  4.3064699e-001  2.4523650e-003
  9.3630000e+002  8.1030000e+002 -2.1750000e+002  4.2685036e-001  4.2315466e-001  5.7488319e-004
  1.1127000e+003  8.1030000e+002 -2.1750000e+002  4.2244625e-001  4.2173868e-001  2.7615044e-004
  1.0290000e+002  9.3630000e+002 -2.1750000e+002  4.2152040e-001  4.2019714e-001 -1.3250696e-005
  2.7930000e+002  9.3630000e+002 -2.1750000e+002  4.1936259e-001  4.1936259e-001  3.1929754e-017
  4.0530000e+002  9.3630000e+002 -2.1750000e+002  4.1593844e-001  4.1843661e-001  9.8821990e-005
  4.9530000e+002  9.3630000e+002 -2.1750000e+002  4.1258763e-001  4.2075058e-001  4.4188455e-004
  5.7030000e+002  9.3630000e+002 -2.1750000e+002  4.1202785e-001  4.2796568e-001  1.0381874e-003
  6.4530000e+002  9.3630000e+002 -2.1750000e+002  4.1579232e-001  4.3478903e-001  1.4326511e-003
  7.2030000e+002  9.3630000e+002 -2.1750000e+002  4.2063812e-001  4.3163657e-001  1.0791201e-003
  8.1030000e+002  9.3630000e+002 -2.1750000e+002  4.2315466e-001  4.2685036e-001  5.7488319e-004
  9.3630000e+002  9.3630000e+002 -2.1750000e+002  4.2355414e-001  4.2355414e-001  2.8712113e-004
  1.1127000e+003  9.3630000e+002 -2.1750000e+002  4.2196848e-001  4.2218562e-001  2.2141982e-004
  1.0290000e+002  1.1127000e+003 -2.1750000e+002  4.2141351e-001  4.2141351e-001  3.9641142e-017
  2.7930000e+002  1.1127000e+003 -2.1750000e+002  4.2019714e-001  4.2152040e-001  1.3250696e-005
  4.0530000e+002  1.1127000e+003 -2.1750000e+002  4.1948911e-001  4.2140030e-001  7.9166711e-005
  4.9530000e+002  1.1127000e+003 -2.1750000e+002  4.1914336e-001  4.2175913e-001  1.6360539e-004
  5.7030000e+002  1.1127000e+003 -2.1750000e+002  4.1932678e-001  4.2248615e-001  2.4691555e-004
  6.4530000e+002  1.1127000e+003 -2.1750000e+002  4.2002818e-001  4.2310602e-001  3.0543214e-004
  7.2030000e+002  1.1127000e+003 -2.1750000e+002  4.2093616e-001  4.2295824e-001  3.0842206e-004
  8.1030000e+002  1.1127000e+003 -2.1750000e+002  4.2173868e-001  4.2244625e-001  2.7615044e-004
  9.3630000e+002  1.1127000e+003 -2.1750000e+002  4.2218562e-001  4.2196848e-001  2.2141982e-004
  1.1127000e+003  1.1127000e+003 -2.1750000e+002  4.2188149e-001  4.2188149e-001  1.6096704e-004
  1.0290000e+002  1.0290000e+002 -2.9250000e+002  2.2018117e-001  2.2018117e-001 -4.3912204e-004
  2.7930000e+002  1.0290000e+002 -2.9250000e+002  2.2037343e-001  2.1999193e-001 -5.1998964e-004
  4.0530000e+002  1.0290000e+002 -2.9250000e+002  2.1997009e-001  2.2004768e-001 -6.1998318e-004
  4.9530000e+002  1.0290000e+002 -2.9250000e+002  2.1940400e-001  2.2024023e-001 -6.7724406e-004
  5.7030000e+002  1.0290000e+002 -2.9250000e+002  2.1881792e-001  2.2030412e-001 -6.6198970e-004
  6.4530000e+002  1.0290000e+002 -2.9250000e+002  2.1838741e-001  2.2007158e-001 -5.3798673e-004
  7.2030000e+002  1.0290000e+002 -2.9250000e+002  2.1828920e-001  2.1986403e-001 -3.6491125e-004
  8.1030000e+002  1.0290000e+002 -2.9250000e+002  2.1852302e-001  2.1990862e-001 -1.8654596e-004
  9.3630000e+002  1.0290000e+002 -2.9250000e+002  2.1897676e-001  2.2019847e-001 -4.3188164e-005
  1.1127000e+003  1.0290000e+002 -2.9250000e+002  2.1995869e-001  2.1995869e-001  2.1426545e-017
  1.0290000e+002  2.7930000e+002 -2.9250000e+002  2.1999193e-001  2.2037343e-001 -5.1998964e-004
  2.7930000e+002  2.7930000e+002 -2.9250000e+002  2.2091298e-001  2.2091298e-001 -5.1793029e-004
  4.0530000e+002  2.7930000e+002 -2.9250000e+002  2.2025201e-001  2.2231450e-001 -1.0685167e-003
  4.9530000e+002  2.7930000e+002 -2.9250000e+002  2.1842130e-001  2.2422570e-001 -2.0086306e-003
  5.7030000e+002  2.7930000e+002 -2.9250000e+002  2.1552575e-001  2.2481288e-001 -2.5923138e-003
  6.4530000e+002  2.7930000e+002 -2.9250000e+002  2.1351437e-001  2.2146590e-001 -1.8839410e-003
  7.2030000e+002  2.7930000e+002 -2.9250000e+002  2.1403051e-001  2.1837570e-001 -8.2208289e-004
  8.1030000e+002  2.7930000e+002 -2.9250000e+002  2.1627490e-001  2.1759155e-001 -1.7851586e-004
  9.3630000e+002  2.7930000e+002 -2.9250000e+002  2.1860570e-001  2.1860570e-001  1.8041124e-016
  1.1127000e+003  2.7930000e+002 -2.9250000e+002  2.2019847e-001  2.1897676e-001  4.3188164e-005
  1.0290000e+002  4.0530000e+002 -2.9250000e+002  2.2004768e-001  2.1997009e-001 -6.1998318e-004
  2.7930000e+002  4.0530000e+002 -2.9250000e+002  2.2231450e-001  2.2025201e-001 -1.0685167e-003
  4.0530000e+002  4.0530000e+002 -2.9250000e+002  2.2278764e-001  2.2278764e-001 -4.5965767e-003
  4.9530000e+002  4.0530000e+002 -2.9250000e+002  2.1863250e-001  2.2939194e-001 -1.2007068e-002
  5.7030000e+002  4.0530000e+002 -2.9250000e+002  2.0541180e-001  2.3405915e-001 -1.8988212e-002
  6.4530000e+002  4.0530000e+002 -2.9250000e+002  1.9583593e-001  2.1810741e-001 -1.1909999e-002
  7.2030000e+002  4.0530000e+002 -2.9250000e+002  2.0083822e-001  2.0859124e-001 -3.0184014e-003
  8.1030000e+002  4.0530000e+002 -2.9250000e+002  2.1087335e-001  2.1087335e-001 -2.2399617e-016
  9.3630000e+002  4.0530000e+002 -2.9250000e+002  2.1759155e-001  2.1627490e-001  1.7851586e-004
  1.1127000e+003  4.0530000e+002 -2.9250000e+002  2.1990862e-001  2.1852302e-001  1.8654596e-004
  1.0290000e+002  4.9530000e+002 -2.9250000e+002  2.2024023e-001  2.1940400e-001 -6.7724406e-004
  2.7930000e+002  4.9530000e+002 -2.9250000e+002  2.2422570e-001  2.1842130e-001 -2.0086306e-003
  4.0530000e+002  4.9530000e+002 -2.9250000e+002  2.2939194e-001  2.1863250e-001 -1.2007068e-002
  4.9530000e+002  4.9530000e+002 -2.9250000e+002  2.2610135e-001  2.2610135e-001 -4.2212291e-002
  5.7030000e+002  4.9530000e+002 -2.9250000e+002  1.8543398e-001  2.3003057e-001 -9.2464832e-002
  6.4530000e+002  4.9530000e+002 -2.9250000e+002  1.5736715e-001  1.8378440e-001 -4.5869430e-002
  7.2030000e+002  4.9530000e+002 -2.9250000e+002  1.8211284e-001  1.8211284e-001 -4.6750798e-016
  8.1030000e+002  4.9530000e+002 -2.9250000e+002  2.0859124e-001  2.0083822e-001  3.0184014e-003
  9.3630000e+002  4.9530000e+002 -2.9250000e+002  2.1837570e-001  2.1403051e-001  8.2208289e-004
  1.1127000e+003  4.9530000e+002 -2.9250000e+002  2.1986403e-001  2.1828920e-001  3.6491125e-004
  1.0290000e+002  5.7030000e+002 -2.9250000e+002  2.2030412e-001  2.1881792e-001 -6.6198970e-004
  2.7930000e+002  5.7030000e+002 -2.9250000e+002  2.2481288e-001  2.1552575e-001 -2.5923138e-003
  4.0530000e+002  5.7030000e+002 -2.9250000e+002  2.3405915e-001  2.0541180e-001 -1.8988212e-002
  4.9530000e+002  5.7030000e+002 -2.9250000e+002  2.3003057e-001  1.8543398e-001 -9.2464832e-002
  5.7030000e+002  5.7030000e+002 -2.9250000e+002  1.4302061e-001  1.4302061e-001 -2.3176900e-001
  6.4530000e+002  5.7030000e+002 -2.9250000e+002  1.0982837e-001  1.0982837e-001 -4.0037418e-015
  7.2030000e+002  5.7030000e+002 -2.9250000e+002  1.8378440e-001  1.5736715e-001  4.5869430e-002
  8.1030000e+002  5.7030000e+002 -2.9250000e+002  2.1810741e-001  1.9583593e-001  1.1909999e-002
  9.3630000e+002  5.7030000e+002 -2.9250000e+002  2.2146590e-001  2.1351437e-001  1.8839410e-003
  1.1127000e+003  5.7030000e+002 -2.9250000e+002  2.2007158e-001  2.1838741e-001  5.3798673e-004
  1.0290000e+002  6.4530000e+002 -2.9250000e+002  2.2007158e-001  2.1838741e-001 -5.3798673e-004
  2.7930000e+002  6.4530000e+002 -2.9250000e+002  2.2146590e-001  2.1351437e-001 -1.8839410e-003
  4.0530000e+002  6.4530000e+002 -2.9250000e+002  2.1810741e-001  1.9583593e-001 -1.1909999e-002
  4.9530000e+002  6.4530000e+002 -2.9250000e+002  1.8378440e-001  1.5736715e-001 -4.5869430e-002
  5.7030000e+002  6.4530000e+002 -2.9250000e+002  1.0982837e-001  1.0982837e-001  3.5769998e-015
  6.4530000e+002  6.4530000e+002 -2.9250000e+002  1.4302061e-001  1.4302061e-001  2.3176900e-001
  7.2030000e+002  6.4530000e+002 -2.9250000e+002  2.3003057e-001  1.8543398e-001  9.2464832e-002
  8.1030000e+002  6.4530000e+002 -2.9250000e+002  2.3405915e-001  2.0541180e-001  1.8988212e-002
  9.3630000e+002  6.4530000e+002 -2.9250000e+002  2.2481288e-001  2.1552575e-001  2.5923138e-003
  1.1127000e+003  6.4530000e+002 -2.9250000e+002  2.2030412e-001  2.1881792e-001  6.6198970e-004
  1.0290000e+002  7.2030000e+002 -2.9250000e+002  2.1986403e-001  2.1828920e-001 -3.6491125e-004
  2.7930000e+002  7.2030000e+002 -2.9250000e+002  2.1837570e-001  2.1403051e-001 -8.2208289e-004
  4.0530000e+002  7.2030000e+002 -2.9250000e+002  2.0859124e-001  2.0083822e-001 -3.0184014e-003
  4.9530000e+002  7.2030000e+002 -2.9250000e+002  1.8211284e-001  1.8211284e-001  5.6898930e-016
  5.7030000e+002  7.2030000e+002 -2.9250000e+002  1.5736715e-001  1.8378440e-001  4.5869430e-002
  6.4530000e+002  7.2030000e+002 -2.9250000e+002  1.8543398e-001  2.3003057e-001  9.2464832e-002
  7.2030000e+002  7.2030000e+002 -2.9250000e+002  2.2610135e-001  2.2610135e-001  4.2212291e-002
  8.1030000e+002  7.2030000e+002 -2.9250000e+002  2.2939194e-001  2.1863250e-001  1.2007068e-002
  9.3630000e+002  7.2030000e+002 -2.9250000e+002  2.2422570e-001  2.1842130e-001  2.0086306e-003
  1.1127000e+003  7.2030000e+002 -2.9250000e+002  2.2024023e-001  2.1940400e-001  6.7724406e-004
  1.0290000e+002  8.1030000e+002 -2.9250000e+002  2.1990862e-001  2.1852302e-001 -1.8654596e-004
  2.7930000e+002  8.1030000e+002 -2.9250000e+002  2.1759155e-001  2.1627490e-001 -1.7851586e-004
  4.0530000e+002  8.1030000e+002 -2.9250000e+002  2.1087335e-001  2.1087335e-001 -1.8583225e-016
  4.9530000e+002  8.1030000e+002 -2.9250000e+002  2.0083822e-001  2.0859124e-001  3.0184014e-003
  5.7030000e+002  8.1030000e+002 -2.9250000e+002  1.9583593e-001  2.1810741e-001  1.1909999e-002
  6.4530000e+002  8.1030000e+002 -2.9250000e+002  2.0541180e-001  2.3405915e-001  1.8988212e-002
  7.2030000e+002  8.1030000e+002 -2.9250000e+002  2.1863250e-001  2.2939194e-001  1.2007068e-002
  8.1030000e+002  8.1030000e+002 -2.9250000e+002  2.2278764e-001  2.2278764e-001  4.5965767e-003
  9.3630000e+002  8.1030000e+002 -2.9250000e+002  2.2231450e-001  2.2025201e-001  1.0685167e-003
  1.1127000e+003  8.1030000e+002 -2.9250000e+002  2.2004768e-001  2.1997009e-001  6.1998318e-004
  1.0290000e+002  9.3630000e+002 -2.9250000e+002  2.2019847e-001  2.1897676e-001 -4.3188164e-005
  2.7930000e+002  9.3630000e+002 -2.9250000e+002  2.1860570e-001  2.1860570e-001  1.9811084e-016
  4.0530000e+002  9.3630000e+002 -2.9250000e+002  2.1627490e-001  2.1759155e-001  1.7851586e-004
  4.9530000e+002  9.3630000e+002 -2.9250000e+002  2.1403051e-001  2.1837570e-001  8.2208289e-004
  5.7030000e+002  9.3630000e+002 -2.9250000e+002  2.1351437e-001  2.2146590e-001  1.8839410e-003
  6.4530000e+002  9.3630000e+002 -2.9250000e+002  2.1552575e-001  2.2481288e-001  2.5923138e-003
  7.2030000e+002  9.3630000e+002 -2.9250000e+002  2.1842130e-001  2.2422570e-001  2.0086306e-003
  8.1030000e+002  9.3630000e+002 -2.9250000e+002  2.2025201e-001  2.2231450e-001  1.0685167e-003
  9.3630000e+002  9.3630000e+002 -2.9250000e+002  2.2091298e-001  2.2091298e-001  5.1793029e-004
  1.1127000e+003  9.3630000e+002 -2.9250000e+002  2.1999193e-001  2.2037343e-001  5.1998964e-004
  1.0290000e+002  1.1127000e+003 -2.9250000e+002  2.1995869e-001  2.1995869e-001  1.9203931e-017
  2.7930000e+002  1.1127000e+003 -2.9250000e+002  2.1897676e-001  2.2019847e-001  4.3188164e-005
  4.0530000e+002  1.1127000e+003 -2.9250000e+002  2.1852302e-001  2.1990862e-001  1.8654596e-004
  4.9530000e+002  1.1127000e+003 -2.9250000e+002  2.1828920e-001  2.1986403e-001  3.6491125e-004
  5.7030000e+002  1.1127000e+003 -2.9250000e+002  2.1838741e-001  2.2007158e-001  5.3798673e-004
  6.4530000e+002  1.1127000e+003 -2.9250000e+002  2.1881792e-001  2.2030412e-001  6.6198970e-004
  7.2030000e+002  1.1127000e+003 -2.9250000e+002  2.1940400e-001  2.2024023e-001  6.7724406e-004
  8.1030000e+002  1.1127000e+003 -2.9250000e+002  2.1997009e-001  2.2004768e-001  6.1998318e-004
  9.3630000e+002  1.1127000e+003 -2.9250000e+002  2.2037343e-001  2.1999193e-001  5.1998964e-004
  1.1127000e+003  1.1127000e+003 -2.9250000e+002  2.2018117e-001  2.2018117e-001  4.3912204e-004
  1.0290000e+002  1.0290000e+002 -3.6750000e+002  8.4782490e-002  8.4782490e-002 -6.2333882e-004
  2.7930000e+002  1.0290000e+002 -3.6750000e+002  8.4877329e-002  8.4504291e-002 -5.9567969e-004
  4.0530000e+002  1.0290000e+002 -3.6750000e+002  8.4569133e-002  8.4367999e-002 -6.5121973e-004
  4.9530000e+002  1.0290000e+002 -3.6750000e+002  8.4213964e-002  8.4399431e-002 -6.8062256e-004
  5.7030000e+002  1.0290000e+002 -3.6750000e+002  8.3881328e-002  8.4446531e-002 -6.5064466e-004
  6.4530000e+002  1.0290000e+002 -3.6750000e+002  8.3648196e-002  8.4458509e-002 -5.3603419e-004
  7.2030000e+002  1.0290000e+002 -3.6750000e+002  8.3595444e-002  8.4545038e-002 -3.8247347e-004
  8.1030000e+002  1.0290000e+002 -3.6750000e+002  8.3715902e-002  8.4786909e-002 -2.1940524e-004
  9.3630000e+002  1.0290000e+002 -3.6750000e+002  8.3945518e-002  8.5100289e-002 -7.7602943e-005
  1.1127000e+003  1.0290000e+002 -3.6750000e+002  8.4728023e-002  8.4728023e-002 -1.9564428e-016
  1.0290000e+002  2.7930000e+002 -3.6750000e+002  8.4504291e-002  8.4877329e-002 -5.9567969e-004
  2.7930000e+002  2.7930000e+002 -3.6750000e+002  8.4992649e-002  8.4992649e-002 -2.8918879e-004
  4.0530000e+002  2.7930000e+002 -3.6750000e+002  8.4388707e-002  8.5294636e-002 -6.5570122e-004
  4.9530000e+002  2.7930000e+002 -3.6750000e+002  8.3283686e-002  8.5705326e-002 -1.3185260e-003
  5.7030000e+002  2.7930000e+002 -3.6750000e+002  8.1859479e-002  8.5533307e-002 -1.6557351e-003
  6.4530000e+002  2.7930000e+002 -3.6750000e+002  8.1005551e-002  8.4206959e-002 -1.2048741e-003
  7.2030000e+002  2.7930000e+002 -3.6750000e+002  8.1388846e-002  8.3202691e-002 -5.3147391e-004
  8.1030000e+002  2.7930000e+002 -3.6750000e+002  8.2677863e-002  8.3199180e-002 -9.6577542e-005
  9.3630000e+002  2.7930000e+002 -3.6750000e+002  8.4019030e-002  8.4019030e-002 -5.3945834e-017
  1.1127000e+003  2.7930000e+002 -3.6750000e+002  8.5100289e-002  8.3945518e-002  7.7602943e-005
  1.0290000e+002  4.0530000e+002 -3.6750000e+002  8.4367999e-002  8.4569133e-002 -6.5121973e-004
  2.7930000e+002  4.0530000e+002 -3.6750000e+002  8.5294636e-002  8.4388707e-002 -6.5570122e-004
  4.0530000e+002  4.0530000e+002 -3.6750000e+002  8.4462739e-002  8.4462739e-002 -3.1584625e-003
  4.9530000e+002  4.0530000e+002 -3.6750000e+002  8.1363979e-002  8.5246297e-002 -7.4353119e-003
  5.7030000e+002  4.0530000e+002 -3.6750000e+002  7.5557929e-002  8.4629198e-002 -1.0083896e-002
  6.4530000e+002  4.0530000e+002 -3.6750000e+002  7.2083642e-002  7.9702428e-002 -6.3568568e-003
  7.2030000e+002  4.0530000e+002 -3.6750000e+002  7.4440921e-002  7.7554848e-002 -1.9083524e-003
  8.1030000e+002  4.0530000e+002 -3.6750000e+002  7.9360990e-002  7.9360990e-002 -5.2258545e-017
  9.3630000e+002  4.0530000e+002 -3.6750000e+002  8.3199180e-002  8.2677863e-002  9.6577542e-005
  1.1127000e+003  4.0530000e+002 -3.6750000e+002  8.4786909e-002  8.3715902e-002  2.1940524e-004
  1.0290000e+002  4.9530000e+002 -3.6750000e+002  8.4399431e-002  8.4213964e-002 -6.8062256e-004
  2.7930000e+002  4.9530000e+002 -3.6750000e+002  8.5705326e-002  8.3283686e-002 -1.3185260e-003
  4.0530000e+002  4.9530000e+002 -3.6750000e+002  8.5246297e-002  8.1363979e-002 -7.4353119e-003
  4.9530000e+002  4.9530000e+002 -3.6750000e+002  7.9878585e-002  7.9878585e-002 -2.0204384e-002
  5.7030000e+002  4.9530000e+002 -3.6750000e+002  6.5697604e-002  7.6217337e-002 -3.0754688e-002
  6.4530000e+002  4.9530000e+002 -3.6750000e+002  5.8385641e-002  6.6126160e-002 -1.3831272e-002
  7.2030000e+002  4.9530000e+002 -3.6750000e+002  6.6951224e-002  6.6951224e-002 -3.6038880e-016
  8.1030000e+002  4.9530000e+002 -3.6750000e+002  7.7554848e-002  7.4440921e-002  1.9083524e-003
  9.3630000e+002  4.9530000e+002 -3.6750000e+002  8.3202691e-002  8.1388846e-002  5.3147391e-004
  1.1127000e+003  4.9530000e+002 -3.6750000e+002  8.4545038e-002  8.3595444e-002  3.8247347e-004
  1.0290000e+002  5.7030000e+002 -3.6750000e+002  8.4446531e-002  8.3881328e-002 -6.5064466e-004
  2.7930000e+002  5.7030000e+002 -3.6750000e+002  8.5533307e-002  8.1859479e-002 -1.6557351e-003
  4.0530000e+002  5.7030000e+002 -3.6750000e+002  8.4629198e-002  7.5557929e-002 -1.0083896e-002
  4.9530000e+002  5.7030000e+002 -3.6750000e+002  7.6217337e-002  6.5697604e-002 -3.0754688e-002
  5.7030000e+002  5.7030000e+002 -3.6750000e+002  5.3262147e-002  5.3262147e-002 -4.7570188e-002
  6.4530000e+002  5.7030000e+002 -3.6750000e+002  4.6966706e-002  4.6966706e-002 -9.9052710e-016
  7.2030000e+002  5.7030000e+002 -3.6750000e+002  6.6126160e-002  5.8385641e-002  1.3831272e-002
  8.1030000e+002  5.7030000e+002 -3.6750000e+002  7.9702428e-002  7.2083642e-002  6.3568568e-003
  9.3630000e+002  5.7030000e+002 -3.6750000e+002  8.4206959e-002  8.1005551e-002  1.2048741e-003
  1.1127000e+003  5.7030000e+002 -3.6750000e+002  8.4458509e-002  8.3648196e-002  5.3603419e-004
  1.0290000e+002  6.4530000e+002 -3.6750000e+002  8.4458509e-002  8.3648196e-002 -5.3603419e-004
  2.7930000e+002  6.4530000e+002 -3.6750000e+002  8.4206959e-002  8.1005551e-002 -1.2048741e-003
  4.0530000e+002  6.4530000e+002 -3.6750000e+002  7.9702428e-002  7.2083642e-002 -6.3568568e-003
  4.9530000e+002  6.4530000e+002 -3.6750000e+002  6.6126160e-002  5.8385641e-002 -1.3831272e-002
  5.7030000e+002  6.4530000e+002 -3.6750000e+002  4.6966706e-002  4.6966706e-002  9.3848540e-016
  6.4530000e+002  6.4530000e+002 -3.6750000e+002  5.3262147e-002  5.3262147e-002  4.7570188e-002
  7.2030000e+002  6.4530000e+002 -3.6750000e+002  7.6217337e-002  6.5697604e-002  3.0754688e-002
  8.1030000e+002  6.4530000e+002 -3.6750000e+002  8.4629198e-002  7.5557929e-002  1.0083896e-002
  9.3630000e+002  6.4530000e+002 -3.6750000e+002  8.5533307e-002  8.1859479e-002  1.6557351e-003
  1.1127000e+003  6.4530000e+002 -3.6750000e+002  8.4446531e-002  8.3881328e-002  6.5064466e-004
  1.0290000e+002  7.2030000e+002 -3.6750000e+002  8.4545038e-002  8.3595444e-002 -3.8247347e-004
  2.7930000e+002  7.2030000e+002 -3.6750000e+002  8.3202691e-002  8.1388846e-002 -5.3147391e-004
  4.0530000e+002  7.2030000e+002 -3.6750000e+002  7.7554848e-002  7.4440921e-002 -1.9083524e-003
  4.9530000e+002  7.2030000e+002 -3.6750000e+002  6.6951224e-002  6.6951224e-002  3.6819506e-016
  5.7030000e+002  7.2030000e+002 -3.6750000e+002  5.8385641e-002  6.6126160e-002  1.3831272e-002
  6.4530000e+002  7.2030000e+002 -3.6750000e+002  6.5697604e-002  7.6217337e-002  3.0754688e-002
  7.2030000e+002  7.2030000e+002 -3.6750000e+002  7.9878585e-002  7.9878585e-002  2.0204384e-002
  8.1030000e+002  7.2030000e+002 -3.6750000e+002  8.5246297e-002  8.1363979e-002  7.4353119e-003
  9.3630000e+002  7.2030000e+002 -3.6750000e+002  8.5705326e-002  8.3283686e-002  1.3185260e-003
  1.1127000e+003  7.2030000e+002 -3.6750000e+002  8.4399431e-002  8.4213964e-002  6.8062256e-004
  1.0290000e+002  8.1030000e+002 -3.6750000e+002  8.4786909e-002  8.3715902e-002 -2.1940524e-004
  2.7930000e+002  8.1030000e+002 -3.6750000e+002  8.3199180e-002  8.2677863e-002 -9.6577542e-005
  4.0530000e+002  8.1030000e+002 -3.6750000e+002  7.9360990e-002  7.9360990e-002  6.7654216e-017
  4.9530000e+002  8.1030000e+002 -3.6750000e+002  7.4440921e-002  7.7554848e-002  1.9083524e-003
  5.7030000e+002  8.1030000e+002 -3.6750000e+002  7.2083642e-002  7.9702428e-002  6.3568568e-003
  6.4530000e+002  8.1030000e+002 -3.6750000e+002  7.5557929e-002  8.4629198e-002  1.0083896e-002
  7.2030000e+002  8.1030000e+002 -3.6750000e+002  8.1363979e-002  8.5246297e-002  7.4353119e-003
  8.1030000e+002  8.1030000e+002 -3.6750000e+002  8.4462739e-002  8.4462739e-002  3.1584625e-003
  9.3630000e+002  8.1030000e+002 -3.6750000e+002  8.5294636e-002  8.4388707e-002  6.5570122e-004
  1.1127000e+003  8.1030000e+002 -3.6750000e+002  8.4367999e-002  8.4569133e-002  6.5121973e-004
  1.0290000e+002  9.3630000e+002 -3.6750000e+002  8.5100289e-002  8.3945518e-002 -7.7602943e-005
  2.7930000e+002  9.3630000e+002 -3.6750000e+002  8.4019030e-002  8.4019030e-002  2.3501099e-016
  4.0530000e+002  9.3630000e+002 -3.6750000e+002  8.2677863e-002  8.3199180e-002  9.6577542e-005
  4.9530000e+002  9.3630000e+002 -3.6750000e+002  8.1388846e-002  8.3202691e-002  5.3147391e-004
  5.7030000e+002  9.3630000e+002 -3.6750000e+002  8.1005551e-002  8.4206959e-002  1.2048741e-003
  6.4530000e+002  9.3630000e+002 -3.6750000e+002  8.1859479e-002  8.5533307e-002  1.6557351e-003
  7.2030000e+002  9.3630000e+002 -3.6750000e+002  8.3283686e-002  8.5705326e-002  1.3185260e-003
  8.1030000e+002  9.3630000e+002 -3.6750000e+002  8.4388707e-002  8.5294636e-002  6.5570122e-004
  9.3630000e+002  9.3630000e+002 -3.6750000e+002  8.4992649e-002  8.4992649e-002  2.8918879e-004
  1.1127000e+003  9.3630000e+002 -3.6750000e+002  8.4504291e-002  8.4877329e-002  5.9567969e-004
  1.0290000e+002  1.1127000e+003 -3.6750000e+002  8.4728023e-002  8.4728023e-002 -7.2180760e-017
  2.7930000e+002  1.1127000e+003 -3.6750000e+002  8.3945518e-002  8.5100289e-002  7.7602943e-005
  4.0530000e+002  1.1127000e+003 -3.6750000e+002  8.3715902e-002  8.4786909e-002  2.1940524e-004
  4.9530000e+002  1.1127000e+003 -3.6750000e+002  8.3595444e-002  8.4545038e-002  3.8247347e-004
  5.7030000e+002  1.1127000e+003 -3.6750000e+002  8.3648196e-002  8.4458509e-002  5.3603419e-004
  6.4530000e+002  1.1127000e+003 -3.6750000e+002  8.3881328e-002  8.4446531e-002  6.5064466e-004
  7.2030000e+002  1.1127000e+003 -3.6750000e+002  8.4213964e-002  8.4399431e-002  6.8062256e-004
  8.1030000e+002  1.1127000e+003 -3.6750000e+002  8.4569133e-002  8.4367999e-002  6.5121973e-004
  9.3630000e+002  1.1127000e+003 -3.6750000e+002  8.4877329e-002  8.4504291e-002  5.9567969e-004
  1.1127000e+003  1.1127000e+003 -3.6750000e+002  8.4782490e-002  8.4782490e-002  6.2333882e-004
  1.0290000e+002  1.0290000e+002 -4.5750000e+002 -9.0272546e-003 -9.0272546e-003 -7.1788789e-004
  2.7930000e+002  1.0290000e+002 -4.5750000e+002 -9.0202537e-003 -9.2449369e-003 -5.5197001e-004
  4.0530000e+002  1.0290000e+002 -4.5750000e+002 -9.2008506e-003 -9.4022572e-003 -5.3399540e-004
  4.9530000e+002  1.0290000e+002 -4.5750000e+002 -9.3648000e-003 -9.4076660e-003 -5.2500677e-004
  5.7030000e+002  1.0290000e+002 -4.5750000e+002 -9.5000717e-003 -9.3377489e-003 -4.9222236e-004
  6.4530000e+002  1.0290000e+002 -4.5750000e+002 -9.5930413e-003 -9.2014870e-003 -4.2059313e-004
  7.2030000e+002  1.0290000e+002 -4.5750000e+002 -9.6244708e-003 -8.9968881e-003 -3.3035143e-004
  8.1030000e+002  1.0290000e+002 -4.5750000e+002 -9.6091784e-003 -8.7160007e-003 -2.2982204e-004
  9.3630000e+002  1.0290000e+002 -4.5750000e+002 -9.5751201e-003 -8.4855119e-003 -1.2223500e-004
  1.1127000e+003  1.0290000e+002 -4.5750000e+002 -8.9803547e-003 -8.9803547e-003 -3.2767300e-016
  1.0290000e+002  2.7930000e+002 -4.5750000e+002 -9.2449369e-003 -9.0202537e-003 -5.5197001e-004
  2.7930000e+002  2.7930000e+002 -4.5750000e+002 -9.0279760e-003 -9.0279760e-003  6.6210329e-005
  4.0530000e+002  2.7930000e+002 -4.5750000e+002 -9.3428742e-003 -9.1707941e-003  2.4606189e-005
  4.9530000e+002  2.7930000e+002 -4.5750000e+002 -9.7528418e-003 -9.2657434e-003 -2.5558190e-004
  5.7030000e+002  2.7930000e+002 -4.5750000e+002 -1.0175487e-002 -9.4409662e-003 -4.1076473e-004
  6.4530000e+002  2.7930000e+002 -4.5750000e+002 -1.0352228e-002 -9.7403673e-003 -2.8493454e-004
  7.2030000e+002  2.7930000e+002 -4.5750000e+002 -1.0119495e-002 -9.8282441e-003 -7.9932349e-005
  8.1030000e+002  2.7930000e+002 -4.5750000e+002 -9.5848904e-003 -9.5662357e-003  2.7695196e-005
  9.3630000e+002  2.7930000e+002 -4.5750000e+002 -9.0947428e-003 -9.0947428e-003 -6.4950486e-017
  1.1127000e+003  2.7930000e+002 -4.5750000e+002 -8.4855119e-003 -9.5751201e-003  1.2223500e-004
  1.0290000e+002  4.0530000e+002 -4.5750000e+002 -9.4022572e-003 -9.2008506e-003 -5.3399540e-004
  2.7930000e+002  4.0530000e+002 -4.5750000e+002 -9.1707941e-003 -9.3428742e-003  2.4606189e-005
  4.0530000e+002  4.0530000e+002 -4.5750000e+002 -9.9248986e-003 -9.9248986e-003 -9.7367394e-004
  4.9530000e+002  4.0530000e+002 -4.5750000e+002 -1.1289964e-002 -1.0426605e-002 -2.5787384e-003
  5.7030000e+002  4.0530000e+002 -4.5750000e+002 -1.3018177e-002 -1.1111414e-002 -3.3187472e-003
  6.4530000e+002  4.0530000e+002 -4.5750000e+002 -1.3813382e-002 -1.2118038e-002 -2.1119621e-003
  7.2030000e+002  4.0530000e+002 -4.5750000e+002 -1.2933086e-002 -1.2185174e-002 -6.6948758e-004
  8.1030000e+002  4.0530000e+002 -4.5750000e+002 -1.1127454e-002 -1.1127454e-002  3.0905861e-016
  9.3630000e+002  4.0530000e+002 -4.5750000e+002 -9.5662357e-003 -9.5848904e-003 -2.7695196e-005
  1.1127000e+003  4.0530000e+002 -4.5750000e+002 -8.7160007e-003 -9.6091784e-003  2.2982204e-004
  1.0290000e+002  4.9530000e+002 -4.5750000e+002 -9.4076660e-003 -9.3648000e-003 -5.2500677e-004
  2.7930000e+002  4.9530000e+002 -4.5750000e+002 -9.2657434e-003 -9.7528418e-003 -2.5558190e-004
  4.0530000e+002  4.9530000e+002 -4.5750000e+002 -1.0426605e-002 -1.1289964e-002 -2.5787384e-003
  4.9530000e+002  4.9530000e+002 -4.5750000e+002 -1.2929648e-002 -1.2929648e-002 -6.3134440e-003
  5.7030000e+002  4.9530000e+002 -4.5750000e+002 -1.6489309e-002 -1.4656127e-002 -7.9893361e-003
  6.4530000e+002  4.9530000e+002 -4.5750000e+002 -1.7834966e-002 -1.6306801e-002 -3.5772041e-003
  7.2030000e+002  4.9530000e+002 -4.5750000e+002 -1.5538044e-002 -1.5538044e-002 -3.1983964e-018
  8.1030000e+002  4.9530000e+002 -4.5750000e+002 -1.2185174e-002 -1.2933086e-002  6.6948758e-004
  9.3630000e+002  4.9530000e+002 -4.5750000e+002 -9.8282441e-003 -1.0119495e-002  7.9932349e-005
  1.1127000e+003  4.9530000e+002 -4.5750000e+002 -8.9968881e-003 -9.6244708e-003  3.3035143e-004
  1.0290000e+002  5.7030000e+002 -4.5750000e+002 -9.3377489e-003 -9.5000717e-003 -4.9222236e-004
  2.7930000e+002  5.7030000e+002 -4.5750000e+002 -9.4409662e-003 -1.0175487e-002 -4.1076473e-004
  4.0530000e+002  5.7030000e+002 -4.5750000e+002 -1.1111414e-002 -1.3018177e-002 -3.3187472e-003
  4.9530000e+002  5.7030000e+002 -4.5750000e+002 -1.4656127e-002 -1.6489309e-002 -7.9893361e-003
  5.7030000e+002  5.7030000e+002 -4.5750000e+002 -1.9499339e-002 -1.9499339e-002 -9.1914454e-003
  6.4530000e+002  5.7030000e+002 -4.5750000e+002 -2.0407247e-002 -2.0407247e-002 -9.2157185e-017
  7.2030000e+002  5.7030000e+002 -4.5750000e+002 -1.6306801e-002 -1.7834966e-002  3.5772041e-003
  8.1030000e+002  5.7030000e+002 -4.5750000e+002 -1.2118038e-002 -1.3813382e-002  2.1119621e-003
  9.3630000e+002  5.7030000e+002 -4.5750000e+002 -9.7403673e-003 -1.0352228e-002  2.8493454e-004
  1.1127000e+003  5.7030000e+002 -4.5750000e+002 -9.2014870e-003 -9.5930413e-003  4.2059313e-004
  1.0290000e+002  6.4530000e+002 -4.5750000e+002 -9.2014870e-003 -9.5930413e-003 -4.2059313e-004
  2.7930000e+002  6.4530000e+002 -4.5750000e+002 -9.7403673e-003 -1.0352228e-002 -2.8493454e-004
  4.0530000e+002  6.4530000e+002 -4.5750000e+002 -1.2118038e-002 -1.3813382e-002 -2.1119621e-003
  4.9530000e+002  6.4530000e+002 -4.5750000e+002 -1.6306801e-002 -1.7834966e-002 -3.5772041e-003
  5.7030000e+002  6.4530000e+002 -4.5750000e+002 -2.0407247e-002 -2.0407247e-002  4.2240517e-016
  6.4530000e+002  6.4530000e+002 -4.5750000e+002 -1.9499339e-002 -1.9499339e-002  9.1914454e-003
  7.2030000e+002  6.4530000e+002 -4.5750000e+002 -1.4656127e-002 -1.6489309e-002  7.9893361e-003
  8.1030000e+002  6.4530000e+002 -4.5750000e+002 -1.1111414e-002 -1.3018177e-002  3.3187472e-003
  9.3630000e+002  6.4530000e+002 -4.5750000e+002 -9.4409662e-003 -1.0175487e-002  4.1076473e-004
  1.1127000e+003  6.4530000e+002 -4.5750000e+002 -9.3377489e-003 -9.5000717e-003  4.9222236e-004
  1.0290000e+002  7.2030000e+002 -4.5750000e+002 -8.9968881e-003 -9.6244708e-003 -3.3035143e-004
  2.7930000e+002  7.2030000e+002 -4.5750000e+002 -9.8282441e-003 -1.0119495e-002 -7.9932349e-005
  4.0530000e+002  7.2030000e+002 -4.5750000e+002 -1.2185174e-002 -1.2933086e-002 -6.6948758e-004
  4.9530000e+002  7.2030000e+002 -4.5750000e+002 -1.5538044e-002 -1.5538044e-002  5.1206869e-016
  5.7030000e+002  7.2030000e+002 -4.5750000e+002 -1.7834966e-002 -1.6306801e-002  3.5772041e-003
  6.4530000e+002  7.2030000e+002 -4.5750000e+002 -1.6489309e-002 -1.4656127e-002  7.9893361e-003
  7.2030000e+002  7.2030000e+002 -4.5750000e+002 -1.2929648e-002 -1.2929648e-002  6.3134440e-003
  8.1030000e+002  7.2030000e+002 -4.5750000e+002 -1.0426605e-002 -1.1289964e-002  2.5787384e-003
  9.3630000e+002  7.2030000e+002 -4.5750000e+002 -9.2657434e-003 -9.7528418e-003  2.5558190e-004
  1.1127000e+003  7.2030000e+002 -4.5750000e+002 -9.4076660e-003 -9.3648000e-003  5.2500677e-004
  1.0290000e+002  8.1030000e+002 -4.5750000e+002 -8.7160007e-003 -9.6091784e-003 -2.2982204e-004
  2.7930000e+002  8.1030000e+002 -4.5750000e+002 -9.5662357e-003 -9.5848904e-003  2.7695196e-005
  4.0530000e+002  8.1030000e+002 -4.5750000e+002 -1.1127454e-002 -1.1127454e-002  1.5578630e-016
  4.9530000e+002  8.1030000e+002 -4.5750000e+002 -1.2933086e-002 -1.2185174e-002  6.6948758e-004
  5.7030000e+002  8.1030000e+002 -4.5750000e+002 -1.3813382e-002 -1.2118038e-002  2.1119621e-003
  6.4530000e+002  8.1030000e+002 -4.5750000e+002 -1.3018177e-002 -1.1111414e-002  3.3187472e-003
  7.2030000e+002  8.1030000e+002 -4.5750000e+002 -1.1289964e-002 -1.0426605e-002  2.5787384e-003
  8.1030000e+002  8.1030000e+002 -4.5750000e+002 -9.9248986e-003 -9.9248986e-003  9.7367394e-004
  9.3630000e+002  8.1030000e+002 -4.5750000e+002 -9.1707941e-003 -9.3428742e-003 -2.4606189e-005
  1.1127000e+003  8.1030000e+002 -4.5750000e+002 -9.4022572e-003 -9.2008506e-003  5.3399540e-004
  1.0290000e+002  9.3630000e+002 -4.5750000e+002 -8.4855119e-003 -9.5751201e-003 -1.2223500e-004
  2.7930000e+002  9.3630000e+002 -4.5750000e+002 -9.0947428e-003 -9.0947428e-003 -1.2676017e-016
  4.0530000e+002  9.3630000e+002 -4.5750000e+002 -9.5848904e-003 -9.5662357e-003 -2.7695196e-005
  4.9530000e+002  9.3630000e+002 -4.5750000e+002 -1.0119495e-002 -9.8282441e-003  7.9932349e-005
  5.7030000e+002  9.3630000e+002 -4.5750000e+002 -1.0352228e-002 -9.7403673e-003  2.8493454e-004
  6.4530000e+002  9.3630000e+002 -4.5750000e+002 -1.0175487e-002 -9.4409662e-003  4.1076473e-004
  7.2030000e+002  9.3630000e+002 -4.5750000e+002 -9.7528418e-003 -9.2657434e-003  2.5558190e-004
  8.1030000e+002  9.3630000e+002 -4.5750000e+002 -9.3428742e-003 -9.1707941e-003 -2.4606189e-005
  9.3630000e+002  9.3630000e+002 -4.5750000e+002 -9.0279760e-003 -9.0279760e-003 -6.6210329e-005
  1.1127000e+003  9.3630000e+002 -4.5750000e+002 -9.2449369e-003 -9.0202537e-003  5.5197001e-004
  1.0290000e+002  1.1127000e+003 -4.5750000e+002 -8.9803547e-003 -8.9803547e-003 -5.6405618e-017
  2.7930000e+002  1.1127000e+003 -4.5750000e+002 -9.5751201e-003 -8.4855119e-003  1.2223500e-004
  4.0530000e+002  1.1127000e+003 -4.5750000e+002 -9.6091784e-003 -8.7160007e-003  2.2982204e-004
  4.9530000e+002  1.1127000e+003 -4.5750000e+002 -9.6244708e-003 -8.9968881e-003  3.3035143e-004
  5.7030000e+002  1.1127000e+003 -4.5750000e+002 -9.5930413e-003 -9.2014870e-003  4.2059313e-004
  6.4530000e+002  1.1127000e+003 -4.5750000e+002 -9.5000717e-003 -9.3377489e-003  4.9222236e-004
  7.2030000e+002  1.1127000e+003 -4.5750000e+002 -9.3648000e-003 -9.4076660e-003  5.2500677e-004
  8.1030000e+002  1.1127000e+003 -4.5750000e+002 -9.2008506e-003 -9.4022572e-003  5.3399540e-004
  9.3630000e+002  1.1127000e+003 -4.5750000e+002 -9.0202537e-003 -9.2449369e-003  5.5197001e-004
  1.1127000e+003  1.1127000e+003 -4.5750000e+002 -9.0272546e-003 -9.0272546e-003  7.1788789e-004
  1.0290000e+002  1.0290000e+002 -5.8350000e+002 -4.3429954e-002 -4.3429954e-002 -6.9547980e-004
  2.7930000e+002  1.0290000e+002 -5.8350000e+002 -4.3512006e-002 -4.3457936e-002 -4.7038168e-004
  4.0530000e+002  1.0290000e+002 -5.8350000e+002 -4.3568389e-002 -4.3497985e-002 -4.1712260e-004
  4.9530000e+002  1.0290000e+002 -5.8350000e+002 -4.3598513e-002 -4.3462570e-002 -3.9399359e-004
  5.7030000e+002  1.0290000e+002 -5.8350000e+002 -4.3621624e-002 -4.3379498e-002 -3.7238736e-004
  6.4530000e+002  1.0290000e+002 -5.8350000e+002 -4.3646070e-002 -4.3247705e-002 -3.4297743e-004
  7.2030000e+002  1.0290000e+002 -5.8350000e+002 -4.3676649e-002 -4.3089556e-002 -3.0761948e-004
  8.1030000e+002  1.0290000e+002 -5.8350000e+002 -4.3731051e-002 -4.2916905e-002 -2.6057868e-004
  9.3630000e+002  1.0290000e+002 -5.8350000e+002 -4.3813641e-002 -4.2847557e-002 -1.7807516e-004
  1.1127000e+003  1.0290000e+002 -5.8350000e+002 -4.3379063e-002 -4.3379063e-002 -5.8275867e-017
  1.0290000e+002  2.7930000e+002 -5.8350000e+002 -4.3457936e-002 -4.3512006e-002 -4.7038168e-004
  2.7930000e+002  2.7930000e+002 -5.8350000e+002 -4.3396158e-002 -4.3396158e-002  2.2430720e-004
  4.0530000e+002  2.7930000e+002 -5.8350000e+002 -4.3354923e-002 -4.3465522e-002  3.6601083e-004
  4.9530000e+002  2.7930000e+002 -5.8350000e+002 -4.3310792e-002 -4.3506869e-002  3.1197891e-004
  5.7030000e+002  2.7930000e+002 -5.8350000e+002 -4.3275842e-002 -4.3515705e-002  2.4015948e-004
  6.4530000e+002  2.7930000e+002 -5.8350000e+002 -4.3215095e-002 -4.3482070e-002  1.9303018e-004
  7.2030000e+002  2.7930000e+002 -5.8350000e+002 -4.3126724e-002 -4.3379607e-002  1.4843103e-004
  8.1030000e+002  2.7930000e+002 -5.8350000e+002 -4.3054795e-002 -4.3209921e-002  7.4057269e-005
  9.3630000e+002  2.7930000e+002 -5.8350000e+002 -4.3112454e-002 -4.3112454e-002  1.8434147e-016
  1.1127000e+003  2.7930000e+002 -5.8350000e+002 -4.2847557e-002 -4.3813641e-002  1.7807516e-004
  1.0290000e+002  4.0530000e+002 -5.8350000e+002 -4.3497985e-002 -4.3568389e-002 -4.1712260e-004
  2.7930000e+002  4.0530000e+002 -5.8350000e+002 -4.3465522e-002 -4.3354923e-002  3.6601083e-004
  4.0530000e+002  4.0530000e+002 -5.8350000e+002 -4.3567807e-002 -4.3567807e-002  2.7520460e-004
  4.9530000e+002  4.0530000e+002 -5.8350000e+002 -4.3739979e-002 -4.3766453e-002 -7.9410003e-005
  5.7030000e+002  4.0530000e+002 -5.8350000e+002 -4.3923317e-002 -4.3904229e-002 -2.7397303e-004
  6.4530000e+002  4.0530000e+002 -5.8350000e+002 -4.3943469e-002 -4.3945593e-002 -1.6368962e-004
  7.2030000e+002  4.0530000e+002 -5.8350000e+002 -4.3731202e-002 -4.3777060e-002 -1.3758774e-005
  8.1030000e+002  4.0530000e+002 -5.8350000e+002 -4.3404316e-002 -4.3404316e-002  4.3336238e-016
  9.3630000e+002  4.0530000e+002 -5.8350000e+002 -4.3209921e-002 -4.3054795e-002 -7.4057269e-005
  1.1127000e+003  4.0530000e+002 -5.8350000e+002 -4.2916905e-002 -4.3731051e-002  2.6057868e-004
  1.0290000e+002  4.9530000e+002 -5.8350000e+002 -4.3462570e-002 -4.3598513e-002 -3.9399359e-004
  2.7930000e+002  4.9530000e+002 -5.8350000e+002 -4.3506869e-002 -4.3310792e-002  3.1197891e-004
  4.0530000e+002  4.9530000e+002 -5.8350000e+002 -4.3766453e-002 -4.3739979e-002 -7.9410003e-005
  4.9530000e+002  4.9530000e+002 -5.8350000e+002 -4.4199130e-002 -4.4199130e-002 -7.5881043e-004
  5.7030000e+002  4.9530000e+002 -5.8350000e+002 -4.4651253e-002 -4.4534761e-002 -9.9490643e-004
  6.4530000e+002  4.9530000e+002 -5.8350000e+002 -4.4743663e-002 -4.4647933e-002 -4.4365983e-004
  7.2030000e+002  4.9530000e+002 -5.8350000e+002 -4.4354190e-002 -4.4354190e-002  3.4106967e-016
  8.1030000e+002  4.9530000e+002 -5.8350000e+002 -4.3777060e-002 -4.3731202e-002  1.3758774e-005
  9.3630000e+002  4.9530000e+002 -5.8350000e+002 -4.3379607e-002 -4.3126724e-002 -1.4843103e-004
  1.1127000e+003  4.9530000e+002 -5.8350000e+002 -4.3089556e-002 -4.3676649e-002  3.0761948e-004
  1.0290000e+002  5.7030000e+002 -5.8350000e+002 -4.3379498e-002 -4.3621624e-002 -3.7238736e-004
  2.7930000e+002  5.7030000e+002 -5.8350000e+002 -4.3515705e-002 -4.3275842e-002  2.4015948e-004
  4.0530000e+002  5.7030000e+002 -5.8350000e+002 -4.3904229e-002 -4.3923317e-002 -2.7397303e-004
  4.9530000e+002  5.7030000e+002 -5.8350000e+002 -4.4534761e-002 -4.4651253e-002 -9.9490643e-004
  5.7030000e+002  5.7030000e+002 -5.8350000e+002 -4.5146505e-002 -4.5146505e-002 -1.0365381e-003
  6.4530000e+002  5.7030000e+002 -5.8350000e+002 -4.5210134e-002 -4.5210134e-002  3.2991976e-016
  7.2030000e+002  5.7030000e+002 -5.8350000e+002 -4.4647933e-002 -4.4743663e-002  4.4365983e-004
  8.1030000e+002  5.7030000e+002 -5.8350000e+002 -4.3945593e-002 -4.3943469e-002  1.6368962e-004
  9.3630000e+002  5.7030000e+002 -5.8350000e+002 -4.3482070e-002 -4.3215095e-002 -1.9303018e-004
  1.1127000e+003  5.7030000e+002 -5.8350000e+002 -4.3247705e-002 -4.3646070e-002  3.4297743e-004
  1.0290000e+002  6.4530000e+002 -5.8350000e+002 -4.3247705e-002 -4.3646070e-002 -3.4297743e-004
  2.7930000e+002  6.4530000e+002 -5.8350000e+002 -4.3482070e-002 -4.3215095e-002  1.9303018e-004
  4.0530000e+002  6.4530000e+002 -5.8350000e+002 -4.3945593e-002 -4.3943469e-002 -1.6368962e-004
  4.9530000e+002  6.4530000e+002 -5.8350000e+002 -4.4647933e-002 -4.4743663e-002 -4.4365983e-004
  5.7030000e+002  6.4530000e+002 -5.8350000e+002 -4.5210134e-002 -4.5210134e-002  4.1256603e-016
  6.4530000e+002  6.4530000e+002 -5.8350000e+002 -4.5146505e-002 -4.5146505e-002  1.0365381e-003
  7.2030000e+002  6.4530000e+002 -5.8350000e+002 -4.4534761e-002 -4.4651253e-002  9.9490643e-004
  8.1030000e+002  6.4530000e+002 -5.8350000e+002 -4.3904229e-002 -4.3923317e-002  2.7397303e-004
  9.3630000e+002  6.4530000e+002 -5.8350000e+002 -4.3515705e-002 -4.3275842e-002 -2.4015948e-004
  1.1127000e+003  6.4530000e+002 -5.8350000e+002 -4.3379498e-002 -4.3621624e-002  3.7238736e-004
  1.0290000e+002  7.2030000e+002 -5.8350000e+002 -4.3089556e-002 -4.3676649e-002 -3.0761948e-004
  2.7930000e+002  7.2030000e+002 -5.8350000e+002 -4.3379607e-002 -4.3126724e-002  1.4843103e-004
  4.0530000e+002  7.2030000e+002 -5.8350000e+002 -4.3777060e-002 -4.3731202e-002 -1.3758774e-005
  4.9530000e+002  7.2030000e+002 -5.8350000e+002 -4.4354190e-002 -4.4354190e-002  3.5487970e-016
  5.7030000e+002  7.2030000e+002 -5.8350000e+002 -4.4743663e-002 -4.4647933e-002  4.4365983e-004
  6.4530000e+002  7.2030000e+002 -5.8350000e+002 -4.4651253e-002 -4.4534761e-002  9.9490643e-004
  7.2030000e+002  7.2030000e+002 -5.8350000e+002 -4.4199130e-002 -4.4199130e-002  7.5881043e-004
  8.1030000e+002  7.2030000e+002 -5.8350000e+002 -4.3766453e-002 -4.3739979e-002  7.9410003e-005
  9.3630000e+002  7.2030000e+002 -5.8350000e+002 -4.3506869e-002 -4.3310792e-002 -3.1197891e-004
  1.1127000e+003  7.2030000e+002 -5.8350000e+002 -4.3462570e-002 -4.3598513e-002  3.9399359e-004
  1.0290000e+002  8.1030000e+002 -5.8350000e+002 -4.2916905e-002 -4.3731051e-002 -2.6057868e-004
  2.7930000e+002  8.1030000e+002 -5.8350000e+002 -4.3209921e-002 -4.3054795e-002  7.4057269e-005
  4.0530000e+002  8.1030000e+002 -5.8350000e+002 -4.3404316e-002 -4.3404316e-002  2.1431966e-016
  4.9530000e+002  8.1030000e+002 -5.8350000e+002 -4.3731202e-002 -4.3777060e-002  1.3758774e-005
  5.7030000e+002  8.1030000e+002 -5.8350000e+002 -4.3943469e-002 -4.3945593e-002  1.6368962e-004
  6.4530000e+002  8.1030000e+002 -5.8350000e+002 -4.3923317e-002 -4.3904229e-002  2.7397303e-004
  7.2030000e+002  8.1030000e+002 -5.8350000e+002 -4.3739979e-002 -4.3766453e-002  7.9410003e-005
  8.1030000e+002  8.1030000e+002 -5.8350000e+002 -4.3567807e-002 -4.3567807e-002 -2.7520460e-004
  9.3630000e+002  8.1030000e+002 -5.8350000e+002 -4.3465522e-002 -4.3354923e-002 -3.6601083e-004
  1.1127000e+003  8.1030000e+002 -5.8350000e+002 -4.3497985e-002 -4.3568389e-002  4.1712260e-004
  1.0290000e+002  9.3630000e+002 -5.8350000e+002 -4.2847557e-002 -4.3813641e-002 -1.7807516e-004
  2.7930000e+002  9.3630000e+002 -5.8350000e+002 -4.3112454e-002 -4.3112454e-002 -1.0100698e-016
  4.0530000e+002  9.3630000e+002 -5.8350000e+002 -4.3054795e-002 -4.3209921e-002 -7.4057269e-005
  4.9530000e+002  9.3630000e+002 -5.8350000e+002 -4.3126724e-002 -4.3379607e-002 -1.4843103e-004
  5.7030000e+002  9.3630000e+002 -5.8350000e+002 -4.3215095e-002 -4.3482070e-002 -1.9303018e-004
  6.4530000e+002  9.3630000e+002 -5.8350000e+002 -4.3275842e-002 -4.3515705e-002 -2.4015948e-004
  7.2030000e+002  9.3630000e+002 -5.8350000e+002 -4.3310792e-002 -4.3506869e-002 -3.1197891e-004
  8.1030000e+002  9.3630000e+002 -5.8350000e+002 -4.3354923e-002 -4.3465522e-002 -3.6601083e-004
  9.3630000e+002  9.3630000e+002 -5.8350000e+002 -4.3396158e-002 -4.3396158e-002 -2.2430720e-004
  1.1127000e+003  9.3630000e+002 -5.8350000e+002 -4.3457936e-002 -4.3512006e-002  4.7038168e-004
  1.0290000e+002  1.1127000e+003 -5.8350000e+002 -4.3379063e-002 -4.3379063e-002  4.9033043e-017
  2.7930000e+002  1.1127000e+003 -5.8350000e+002 -4.3813641e-002 -4.2847557e-002  1.7807516e-004
  4.0530000e+002  1.1127000e+003 -5.8350000e+002 -4.3731051e-002 -4.2916905e-002  2.6057868e-004
  4.9530000e+002  1.1127000e+003 -5.8350000e+002 -4.3676649e-002 -4.3089556e-002  3.0761948e-004
  5.7030000e+002  1.1127000e+003 -5.8350000e+002 -4.3646070e-002 -4.3247705e-002  3.4297743e-004
  6.4530000e+002  1.1127000e+003 -5.8350000e+002 -4.3621624e-002 -4.3379498e-002  3.7238736e-004
  7.2030000e+002  1.1127000e+003 -5.8350000e+002 -4.3598513e-002 -4.3462570e-002  3.9399359e-004
  8.1030000e+002  1.1127000e+003 -5.8350000e+002 -4.3568389e-002 -4.3497985e-002  4.1712260e-004
  9.3630000e+002  1.1127000e+003 -5.8350000e+002 -4.3512006e-002 -4.3457936e-002  4.7038168e-004
  1.1127000e+003  1.1127000e+003 -5.8350000e+002 -4.3429954e-002 -4.3429954e-002  6.9547980e-004
  1.0290000e+002  1.0290000e+002 -7.5990000e+002 -1.2462924e-004 -1.2462924e-004 -2.2425186e-004
  2.7930000e+002  1.0290000e+002 -7.5990000e+002 -3.6364147e-004 -9.3726183e-005  2.6597849e-006
  4.0530000e+002  1.0290000e+002 -7.5990000e+002 -4.1610889e-004 -8.4374317e-005  6.7018479e-005
  4.9530000e+002  1.0290000e+002 -7.5990000e+002 -4.3560364e-004 -5.8350184e-005  7.4535768e-005
  5.7030000e+002  1.0290000e+002 -7.5990000e+002 -4.5161213e-004 -2.1872319e-005  6.1135758e-005
  6.4530000e+002  1.0290000e+002 -7.5990000e+002 -4.7331655e-004  2.5878776e-005  3.3134040e-005
  7.2030000e+002  1.0290000e+002 -7.5990000e+002 -5.0275261e-004  7.5348520e-005 -1.7752526e-006
  8.1030000e+002  1.0290000e+002 -7.5990000e+002 -5.4362869e-004  1.1992978e-004 -4.0702353e-005
  9.3630000e+002  1.0290000e+002 -7.5990000e+002 -5.6488896e-004  1.0864367e-004 -6.3930924e-005
  1.1127000e+003  1.0290000e+002 -7.5990000e+002 -1.6585679e-004 -1.6585679e-004  9.8987658e-017
  1.0290000e+002  2.7930000e+002 -7.5990000e+002 -9.3726183e-005 -3.6364147e-004  2.6597849e-006
  2.7930000e+002  2.7930000e+002 -7.5990000e+002 -2.8403332e-004 -2.8403332e-004  6.0916183e-004
  4.0530000e+002  2.7930000e+002 -7.5990000e+002 -1.9553981e-004 -2.7915779e-004  7.8207264e-004
  4.9530000e+002  2.7930000e+002 -7.5990000e+002 -1.0774330e-004 -2.6433038e-004  7.6264211e-004
  5.7030000e+002  2.7930000e+002 -7.5990000e+002 -4.7757083e-005 -2.3891966e-004  6.7238532e-004
  6.4530000e+002  2.7930000e+002 -7.5990000e+002 -1.2107746e-005 -2.0113432e-004  5.2999182e-004
  7.2030000e+002  2.7930000e+002 -7.5990000e+002 -8.3296921e-006 -1.5793356e-004  3.6300639e-004
  8.1030000e+002  2.7930000e+002 -7.5990000e+002 -5.1985722e-005 -1.1871884e-004  1.7054989e-004
  9.3630000e+002  2.7930000e+002 -7.5990000e+002 -1.5248503e-004 -1.5248503e-004  1.7162920e-016
  1.1127000e+003  2.7930000e+002 -7.5990000e+002  1.0864367e-004 -5.6488896e-004  6.3930924e-005
  1.0290000e+002  4.0530000e+002 -7.5990000e+002 -8.4374317e-005 -4.1610889e-004  6.7018479e-005
  2.7930000e+002  4.0530000e+002 -7.5990000e+002 -2.7915779e-004 -1.9553981e-004  7.8207264e-004
  4.0530000e+002  4.0530000e+002 -7.5990000e+002 -1.6523821e-004 -1.6523821e-004  9.2723203e-004
  4.9530000e+002  4.0530000e+002 -7.5990000e+002 -7.2360500e-005 -1.5442574e-004  8.2765293e-004
  5.7030000e+002  4.0530000e+002 -7.5990000e+002 -1.7732087e-005 -1.3716285e-004  6.6096784e-004
  6.4530000e+002  4.0530000e+002 -7.5990000e+002  1.5742977e-005 -1.0471131e-004  4.5571038e-004
  7.2030000e+002  4.0530000e+002 -7.5990000e+002  2.5134285e-005 -5.8728660e-005  2.3775163e-004
  8.1030000e+002  4.0530000e+002 -7.5990000e+002 -1.1705524e-005 -1.1705524e-005  1.3281477e-016
  9.3630000e+002  4.0530000e+002 -7.5990000e+002 -1.1871884e-004 -5.1985722e-005 -1.7054989e-004
  1.1127000e+003  4.0530000e+002 -7.5990000e+002  1.1992978e-004 -5.4362869e-004  4.0702353e-005
  1.0290000e+002  4.9530000e+002 -7.5990000e+002 -5.8350184e-005 -4.3560364e-004  7.4535768e-005
  2.7930000e+002  4.9530000e+002 -7.5990000e+002 -2.6433038e-004 -1.0774330e-004  7.6264211e-004
  4.0530000e+002  4.9530000e+002 -7.5990000e+002 -1.5442574e-004 -7.2360500e-005  8.2765293e-004
  4.9530000e+002  4.9530000e+002 -7.5990000e+002 -8.4088192e-005 -8.4088192e-005  6.4897627e-004
  5.7030000e+002  4.9530000e+002 -7.5990000e+002 -5.5490361e-005 -8.9423075e-005  4.3512617e-004
  6.4530000e+002  4.9530000e+002 -7.5990000e+002 -3.7441723e-005 -7.2037405e-005  2.2008447e-004
  7.2030000e+002  4.9530000e+002 -7.5990000e+002 -2.8189395e-005 -2.8189395e-005 -2.2463314e-017
  8.1030000e+002  4.9530000e+002 -7.5990000e+002 -5.8728660e-005  2.5134285e-005 -2.3775163e-004
  9.3630000e+002  4.9530000e+002 -7.5990000e+002 -1.5793356e-004 -8.3296921e-006 -3.6300639e-004
  1.1127000e+003  4.9530000e+002 -7.5990000e+002  7.5348520e-005 -5.0275261e-004  1.7752526e-006
  1.0290000e+002  5.7030000e+002 -7.5990000e+002 -2.1872319e-005 -4.5161213e-004  6.1135758e-005
  2.7930000e+002  5.7030000e+002 -7.5990000e+002 -2.3891966e-004 -4.7757083e-005  6.7238532e-004
  4.0530000e+002  5.7030000e+002 -7.5990000e+002 -1.3716285e-004 -1.7732087e-005  6.6096784e-004
  4.9530000e+002  5.7030000e+002 -7.5990000e+002 -8.9423075e-005 -5.5490361e-005  4.3512617e-004
  5.7030000e+002  5.7030000e+002 -7.5990000e+002 -8.2926578e-005 -8.2926578e-005  2.0590807e-004
  6.4530000e+002  5.7030000e+002 -7.5990000e+002 -7.7758982e-005 -7.7758982e-005  3.4664823e-018
  7.2030000e+002  5.7030000e+002 -7.5990000e+002 -7.2037405e-005 -3.7441723e-005 -2.2008447e-004
  8.1030000e+002  5.7030000e+002 -7.5990000e+002 -1.0471131e-004  1.5742977e-005 -4.5571038e-004
  9.3630000e+002  5.7030000e+002 -7.5990000e+002 -2.0113432e-004 -1.2107746e-005 -5.2999182e-004
  1.1127000e+003  5.7030000e+002 -7.5990000e+002  2.5878776e-005 -4.7331655e-004 -3.3134040e-005
  1.0290000e+002  6.4530000e+002 -7.5990000e+002  2.5878776e-005 -4.7331655e-004  3.3134040e-005
  2.7930000e+002  6.4530000e+002 -7.5990000e+002 -2.0113432e-004 -1.2107746e-005  5.2999182e-004
  4.0530000e+002  6.4530000e+002 -7.5990000e+002 -1.0471131e-004  1.5742977e-005  4.5571038e-004
  4.9530000e+002  6.4530000e+002 -7.5990000e+002 -7.2037405e-005 -3.7441723e-005  2.2008447e-004
  5.7030000e+002  6.4530000e+002 -7.5990000e+002 -7.7758982e-005 -7.7758982e-005  3.7310107e-017
  6.4530000e+002  6.4530000e+002 -7.5990000e+002 -8.2926578e-005 -8.2926578e-005 -2.0590807e-004
  7.2030000e+002  6.4530000e+002 -7.5990000e+002 -8.9423075e-005 -5.5490361e-005 -4.3512617e-004
  8.1030000e+002  6.4530000e+002 -7.5990000e+002 -1.3716285e-004 -1.7732087e-005 -6.6096784e-004
  9.3630000e+002  6.4530000e+002 -7.5990000e+002 -2.3891966e-004 -4.7757083e-005 -6.7238532e-004
  1.1127000e+003  6.4530000e+002 -7.5990000e+002 -2.1872319e-005 -4.5161213e-004 -6.1135758e-005
  1.0290000e+002  7.2030000e+002 -7.5990000e+002  7.5348520e-005 -5.0275261e-004 -1.7752526e-006
  2.7930000e+002  7.2030000e+002 -7.5990000e+002 -1.5793356e-004 -8.3296921e-006  3.6300639e-004
  4.0530000e+002  7.2030000e+002 -7.5990000e+002 -5.8728660e-005  2.5134285e-005  2.3775163e-004
  4.9530000e+002  7.2030000e+002 -7.5990000e+002 -2.8189395e-005 -2.8189395e-005 -1.3040919e-016
  5.7030000e+002  7.2030000e+002 -7.5990000e+002 -3.7441723e-005 -7.2037405e-005 -2.2008447e-004
  6.4530000e+002  7.2030000e+002 -7.5990000e+002 -5.5490361e-005 -8.9423075e-005 -4.3512617e-004
  7.2030000e+002  7.2030000e+002 -7.5990000e+002 -8.4088192e-005 -8.4088192e-005 -6.4897627e-004
  8.1030000e+002  7.2030000e+002 -7.5990000e+002 -1.5442574e-004 -7.2360500e-005 -8.2765293e-004
  9.3630000e+002  7.2030000e+002 -7.5990000e+002 -2.6433038e-004 -1.0774330e-004 -7.6264211e-004
  1.1127000e+003  7.2030000e+002 -7.5990000e+002 -5.8350184e-005 -4.3560364e-004 -7.4535768e-005
  1.0290000e+002  8.1030000e+002 -7.5990000e+002  1.1992978e-004 -5.4362869e-004 -4.0702353e-005
  2.7930000e+002  8.1030000e+002 -7.5990000e+002 -1.1871884e-004 -5.1985722e-005  1.7054989e-004
  4.0530000e+002  8.1030000e+002 -7.5990000e+002 -1.1705524e-005 -1.1705524e-005 -3.4491182e-017
  4.9530000e+002  8.1030000e+002 -7.5990000e+002  2.5134285e-005 -5.8728660e-005 -2.3775163e-004
  5.7030000e+002  8.1030000e+002 -7.5990000e+002  1.5742977e-005 -1.0471131e-004 -4.5571038e-004
  6.4530000e+002  8.1030000e+002 -7.5990000e+002 -1.7732087e-005 -1.3716285e-004 -6.6096784e-004
  7.2030000e+002  8.1030000e+002 -7.5990000e+002 -7.2360500e-005 -1.5442574e-004 -8.2765293e-004
  8.1030000e+002  8.1030000e+002 -7.5990000e+002 -1.6523821e-004 -1.6523821e-004 -9.2723203e-004
  9.3630000e+002  8.1030000e+002 -7.5990000e+002 -2.7915779e-004 -1.9553981e-004 -7.8207264e-004
  1.1127000e+003  8.1030000e+002 -7.5990000e+002 -8.4374317e-005 -4.1610889e-004 -6.7018479e-005
  1.0290000e+002  9.3630000e+002 -7.5990000e+002  1.0864367e-004 -5.6488896e-004 -6.3930924e-005
  2.7930000e+002  9.3630000e+002 -7.5990000e+002 -1.5248503e-004 -1.5248503e-004  3.5710909e-017
  4.0530000e+002  9.3630000e+002 -7.5990000e+002 -5.1985722e-005 -1.1871884e-004 -1.7054989e-004
  4.9530000e+002  9.3630000e+002 -7.5990000e+002 -8.3296921e-006 -1.5793356e-004 -3.6300639e-004
  5.7030000e+002  9.3630000e+002 -7.5990000e+002 -1.2107746e-005 -2.0113432e-004 -5.2999182e-004
  6.4530000e+002  9.3630000e+002 -7.5990000e+002 -4.7757083e-005 -2.3891966e-004 -6.7238532e-004
  7.2030000e+002  9.3630000e+002 -7.5990000e+002 -1.0774330e-004 -2.6433038e-004 -7.6264211e-004
  8.1030000e+002  9.3630000e+002 -7.5990000e+002 -1.9553981e-004 -2.7915779e-004 -7.8207264e-004
  9.3630000e+002  9.3630000e+002 -7.5990000e+002 -2.8403332e-004 -2.8403332e-004 -6.0916183e-004
  1.1127000e+003  9.3630000e+002 -7.5990000e+002 -9.3726183e-005 -3.6364147e-004 -2.6597849e-006
  1.0290000e+002  1.1127000e+003 -7.5990000e+002 -1.6585679e-004 -1.6585679e-004  4.4960509e-017
  2.7930000e+002  1.1127000e+003 -7.5990000e+002 -5.6488896e-004  1.0864367e-004  6.3930924e-005
  4.0530000e+002  1.1127000e+003 -7.5990000e+002 -5.4362869e-004  1.1992978e-004  4.0702353e-005
  4.9530000e+002  1.1127000e+003 -7.5990000e+002 -5.0275261e-004  7.5348520e-005  1.7752526e-006
  5.7030000e+002  1.1127000e+003 -7.5990000e+002 -4.7331655e-004  2.5878776e-005 -3.3134040e-005
  6.4530000e+002  1.1127000e+003 -7.5990000e+002 -4.5161213e-004 -2.1872319e-005 -6.1135758e-005
  7.2030000e+002  1.1127000e+003 -7.5990000e+002 -4.3560364e-004 -5.8350184e-005 -7.4535768e-005
  8.1030000e+002  1.1127000e+003 -7.5990000e+002 -4.1610889e-004 -8.4374317e-005 -6.7018479e-005
  9.3630000e+002  1.1127000e+003 -7.5990000e+002 -3.6364147e-004 -9.3726183e-005 -2.6597849e-006
  1.1127000e+003  1.1127000e+003 -7.5990000e+002 -1.2462924e-004 -1.2462924e-004  2.2425186e-004
