  6.4800000e+001  6.4800000e+001 -3.7500000e+001  9.1548412e-016  2.1007497e-018 -8.5531591e-019
  1.8360000e+002  6.4800000e+001 -3.7500000e+001  9.1313980e-016  3.1527175e-018 -1.2122637e-018
  2.8260000e+002  6.4800000e+001 -3.7500000e+001  9.0967478e-016  4.4019429e-018 -1.2438840e-018
  3.6510000e+002  6.4800000e+001 -3.7500000e+001  9.0578270e-016  4.3861658e-018 -9.2018831e-019
  4.4010000e+002  6.4800000e+001 -3.7500000e+001  9.0293956e-016  2.1099195e-018 -3.4096948e-019
  5.1510000e+002  6.4800000e+001 -3.7500000e+001  9.0293956e-016 -2.1099195e-018  3.4096948e-019
  5.9010000e+002  6.4800000e+001 -3.7500000e+001  9.0578270e-016 -4.3861658e-018  9.2018831e-019
  6.7260000e+002  6.4800000e+001 -3.7500000e+001  9.0967478e-016 -4.4019429e-018  1.2438840e-018
  7.7160000e+002  6.4800000e+001 -3.7500000e+001  9.1313980e-016 -3.1527175e-018  1.2122637e-018
  8.9040000e+002  6.4800000e+001 -3.7500000e+001  9.1548412e-016 -2.1007497e-018  8.5531591e-019
  6.4800000e+001  1.8360000e+002 -3.7500000e+001  9.1651408e-016  5.7715653e-018 -1.5437778e-018
  1.8360000e+002  1.8360000e+002 -3.7500000e+001  9.1571710e-016  9.9354720e-018 -2.5500436e-018
  2.8260000e+002  1.8360000e+002 -3.7500000e+001  9.1105292e-016  1.6188408e-017 -2.8115479e-018
  3.6510000e+002  1.8360000e+002 -3.7500000e+001  9.0193656e-016  1.9003131e-017 -2.0312737e-018
  4.4010000e+002  1.8360000e+002 -3.7500000e+001  8.9235460e-016  1.0666619e-017 -5.5017764e-019
  5.1510000e+002  1.8360000e+002 -3.7500000e+001  8.9235460e-016 -1.0666619e-017  5.5017764e-019
  5.9010000e+002  1.8360000e+002 -3.7500000e+001  9.0193656e-016 -1.9003131e-017  2.0312737e-018
  6.7260000e+002  1.8360000e+002 -3.7500000e+001  9.1105292e-016 -1.6188408e-017  2.8115479e-018
  7.7160000e+002  1.8360000e+002 -3.7500000e+001  9.1571710e-016 -9.9354720e-018  2.5500436e-018
  8.9040000e+002  1.8360000e+002 -3.7500000e+001  9.1651408e-016 -5.7715653e-018  1.5437778e-018
  6.4800000e+001  2.8260000e+002 -3.7500000e+001  9.1899331e-016  7.5643674e-018 -2.3054716e-018
  1.8360000e+002  2.8260000e+002 -3.7500000e+001  9.2320169e-016  1.5816533e-017 -3.9828328e-018
  2.8260000e+002  2.8260000e+002 -3.7500000e+001  9.1930066e-016  3.2845329e-017 -4.3908352e-018
  3.6510000e+002  2.8260000e+002 -3.7500000e+001  8.9708749e-016  5.0128245e-017 -1.0845659e-018
  4.4010000e+002  2.8260000e+002 -3.7500000e+001  8.6141346e-016  3.5132408e-017  3.4873131e-018
  5.1510000e+002  2.8260000e+002 -3.7500000e+001  8.6141346e-016 -3.5132408e-017 -3.4873131e-018
  5.9010000e+002  2.8260000e+002 -3.7500000e+001  8.9708749e-016 -5.0128245e-017  1.0845659e-018
  6.7260000e+002  2.8260000e+002 -3.7500000e+001  9.1930066e-016 -3.2845329e-017  4.3908352e-018
  7.7160000e+002  2.8260000e+002 -3.7500000e+001  9.2320169e-016 -1.5816533e-017  3.9828328e-018
  8.9040000e+002  2.8260000e+002 -3.7500000e+001  9.1899331e-016 -7.5643674e-018  2.3054716e-018
  6.4800000e+001  3.6510000e+002 -3.7500000e+001  9.2253059e-016  6.6235678e-018 -2.9350569e-018
  1.8360000e+002  3.6510000e+002 -3.7500000e+001  9.3674131e-016  1.6794043e-017 -4.9854301e-018
  2.8260000e+002  3.6510000e+002 -3.7500000e+001  9.4350337e-016  4.4814757e-017 -2.5604251e-018
  3.6510000e+002  3.6510000e+002 -3.7500000e+001  9.0107571e-016  9.1853527e-017  2.0327718e-017
  4.4010000e+002  3.6510000e+002 -3.7500000e+001  7.9205466e-016  7.0134989e-017  5.0508595e-017
  5.1510000e+002  3.6510000e+002 -3.7500000e+001  7.9205466e-016 -7.0134989e-017 -5.0508595e-017
  5.9010000e+002  3.6510000e+002 -3.7500000e+001  9.0107571e-016 -9.1853527e-017 -2.0327718e-017
  6.7260000e+002  3.6510000e+002 -3.7500000e+001  9.4350337e-016 -4.4814757e-017  2.5604251e-018
  7.7160000e+002  3.6510000e+002 -3.7500000e+001  9.3674131e-016 -1.6794043e-017  4.9854301e-018
  8.9040000e+002  3.6510000e+002 -3.7500000e+001  9.2253059e-016 -6.6235678e-018  2.9350569e-018
  6.4800000e+001  4.4010000e+002 -3.7500000e+001  9.2564067e-016  2.6979745e-018 -3.2801694e-018
  1.8360000e+002  4.4010000e+002 -3.7500000e+001  9.5193508e-016  7.6838309e-018 -4.8974019e-018
  2.8260000e+002  4.4010000e+002 -3.7500000e+001  9.8501237e-016  2.3674328e-017  9.2383612e-018
  3.6510000e+002  4.4010000e+002 -3.7500000e+001  9.1722898e-016  5.6283044e-017  1.4017920e-016
  4.4010000e+002  4.4010000e+002 -3.7500000e+001  6.9060337e-016  4.3537202e-017  1.8590641e-016
  5.1510000e+002  4.4010000e+002 -3.7500000e+001  6.9060337e-016 -4.3537202e-017 -1.8590641e-016
  5.9010000e+002  4.4010000e+002 -3.7500000e+001  9.1722898e-016 -5.6283044e-017 -1.4017920e-016
  6.7260000e+002  4.4010000e+002 -3.7500000e+001  9.8501237e-016 -2.3674328e-017 -9.2383612e-018
  7.7160000e+002  4.4010000e+002 -3.7500000e+001  9.5193508e-016 -7.6838309e-018  4.8974019e-018
  8.9040000e+002  4.4010000e+002 -3.7500000e+001  9.2564067e-016 -2.6979745e-018  3.2801694e-018
  6.4800000e+001  5.1510000e+002 -3.7500000e+001  9.2564067e-016 -2.6979745e-018 -3.2801694e-018
  1.8360000e+002  5.1510000e+002 -3.7500000e+001  9.5193508e-016 -7.6838309e-018 -4.8974019e-018
  2.8260000e+002  5.1510000e+002 -3.7500000e+001  9.8501237e-016 -2.3674328e-017  9.2383612e-018
  3.6510000e+002  5.1510000e+002 -3.7500000e+001  9.1722898e-016 -5.6283044e-017  1.4017920e-016
  4.4010000e+002  5.1510000e+002 -3.7500000e+001  6.9060337e-016 -4.3537202e-017  1.8590641e-016
  5.1510000e+002  5.1510000e+002 -3.7500000e+001  6.9060337e-016  4.3537202e-017 -1.8590641e-016
  5.9010000e+002  5.1510000e+002 -3.7500000e+001  9.1722898e-016  5.6283044e-017 -1.4017920e-016
  6.7260000e+002  5.1510000e+002 -3.7500000e+001  9.8501237e-016  2.3674328e-017 -9.2383612e-018
  7.7160000e+002  5.1510000e+002 -3.7500000e+001  9.5193508e-016  7.6838309e-018  4.8974019e-018
  8.9040000e+002  5.1510000e+002 -3.7500000e+001  9.2564067e-016  2.6979745e-018  3.2801694e-018
  6.4800000e+001  5.9010000e+002 -3.7500000e+001  9.2253059e-016 -6.6235678e-018 -2.9350569e-018
  1.8360000e+002  5.9010000e+002 -3.7500000e+001  9.3674131e-016 -1.6794043e-017 -4.9854301e-018
  2.8260000e+002  5.9010000e+002 -3.7500000e+001  9.4350337e-016 -4.4814757e-017 -2.5604251e-018
  3.6510000e+002  5.9010000e+002 -3.7500000e+001  9.0107571e-016 -9.1853527e-017  2.0327718e-017
  4.4010000e+002  5.9010000e+002 -3.7500000e+001  7.9205466e-016 -7.0134989e-017  5.0508595e-017
  5.1510000e+002  5.9010000e+002 -3.7500000e+001  7.9205466e-016  7.0134989e-017 -5.0508595e-017
  5.9010000e+002  5.9010000e+002 -3.7500000e+001  9.0107571e-016  9.1853527e-017 -2.0327718e-017
  6.7260000e+002  5.9010000e+002 -3.7500000e+001  9.4350337e-016  4.4814757e-017  2.5604251e-018
  7.7160000e+002  5.9010000e+002 -3.7500000e+001  9.3674131e-016  1.6794043e-017  4.9854301e-018
  8.9040000e+002  5.9010000e+002 -3.7500000e+001  9.2253059e-016  6.6235678e-018  2.9350569e-018
  6.4800000e+001  6.7260000e+002 -3.7500000e+001  9.1899331e-016 -7.5643674e-018 -2.3054716e-018
  1.8360000e+002  6.7260000e+002 -3.7500000e+001  9.2320169e-016 -1.5816533e-017 -3.9828328e-018
  2.8260000e+002  6.7260000e+002 -3.7500000e+001  9.1930066e-016 -3.2845329e-017 -4.3908352e-018
  3.6510000e+002  6.7260000e+002 -3.7500000e+001  8.9708749e-016 -5.0128245e-017 -1.0845659e-018
  4.4010000e+002  6.7260000e+002 -3.7500000e+001  8.6141346e-016 -3.5132408e-017  3.4873131e-018
  5.1510000e+002  6.7260000e+002 -3.7500000e+001  8.6141346e-016  3.5132408e-017 -3.4873131e-018
  5.9010000e+002  6.7260000e+002 -3.7500000e+001  8.9708749e-016  5.0128245e-017  1.0845659e-018
  6.7260000e+002  6.7260000e+002 -3.7500000e+001  9.1930066e-016  3.2845329e-017  4.3908352e-018
  7.7160000e+002  6.7260000e+002 -3.7500000e+001  9.2320169e-016  1.5816533e-017  3.9828328e-018
  8.9040000e+002  6.7260000e+002 -3.7500000e+001  9.1899331e-016  7.5643674e-018  2.3054716e-018
  6.4800000e+001  7.7160000e+002 -3.7500000e+001  9.1651408e-016 -5.7715653e-018 -1.5437778e-018
  1.8360000e+002  7.7160000e+002 -3.7500000e+001  9.1571710e-016 -9.9354720e-018 -2.5500436e-018
  2.8260000e+002  7.7160000e+002 -3.7500000e+001  9.1105292e-016 -1.6188408e-017 -2.8115479e-018
  3.6510000e+002  7.7160000e+002 -3.7500000e+001  9.0193656e-016 -1.9003131e-017 -2.0312737e-018
  4.4010000e+002  7.7160000e+002 -3.7500000e+001  8.9235460e-016 -1.0666619e-017 -5.5017764e-019
  5.1510000e+002  7.7160000e+002 -3.7500000e+001  8.9235460e-016  1.0666619e-017  5.5017764e-019
  5.9010000e+002  7.7160000e+002 -3.7500000e+001  9.0193656e-016  1.9003131e-017  2.0312737e-018
  6.7260000e+002  7.7160000e+002 -3.7500000e+001  9.1105292e-016  1.6188408e-017  2.8115479e-018
  7.7160000e+002  7.7160000e+002 -3.7500000e+001  9.1571710e-016  9.9354720e-018  2.5500436e-018
  8.9040000e+002  7.7160000e+002 -3.7500000e+001  9.1651408e-016  5.7715653e-018  1.5437778e-018
  6.4800000e+001  8.9040000e+002 -3.7500000e+001  9.1548412e-016 -2.1007497e-018 -8.5531591e-019
  1.8360000e+002  8.9040000e+002 -3.7500000e+001  9.1313980e-016 -3.1527175e-018 -1.2122637e-018
  2.8260000e+002  8.9040000e+002 -3.7500000e+001  9.0967478e-016 -4.4019429e-018 -1.2438840e-018
  3.6510000e+002  8.9040000e+002 -3.7500000e+001  9.0578270e-016 -4.3861658e-018 -9.2018831e-019
  4.4010000e+002  8.9040000e+002 -3.7500000e+001  9.0293956e-016 -2.1099195e-018 -3.4096948e-019
  5.1510000e+002  8.9040000e+002 -3.7500000e+001  9.0293956e-016  2.1099195e-018  3.4096948e-019
  5.9010000e+002  8.9040000e+002 -3.7500000e+001  9.0578270e-016  4.3861658e-018  9.2018831e-019
  6.7260000e+002  8.9040000e+002 -3.7500000e+001  9.0967478e-016  4.4019429e-018  1.2438840e-018
  7.7160000e+002  8.9040000e+002 -3.7500000e+001  9.1313980e-016  3.1527175e-018  1.2122637e-018
  8.9040000e+002  8.9040000e+002 -3.7500000e+001  9.1548412e-016  2.1007497e-018  8.5531591e-019
  6.4800000e+001  6.4800000e+001 -1.1250000e+002  7.4829947e-001  1.9086938e-003 -6.1657703e-004
  1.8360000e+002  6.4800000e+001 -1.1250000e+002  7.4599537e-001  2.7553836e-003 -7.2278857e-004
  2.8260000e+002  6.4800000e+001 -1.1250000e+002  7.4264402e-001  3.8594785e-003 -7.7779661e-004
  3.6510000e+002  6.4800000e+001 -1.1250000e+002  7.3899249e-001  3.9525438e-003 -6.4624452e-004
  4.4010000e+002  6.4800000e+001 -1.1250000e+002  7.3633553e-001  1.9990236e-003 -2.7738301e-004
  5.1510000e+002  6.4800000e+001 -1.1250000e+002  7.3633553e-001 -1.9990236e-003  2.7738301e-004
  5.9010000e+002  6.4800000e+001 -1.1250000e+002  7.3899249e-001 -3.9525438e-003  6.4624452e-004
  6.7260000e+002  6.4800000e+001 -1.1250000e+002  7.4264402e-001 -3.8594785e-003  7.7779661e-004
  7.7160000e+002  6.4800000e+001 -1.1250000e+002  7.4599537e-001 -2.7553836e-003  7.2278857e-004
  8.9040000e+002  6.4800000e+001 -1.1250000e+002  7.4829947e-001 -1.9086938e-003  6.1657703e-004
  6.4800000e+001  1.8360000e+002 -1.1250000e+002  7.4909937e-001  5.3466575e-003 -9.5544470e-004
  1.8360000e+002  1.8360000e+002 -1.1250000e+002  7.4826346e-001  9.0688505e-003 -1.3816122e-003
  2.8260000e+002  1.8360000e+002 -1.1250000e+002  7.4385053e-001  1.4981519e-002 -1.9747917e-003
  3.6510000e+002  1.8360000e+002 -1.1250000e+002  7.3544899e-001  1.8749781e-002 -2.1792598e-003
  4.4010000e+002  1.8360000e+002 -1.1250000e+002  7.2611228e-001  1.1962168e-002 -1.2183757e-003
  5.1510000e+002  1.8360000e+002 -1.1250000e+002  7.2611228e-001 -1.1962168e-002  1.2183757e-003
  5.9010000e+002  1.8360000e+002 -1.1250000e+002  7.3544899e-001 -1.8749781e-002  2.1792598e-003
  6.7260000e+002  1.8360000e+002 -1.1250000e+002  7.4385053e-001 -1.4981519e-002  1.9747917e-003
  7.7160000e+002  1.8360000e+002 -1.1250000e+002  7.4826346e-001 -9.0688505e-003  1.3816122e-003
  8.9040000e+002  1.8360000e+002 -1.1250000e+002  7.4909937e-001 -5.3466575e-003  9.5544470e-004
  6.4800000e+001  2.8260000e+002 -1.1250000e+002  7.5117958e-001  6.9283841e-003 -1.5237291e-003
  1.8360000e+002  2.8260000e+002 -1.1250000e+002  7.5516644e-001  1.4529173e-002 -2.8440144e-003
  2.8260000e+002  2.8260000e+002 -1.1250000e+002  7.5267651e-001  3.2383126e-002 -5.7016991e-003
  3.6510000e+002  2.8260000e+002 -1.1250000e+002  7.3284686e-001  5.9260454e-002 -8.9481487e-003
  4.4010000e+002  2.8260000e+002 -1.1250000e+002  6.9250397e-001  5.7399577e-002 -7.0511489e-003
  5.1510000e+002  2.8260000e+002 -1.1250000e+002  6.9250397e-001 -5.7399577e-002  7.0511489e-003
  5.9010000e+002  2.8260000e+002 -1.1250000e+002  7.3284686e-001 -5.9260454e-002  8.9481487e-003
  6.7260000e+002  2.8260000e+002 -1.1250000e+002  7.5267651e-001 -3.2383126e-002  5.7016991e-003
  7.7160000e+002  2.8260000e+002 -1.1250000e+002  7.5516644e-001 -1.4529173e-002  2.8440144e-003
  8.9040000e+002  2.8260000e+002 -1.1250000e+002  7.5117958e-001 -6.9283841e-003  1.5237291e-003
  6.4800000e+001  3.6510000e+002 -1.1250000e+002  7.5437866e-001  6.0607610e-003 -2.1415168e-003
  1.8360000e+002  3.6510000e+002 -1.1250000e+002  7.6919668e-001  1.5976391e-002 -5.1166870e-003
  2.8260000e+002  3.6510000e+002 -1.1250000e+002  7.8602072e-001  5.0608764e-002 -1.4414954e-002
  3.6510000e+002  3.6510000e+002 -1.1250000e+002  7.5750862e-001  1.5997531e-001 -3.4031784e-002
  4.4010000e+002  3.6510000e+002 -1.1250000e+002  5.8813026e-001  2.6792060e-001 -4.0215110e-002
  5.1510000e+002  3.6510000e+002 -1.1250000e+002  5.8813026e-001 -2.6792060e-001  4.0215110e-002
  5.9010000e+002  3.6510000e+002 -1.1250000e+002  7.5750862e-001 -1.5997531e-001  3.4031784e-002
  6.7260000e+002  3.6510000e+002 -1.1250000e+002  7.8602072e-001 -5.0608764e-002  1.4414954e-002
  7.7160000e+002  3.6510000e+002 -1.1250000e+002  7.6919668e-001 -1.5976391e-002  5.1166870e-003
  8.9040000e+002  3.6510000e+002 -1.1250000e+002  7.5437866e-001 -6.0607610e-003  2.1415168e-003
  6.4800000e+001  4.4010000e+002 -1.1250000e+002  7.5747205e-001  2.4770536e-003 -2.6014555e-003
  1.8360000e+002  4.4010000e+002 -1.1250000e+002  7.8855393e-001  7.5387908e-003 -7.5264282e-003
  2.8260000e+002  4.4010000e+002 -1.1250000e+002  8.8002120e-001  2.9111143e-002 -2.9033318e-002
  3.6510000e+002  4.4010000e+002 -1.1250000e+002  1.1805253e+000  1.1534046e-001 -1.1539032e-001
  4.4010000e+002  4.4010000e+002 -1.1250000e+002  1.8524212e+000  2.2042013e-001 -2.2074499e-001
  5.1510000e+002  4.4010000e+002 -1.1250000e+002  1.8524212e+000 -2.2042013e-001  2.2074499e-001
  5.9010000e+002  4.4010000e+002 -1.1250000e+002  1.1805253e+000 -1.1534046e-001  1.1539032e-001
  6.7260000e+002  4.4010000e+002 -1.1250000e+002  8.8002120e-001 -2.9111143e-002  2.9033318e-002
  7.7160000e+002  4.4010000e+002 -1.1250000e+002  7.8855393e-001 -7.5387908e-003  7.5264282e-003
  8.9040000e+002  4.4010000e+002 -1.1250000e+002  7.5747205e-001 -2.4770536e-003  2.6014555e-003
  6.4800000e+001  5.1510000e+002 -1.1250000e+002  7.5747205e-001 -2.4770536e-003 -2.6014555e-003
  1.8360000e+002  5.1510000e+002 -1.1250000e+002  7.8855393e-001 -7.5387908e-003 -7.5264282e-003
  2.8260000e+002  5.1510000e+002 -1.1250000e+002  8.8002120e-001 -2.9111143e-002 -2.9033318e-002
  3.6510000e+002  5.1510000e+002 -1.1250000e+002  1.1805253e+000 -1.1534046e-001 -1.1539032e-001
  4.4010000e+002  5.1510000e+002 -1.1250000e+002  1.8524212e+000 -2.2042013e-001 -2.2074499e-001
  5.1510000e+002  5.1510000e+002 -1.1250000e+002  1.8524212e+000  2.2042013e-001  2.2074499e-001
  5.9010000e+002  5.1510000e+002 -1.1250000e+002  1.1805253e+000  1.1534046e-001  1.1539032e-001
  6.7260000e+002  5.1510000e+002 -1.1250000e+002  8.8002120e-001  2.9111143e-002  2.9033318e-002
  7.7160000e+002  5.1510000e+002 -1.1250000e+002  7.8855393e-001  7.5387908e-003  7.5264282e-003
  8.9040000e+002  5.1510000e+002 -1.1250000e+002  7.5747205e-001  2.4770536e-003  2.6014555e-003
  6.4800000e+001  5.9010000e+002 -1.1250000e+002  7.5437866e-001 -6.0607610e-003 -2.1415168e-003
  1.8360000e+002  5.9010000e+002 -1.1250000e+002  7.6919668e-001 -1.5976391e-002 -5.1166870e-003
  2.8260000e+002  5.9010000e+002 -1.1250000e+002  7.8602072e-001 -5.0608764e-002 -1.4414954e-002
  3.6510000e+002  5.9010000e+002 -1.1250000e+002  7.5750862e-001 -1.5997531e-001 -3.4031784e-002
  4.4010000e+002  5.9010000e+002 -1.1250000e+002  5.8813026e-001 -2.6792060e-001 -4.0215110e-002
  5.1510000e+002  5.9010000e+002 -1.1250000e+002  5.8813026e-001  2.6792060e-001  4.0215110e-002
  5.9010000e+002  5.9010000e+002 -1.1250000e+002  7.5750862e-001  1.5997531e-001  3.4031784e-002
  6.7260000e+002  5.9010000e+002 -1.1250000e+002  7.8602072e-001  5.0608764e-002  1.4414954e-002
  7.7160000e+002  5.9010000e+002 -1.1250000e+002  7.6919668e-001  1.5976391e-002  5.1166870e-003
  8.9040000e+002  5.9010000e+002 -1.1250000e+002  7.5437866e-001  6.0607610e-003  2.1415168e-003
  6.4800000e+001  6.7260000e+002 -1.1250000e+002  7.5117958e-001 -6.9283841e-003 -1.5237291e-003
  1.8360000e+002  6.7260000e+002 -1.1250000e+002  7.5516644e-001 -1.4529173e-002 -2.8440144e-003
  2.8260000e+002  6.7260000e+002 -1.1250000e+002  7.5267651e-001 -3.2383126e-002 -5.7016991e-003
  3.6510000e+002  6.7260000e+002 -1.1250000e+002  7.3284686e-001 -5.9260454e-002 -8.9481487e-003
  4.4010000e+002  6.7260000e+002 -1.1250000e+002  6.9250397e-001 -5.7399577e-002 -7.0511489e-003
  5.1510000e+002  6.7260000e+002 -1.1250000e+002  6.9250397e-001  5.7399577e-002  7.0511489e-003
  5.9010000e+002  6.7260000e+002 -1.1250000e+002  7.3284686e-001  5.9260454e-002  8.9481487e-003
  6.7260000e+002  6.7260000e+002 -1.1250000e+002  7.5267651e-001  3.2383126e-002  5.7016991e-003
  7.7160000e+002  6.7260000e+002 -1.1250000e+002  7.5516644e-001  1.4529173e-002  2.8440144e-003
  8.9040000e+002  6.7260000e+002 -1.1250000e+002  7.5117958e-001  6.9283841e-003  1.5237291e-003
  6.4800000e+001  7.7160000e+002 -1.1250000e+002  7.4909937e-001 -5.3466575e-003 -9.5544470e-004
  1.8360000e+002  7.7160000e+002 -1.1250000e+002  7.4826346e-001 -9.0688505e-003 -1.3816122e-003
  2.8260000e+002  7.7160000e+002 -1.1250000e+002  7.4385053e-001 -1.4981519e-002 -1.9747917e-003
  3.6510000e+002  7.7160000e+002 -1.1250000e+002  7.3544899e-001 -1.8749781e-002 -2.1792598e-003
  4.4010000e+002  7.7160000e+002 -1.1250000e+002  7.2611228e-001 -1.1962168e-002 -1.2183757e-003
  5.1510000e+002  7.7160000e+002 -1.1250000e+002  7.2611228e-001  1.1962168e-002  1.2183757e-003
  5.9010000e+002  7.7160000e+002 -1.1250000e+002  7.3544899e-001  1.8749781e-002  2.1792598e-003
  6.7260000e+002  7.7160000e+002 -1.1250000e+002  7.4385053e-001  1.4981519e-002  1.9747917e-003
  7.7160000e+002  7.7160000e+002 -1.1250000e+002  7.4826346e-001  9.0688505e-003  1.3816122e-003
  8.9040000e+002  7.7160000e+002 -1.1250000e+002  7.4909937e-001  5.3466575e-003  9.5544470e-004
  6.4800000e+001  8.9040000e+002 -1.1250000e+002  7.4829947e-001 -1.9086938e-003 -6.1657703e-004
  1.8360000e+002  8.9040000e+002 -1.1250000e+002  7.4599537e-001 -2.7553836e-003 -7.2278857e-004
  2.8260000e+002  8.9040000e+002 -1.1250000e+002  7.4264402e-001 -3.8594785e-003 -7.7779661e-004
  3.6510000e+002  8.9040000e+002 -1.1250000e+002  7.3899249e-001 -3.9525438e-003 -6.4624452e-004
  4.4010000e+002  8.9040000e+002 -1.1250000e+002  7.3633553e-001 -1.9990236e-003 -2.7738301e-004
  5.1510000e+002  8.9040000e+002 -1.1250000e+002  7.3633553e-001  1.9990236e-003  2.7738301e-004
  5.9010000e+002  8.9040000e+002 -1.1250000e+002  7.3899249e-001  3.9525438e-003  6.4624452e-004
  6.7260000e+002  8.9040000e+002 -1.1250000e+002  7.4264402e-001  3.8594785e-003  7.7779661e-004
  7.7160000e+002  8.9040000e+002 -1.1250000e+002  7.4599537e-001  2.7553836e-003  7.2278857e-004
  8.9040000e+002  8.9040000e+002 -1.1250000e+002  7.4829947e-001  1.9086938e-003  6.1657703e-004
  6.4800000e+001  6.4800000e+001 -1.8750000e+002  5.9179137e-001  1.6401798e-003 -1.6851562e-003
  1.8360000e+002  6.4800000e+001 -1.8750000e+002  5.8947994e-001  2.1985302e-003 -1.9172380e-003
  2.8260000e+002  6.4800000e+001 -1.8750000e+002  5.8631889e-001  2.9303754e-003 -1.9944366e-003
  3.6510000e+002  6.4800000e+001 -1.8750000e+002  5.8309817e-001  2.8439444e-003 -1.6004795e-003
  4.4010000e+002  6.4800000e+001 -1.8750000e+002  5.8089697e-001  1.3483427e-003 -6.6410119e-004
  5.1510000e+002  6.4800000e+001 -1.8750000e+002  5.8089697e-001 -1.3483427e-003  6.6410119e-004
  5.9010000e+002  6.4800000e+001 -1.8750000e+002  5.8309817e-001 -2.8439444e-003  1.6004795e-003
  6.7260000e+002  6.4800000e+001 -1.8750000e+002  5.8631889e-001 -2.9303754e-003  1.9944366e-003
  7.7160000e+002  6.4800000e+001 -1.8750000e+002  5.8947994e-001 -2.1985302e-003  1.9172380e-003
  8.9040000e+002  6.4800000e+001 -1.8750000e+002  5.9179137e-001 -1.6401798e-003  1.6851562e-003
  6.4800000e+001  1.8360000e+002 -1.8750000e+002  5.9230049e-001  4.6524500e-003 -2.5379207e-003
  1.8360000e+002  1.8360000e+002 -1.8750000e+002  5.9108228e-001  7.3886118e-003 -3.4799817e-003
  2.8260000e+002  1.8360000e+002 -1.8750000e+002  5.8677079e-001  1.1152598e-002 -4.6648903e-003
  3.6510000e+002  1.8360000e+002 -1.8750000e+002  5.7988165e-001  1.2407486e-002 -4.7883816e-003
  4.4010000e+002  1.8360000e+002 -1.8750000e+002  5.7328004e-001  6.8343964e-003 -2.4832334e-003
  5.1510000e+002  1.8360000e+002 -1.8750000e+002  5.7328004e-001 -6.8343964e-003  2.4832334e-003
  5.9010000e+002  1.8360000e+002 -1.8750000e+002  5.7988165e-001 -1.2407486e-002  4.7883816e-003
  6.7260000e+002  1.8360000e+002 -1.8750000e+002  5.8677079e-001 -1.1152598e-002  4.6648903e-003
  7.7160000e+002  1.8360000e+002 -1.8750000e+002  5.9108228e-001 -7.3886118e-003  3.4799817e-003
  8.9040000e+002  1.8360000e+002 -1.8750000e+002  5.9230049e-001 -4.6524500e-003  2.5379207e-003
  6.4800000e+001  2.8260000e+002 -1.8750000e+002  5.9368404e-001  5.8555951e-003 -3.9251808e-003
  1.8360000e+002  2.8260000e+002 -1.8750000e+002  5.9555365e-001  1.1099394e-002 -6.7645062e-003
  2.8260000e+002  2.8260000e+002 -1.8750000e+002  5.9102342e-001  2.1215079e-002 -1.2230627e-002
  3.6510000e+002  2.8260000e+002 -1.8750000e+002  5.7558829e-001  3.0868467e-002 -1.7102281e-002
  4.4010000e+002  2.8260000e+002 -1.8750000e+002  5.5272875e-001  2.2585327e-002 -1.2053157e-002
  5.1510000e+002  2.8260000e+002 -1.8750000e+002  5.5272875e-001 -2.2585327e-002  1.2053157e-002
  5.9010000e+002  2.8260000e+002 -1.8750000e+002  5.7558829e-001 -3.0868467e-002  1.7102281e-002
  6.7260000e+002  2.8260000e+002 -1.8750000e+002  5.9102342e-001 -2.1215079e-002  1.2230627e-002
  7.7160000e+002  2.8260000e+002 -1.8750000e+002  5.9555365e-001 -1.1099394e-002  6.7645062e-003
  8.9040000e+002  2.8260000e+002 -1.8750000e+002  5.9368404e-001 -5.8555951e-003  3.9251808e-003
  6.4800000e+001  3.6510000e+002 -1.8750000e+002  5.9571963e-001  4.9640849e-003 -5.3611082e-003
  1.8360000e+002  3.6510000e+002 -1.8750000e+002  6.0349217e-001  1.1252763e-002 -1.1429486e-002
  2.8260000e+002  3.6510000e+002 -1.8750000e+002  6.0453992e-001  2.7621513e-002 -2.7785145e-002
  3.6510000e+002  3.6510000e+002 -1.8750000e+002  5.7777423e-001  5.5248205e-002 -5.5858518e-002
  4.4010000e+002  3.6510000e+002 -1.8750000e+002  5.0820739e-001  5.7028391e-002 -5.7871572e-002
  5.1510000e+002  3.6510000e+002 -1.8750000e+002  5.0820739e-001 -5.7028391e-002  5.7871572e-002
  5.9010000e+002  3.6510000e+002 -1.8750000e+002  5.7777423e-001 -5.5248205e-002  5.5858518e-002
  6.7260000e+002  3.6510000e+002 -1.8750000e+002  6.0453992e-001 -2.7621513e-002  2.7785145e-002
  7.7160000e+002  3.6510000e+002 -1.8750000e+002  6.0349217e-001 -1.1252763e-002  1.1429486e-002
  8.9040000e+002  3.6510000e+002 -1.8750000e+002  5.9571963e-001 -4.9640849e-003  5.3611082e-003
  6.4800000e+001  4.4010000e+002 -1.8750000e+002  5.9751024e-001  1.9864320e-003 -6.3747420e-003
  1.8360000e+002  4.4010000e+002 -1.8750000e+002  6.1225914e-001  5.0246856e-003 -1.5902328e-002
  2.8260000e+002  4.4010000e+002 -1.8750000e+002  6.2867773e-001  1.4291515e-002 -5.0408295e-002
  3.6510000e+002  4.4010000e+002 -1.8750000e+002  6.0023838e-001  3.3700650e-002 -1.6068083e-001
  4.4010000e+002  4.4010000e+002 -1.8750000e+002  4.3212439e-001  3.9839220e-002 -2.6993593e-001
  5.1510000e+002  4.4010000e+002 -1.8750000e+002  4.3212439e-001 -3.9839220e-002  2.6993593e-001
  5.9010000e+002  4.4010000e+002 -1.8750000e+002  6.0023838e-001 -3.3700650e-002  1.6068083e-001
  6.7260000e+002  4.4010000e+002 -1.8750000e+002  6.2867773e-001 -1.4291515e-002  5.0408295e-002
  7.7160000e+002  4.4010000e+002 -1.8750000e+002  6.1225914e-001 -5.0246856e-003  1.5902328e-002
  8.9040000e+002  4.4010000e+002 -1.8750000e+002  5.9751024e-001 -1.9864320e-003  6.3747420e-003
  6.4800000e+001  5.1510000e+002 -1.8750000e+002  5.9751024e-001 -1.9864320e-003 -6.3747420e-003
  1.8360000e+002  5.1510000e+002 -1.8750000e+002  6.1225914e-001 -5.0246856e-003 -1.5902328e-002
  2.8260000e+002  5.1510000e+002 -1.8750000e+002  6.2867773e-001 -1.4291515e-002 -5.0408295e-002
  3.6510000e+002  5.1510000e+002 -1.8750000e+002  6.0023838e-001 -3.3700650e-002 -1.6068083e-001
  4.4010000e+002  5.1510000e+002 -1.8750000e+002  4.3212439e-001 -3.9839220e-002 -2.6993593e-001
  5.1510000e+002  5.1510000e+002 -1.8750000e+002  4.3212439e-001  3.9839220e-002  2.6993593e-001
  5.9010000e+002  5.1510000e+002 -1.8750000e+002  6.0023838e-001  3.3700650e-002  1.6068083e-001
  6.7260000e+002  5.1510000e+002 -1.8750000e+002  6.2867773e-001  1.4291515e-002  5.0408295e-002
  7.7160000e+002  5.1510000e+002 -1.8750000e+002  6.1225914e-001  5.0246856e-003  1.5902328e-002
  8.9040000e+002  5.1510000e+002 -1.8750000e+002  5.9751024e-001  1.9864320e-003  6.3747420e-003
  6.4800000e+001  5.9010000e+002 -1.8750000e+002  5.9571963e-001 -4.9640849e-003 -5.3611082e-003
  1.8360000e+002  5.9010000e+002 -1.8750000e+002  6.0349217e-001 -1.1252763e-002 -1.1429486e-002
  2.8260000e+002  5.9010000e+002 -1.8750000e+002  6.0453992e-001 -2.7621513e-002 -2.7785145e-002
  3.6510000e+002  5.9010000e+002 -1.8750000e+002  5.7777423e-001 -5.5248205e-002 -5.5858518e-002
  4.4010000e+002  5.9010000e+002 -1.8750000e+002  5.0820739e-001 -5.7028391e-002 -5.7871572e-002
  5.1510000e+002  5.9010000e+002 -1.8750000e+002  5.0820739e-001  5.7028391e-002  5.7871572e-002
  5.9010000e+002  5.9010000e+002 -1.8750000e+002  5.7777423e-001  5.5248205e-002  5.5858518e-002
  6.7260000e+002  5.9010000e+002 -1.8750000e+002  6.0453992e-001  2.7621513e-002  2.7785145e-002
  7.7160000e+002  5.9010000e+002 -1.8750000e+002  6.0349217e-001  1.1252763e-002  1.1429486e-002
  8.9040000e+002  5.9010000e+002 -1.8750000e+002  5.9571963e-001  4.9640849e-003  5.3611082e-003
  6.4800000e+001  6.7260000e+002 -1.8750000e+002  5.9368404e-001 -5.8555951e-003 -3.9251808e-003
  1.8360000e+002  6.7260000e+002 -1.8750000e+002  5.9555365e-001 -1.1099394e-002 -6.7645062e-003
  2.8260000e+002  6.7260000e+002 -1.8750000e+002  5.9102342e-001 -2.1215079e-002 -1.2230627e-002
  3.6510000e+002  6.7260000e+002 -1.8750000e+002  5.7558829e-001 -3.0868467e-002 -1.7102281e-002
  4.4010000e+002  6.7260000e+002 -1.8750000e+002  5.5272875e-001 -2.2585327e-002 -1.2053157e-002
  5.1510000e+002  6.7260000e+002 -1.8750000e+002  5.5272875e-001  2.2585327e-002  1.2053157e-002
  5.9010000e+002  6.7260000e+002 -1.8750000e+002  5.7558829e-001  3.0868467e-002  1.7102281e-002
  6.7260000e+002  6.7260000e+002 -1.8750000e+002  5.9102342e-001  2.1215079e-002  1.2230627e-002
  7.7160000e+002  6.7260000e+002 -1.8750000e+002  5.9555365e-001  1.1099394e-002  6.7645062e-003
  8.9040000e+002  6.7260000e+002 -1.8750000e+002  5.9368404e-001  5.8555951e-003  3.9251808e-003
  6.4800000e+001  7.7160000e+002 -1.8750000e+002  5.9230049e-001 -4.6524500e-003 -2.5379207e-003
  1.8360000e+002  7.7160000e+002 -1.8750000e+002  5.9108228e-001 -7.3886118e-003 -3.4799817e-003
  2.8260000e+002  7.7160000e+002 -1.8750000e+002  5.8677079e-001 -1.1152598e-002 -4.6648903e-003
  3.6510000e+002  7.7160000e+002 -1.8750000e+002  5.7988165e-001 -1.2407486e-002 -4.7883816e-003
  4.4010000e+002  7.7160000e+002 -1.8750000e+002  5.7328004e-001 -6.8343964e-003 -2.4832334e-003
  5.1510000e+002  7.7160000e+002 -1.8750000e+002  5.7328004e-001  6.8343964e-003  2.4832334e-003
  5.9010000e+002  7.7160000e+002 -1.8750000e+002  5.7988165e-001  1.2407486e-002  4.7883816e-003
  6.7260000e+002  7.7160000e+002 -1.8750000e+002  5.8677079e-001  1.1152598e-002  4.6648903e-003
  7.7160000e+002  7.7160000e+002 -1.8750000e+002  5.9108228e-001  7.3886118e-003  3.4799817e-003
  8.9040000e+002  7.7160000e+002 -1.8750000e+002  5.9230049e-001  4.6524500e-003  2.5379207e-003
  6.4800000e+001  8.9040000e+002 -1.8750000e+002  5.9179137e-001 -1.6401798e-003 -1.6851562e-003
  1.8360000e+002  8.9040000e+002 -1.8750000e+002  5.8947994e-001 -2.1985302e-003 -1.9172380e-003
  2.8260000e+002  8.9040000e+002 -1.8750000e+002  5.8631889e-001 -2.9303754e-003 -1.9944366e-003
  3.6510000e+002  8.9040000e+002 -1.8750000e+002  5.8309817e-001 -2.8439444e-003 -1.6004795e-003
  4.4010000e+002  8.9040000e+002 -1.8750000e+002  5.8089697e-001 -1.3483427e-003 -6.6410119e-004
  5.1510000e+002  8.9040000e+002 -1.8750000e+002  5.8089697e-001  1.3483427e-003  6.6410119e-004
  5.9010000e+002  8.9040000e+002 -1.8750000e+002  5.8309817e-001  2.8439444e-003  1.6004795e-003
  6.7260000e+002  8.9040000e+002 -1.8750000e+002  5.8631889e-001  2.9303754e-003  1.9944366e-003
  7.7160000e+002  8.9040000e+002 -1.8750000e+002  5.8947994e-001  2.1985302e-003  1.9172380e-003
  8.9040000e+002  8.9040000e+002 -1.8750000e+002  5.9179137e-001  1.6401798e-003  1.6851562e-003
  6.4800000e+001  6.4800000e+001 -2.6250000e+002  4.4937561e-001  1.2766838e-003 -2.3402871e-003
  1.8360000e+002  6.4800000e+001 -2.6250000e+002  4.4706146e-001  1.5310069e-003 -2.5480654e-003
  2.8260000e+002  6.4800000e+001 -2.6250000e+002  4.4424632e-001  1.8886642e-003 -2.5168166e-003
  3.6510000e+002  6.4800000e+001 -2.6250000e+002  4.4164054e-001  1.7135729e-003 -1.9199216e-003
  4.4010000e+002  6.4800000e+001 -2.6250000e+002  4.3999578e-001  7.6091948e-004 -7.6055427e-004
  5.1510000e+002  6.4800000e+001 -2.6250000e+002  4.3999578e-001 -7.6091948e-004  7.6055427e-004
  5.9010000e+002  6.4800000e+001 -2.6250000e+002  4.4164054e-001 -1.7135729e-003  1.9199216e-003
  6.7260000e+002  6.4800000e+001 -2.6250000e+002  4.4424632e-001 -1.8886642e-003  2.5168166e-003
  7.7160000e+002  6.4800000e+001 -2.6250000e+002  4.4706146e-001 -1.5310069e-003  2.5480654e-003
  8.9040000e+002  6.4800000e+001 -2.6250000e+002  4.4937561e-001 -1.2766838e-003  2.3402871e-003
  6.4800000e+001  1.8360000e+002 -2.6250000e+002  4.4960219e-001  3.6557192e-003 -3.3783894e-003
  1.8360000e+002  1.8360000e+002 -2.6250000e+002  4.4796890e-001  5.2944496e-003 -4.2750792e-003
  2.8260000e+002  1.8360000e+002 -2.6250000e+002  4.4416183e-001  7.1241482e-003 -5.1838280e-003
  3.6510000e+002  1.8360000e+002 -2.6250000e+002  4.3920006e-001  6.9982526e-003 -4.7668619e-003
  4.4010000e+002  1.8360000e+002 -2.6250000e+002  4.3515913e-001  3.3801025e-003 -2.2033703e-003
  5.1510000e+002  1.8360000e+002 -2.6250000e+002  4.3515913e-001 -3.3801025e-003  2.2033703e-003
  5.9010000e+002  1.8360000e+002 -2.6250000e+002  4.3920006e-001 -6.9982526e-003  4.7668619e-003
  6.7260000e+002  1.8360000e+002 -2.6250000e+002  4.4416183e-001 -7.1241482e-003  5.1838280e-003
  7.7160000e+002  1.8360000e+002 -2.6250000e+002  4.4796890e-001 -5.2944496e-003  4.2750792e-003
  8.9040000e+002  1.8360000e+002 -2.6250000e+002  4.4960219e-001 -3.6557192e-003  3.3783894e-003
  6.4800000e+001  2.8260000e+002 -2.6250000e+002  4.5030394e-001  4.4323098e-003 -4.9855707e-003
  1.8360000e+002  2.8260000e+002 -2.6250000e+002  4.5024050e-001  7.3699823e-003 -7.5976940e-003
  2.8260000e+002  2.8260000e+002 -2.6250000e+002  4.4542979e-001  1.1838740e-002 -1.1660994e-002
  3.6510000e+002  2.8260000e+002 -2.6250000e+002  4.3548198e-001  1.4004911e-002 -1.3460471e-002
  4.4010000e+002  2.8260000e+002 -2.6250000e+002  4.2442919e-001  8.1431754e-003 -7.6912878e-003
  5.1510000e+002  2.8260000e+002 -2.6250000e+002  4.2442919e-001 -8.1431754e-003  7.6912878e-003
  5.9010000e+002  2.8260000e+002 -2.6250000e+002  4.3548198e-001 -1.4004911e-002  1.3460471e-002
  6.7260000e+002  2.8260000e+002 -2.6250000e+002  4.4542979e-001 -1.1838740e-002  1.1660994e-002
  7.7160000e+002  2.8260000e+002 -2.6250000e+002  4.5024050e-001 -7.3699823e-003  7.5976940e-003
  8.9040000e+002  2.8260000e+002 -2.6250000e+002  4.5030394e-001 -4.4323098e-003  4.9855707e-003
  6.4800000e+001  3.6510000e+002 -2.6250000e+002  4.5130736e-001  3.6177427e-003 -6.5308282e-003
  1.8360000e+002  3.6510000e+002 -2.6250000e+002  4.5378755e-001  6.8648902e-003 -1.1688717e-002
  2.8260000e+002  3.6510000e+002 -2.6250000e+002  4.4952158e-001  1.3167975e-002 -2.2248646e-002
  3.6510000e+002  3.6510000e+002 -2.6250000e+002  4.3303970e-001  1.9118592e-002 -3.2761895e-002
  4.4010000e+002  3.6510000e+002 -2.6250000e+002  4.0732993e-001  1.3867911e-002 -2.4262428e-002
  5.1510000e+002  3.6510000e+002 -2.6250000e+002  4.0732993e-001 -1.3867911e-002  2.4262428e-002
  5.9010000e+002  3.6510000e+002 -2.6250000e+002  4.3303970e-001 -1.9118592e-002  3.2761895e-002
  6.7260000e+002  3.6510000e+002 -2.6250000e+002  4.4952158e-001 -1.3167975e-002  2.2248646e-002
  7.7160000e+002  3.6510000e+002 -2.6250000e+002  4.5378755e-001 -6.8648902e-003  1.1688717e-002
  8.9040000e+002  3.6510000e+002 -2.6250000e+002  4.5130736e-001 -3.6177427e-003  6.5308282e-003
  6.4800000e+001  4.4010000e+002 -2.6250000e+002  4.5212453e-001  1.4135884e-003 -7.5411044e-003
  1.8360000e+002  4.4010000e+002 -2.6250000e+002  4.5709384e-001  2.9014916e-003 -1.5009186e-002
  2.8260000e+002  4.4010000e+002 -2.6250000e+002  4.5528296e-001  6.1906255e-003 -3.3659611e-002
  3.6510000e+002  4.4010000e+002 -2.6250000e+002  4.3412425e-001  1.0131441e-002 -6.2770529e-002
  4.4010000e+002  4.4010000e+002 -2.6250000e+002  3.8801732e-001  8.2456589e-003 -6.1708336e-002
  5.1510000e+002  4.4010000e+002 -2.6250000e+002  3.8801732e-001 -8.2456589e-003  6.1708336e-002
  5.9010000e+002  4.4010000e+002 -2.6250000e+002  4.3412425e-001 -1.0131441e-002  6.2770529e-002
  6.7260000e+002  4.4010000e+002 -2.6250000e+002  4.5528296e-001 -6.1906255e-003  3.3659611e-002
  7.7160000e+002  4.4010000e+002 -2.6250000e+002  4.5709384e-001 -2.9014916e-003  1.5009186e-002
  8.9040000e+002  4.4010000e+002 -2.6250000e+002  4.5212453e-001 -1.4135884e-003  7.5411044e-003
  6.4800000e+001  5.1510000e+002 -2.6250000e+002  4.5212453e-001 -1.4135884e-003 -7.5411044e-003
  1.8360000e+002  5.1510000e+002 -2.6250000e+002  4.5709384e-001 -2.9014916e-003 -1.5009186e-002
  2.8260000e+002  5.1510000e+002 -2.6250000e+002  4.5528296e-001 -6.1906255e-003 -3.3659611e-002
  3.6510000e+002  5.1510000e+002 -2.6250000e+002  4.3412425e-001 -1.0131441e-002 -6.2770529e-002
  4.4010000e+002  5.1510000e+002 -2.6250000e+002  3.8801732e-001 -8.2456589e-003 -6.1708336e-002
  5.1510000e+002  5.1510000e+002 -2.6250000e+002  3.8801732e-001  8.2456589e-003  6.1708336e-002
  5.9010000e+002  5.1510000e+002 -2.6250000e+002  4.3412425e-001  1.0131441e-002  6.2770529e-002
  6.7260000e+002  5.1510000e+002 -2.6250000e+002  4.5528296e-001  6.1906255e-003  3.3659611e-002
  7.7160000e+002  5.1510000e+002 -2.6250000e+002  4.5709384e-001  2.9014916e-003  1.5009186e-002
  8.9040000e+002  5.1510000e+002 -2.6250000e+002  4.5212453e-001  1.4135884e-003  7.5411044e-003
  6.4800000e+001  5.9010000e+002 -2.6250000e+002  4.5130736e-001 -3.6177427e-003 -6.5308282e-003
  1.8360000e+002  5.9010000e+002 -2.6250000e+002  4.5378755e-001 -6.8648902e-003 -1.1688717e-002
  2.8260000e+002  5.9010000e+002 -2.6250000e+002  4.4952158e-001 -1.3167975e-002 -2.2248646e-002
  3.6510000e+002  5.9010000e+002 -2.6250000e+002  4.3303970e-001 -1.9118592e-002 -3.2761895e-002
  4.4010000e+002  5.9010000e+002 -2.6250000e+002  4.0732993e-001 -1.3867911e-002 -2.4262428e-002
  5.1510000e+002  5.9010000e+002 -2.6250000e+002  4.0732993e-001  1.3867911e-002  2.4262428e-002
  5.9010000e+002  5.9010000e+002 -2.6250000e+002  4.3303970e-001  1.9118592e-002  3.2761895e-002
  6.7260000e+002  5.9010000e+002 -2.6250000e+002  4.4952158e-001  1.3167975e-002  2.2248646e-002
  7.7160000e+002  5.9010000e+002 -2.6250000e+002  4.5378755e-001  6.8648902e-003  1.1688717e-002
  8.9040000e+002  5.9010000e+002 -2.6250000e+002  4.5130736e-001  3.6177427e-003  6.5308282e-003
  6.4800000e+001  6.7260000e+002 -2.6250000e+002  4.5030394e-001 -4.4323098e-003 -4.9855707e-003
  1.8360000e+002  6.7260000e+002 -2.6250000e+002  4.5024050e-001 -7.3699823e-003 -7.5976940e-003
  2.8260000e+002  6.7260000e+002 -2.6250000e+002  4.4542979e-001 -1.1838740e-002 -1.1660994e-002
  3.6510000e+002  6.7260000e+002 -2.6250000e+002  4.3548198e-001 -1.4004911e-002 -1.3460471e-002
  4.4010000e+002  6.7260000e+002 -2.6250000e+002  4.2442919e-001 -8.1431754e-003 -7.6912878e-003
  5.1510000e+002  6.7260000e+002 -2.6250000e+002  4.2442919e-001  8.1431754e-003  7.6912878e-003
  5.9010000e+002  6.7260000e+002 -2.6250000e+002  4.3548198e-001  1.4004911e-002  1.3460471e-002
  6.7260000e+002  6.7260000e+002 -2.6250000e+002  4.4542979e-001  1.1838740e-002  1.1660994e-002
  7.7160000e+002  6.7260000e+002 -2.6250000e+002  4.5024050e-001  7.3699823e-003  7.5976940e-003
  8.9040000e+002  6.7260000e+002 -2.6250000e+002  4.5030394e-001  4.4323098e-003  4.9855707e-003
  6.4800000e+001  7.7160000e+002 -2.6250000e+002  4.4960219e-001 -3.6557192e-003 -3.3783894e-003
  1.8360000e+002  7.7160000e+002 -2.6250000e+002  4.4796890e-001 -5.2944496e-003 -4.2750792e-003
  2.8260000e+002  7.7160000e+002 -2.6250000e+002  4.4416183e-001 -7.1241482e-003 -5.1838280e-003
  3.6510000e+002  7.7160000e+002 -2.6250000e+002  4.3920006e-001 -6.9982526e-003 -4.7668619e-003
  4.4010000e+002  7.7160000e+002 -2.6250000e+002  4.3515913e-001 -3.3801025e-003 -2.2033703e-003
  5.1510000e+002  7.7160000e+002 -2.6250000e+002  4.3515913e-001  3.3801025e-003  2.2033703e-003
  5.9010000e+002  7.7160000e+002 -2.6250000e+002  4.3920006e-001  6.9982526e-003  4.7668619e-003
  6.7260000e+002  7.7160000e+002 -2.6250000e+002  4.4416183e-001  7.1241482e-003  5.1838280e-003
  7.7160000e+002  7.7160000e+002 -2.6250000e+002  4.4796890e-001  5.2944496e-003  4.2750792e-003
  8.9040000e+002  7.7160000e+002 -2.6250000e+002  4.4960219e-001  3.6557192e-003  3.3783894e-003
  6.4800000e+001  8.9040000e+002 -2.6250000e+002  4.4937561e-001 -1.2766838e-003 -2.3402871e-003
  1.8360000e+002  8.9040000e+002 -2.6250000e+002  4.4706146e-001 -1.5310069e-003 -2.5480654e-003
  2.8260000e+002  8.9040000e+002 -2.6250000e+002  4.4424632e-001 -1.8886642e-003 -2.5168166e-003
  3.6510000e+002  8.9040000e+002 -2.6250000e+002  4.4164054e-001 -1.7135729e-003 -1.9199216e-003
  4.4010000e+002  8.9040000e+002 -2.6250000e+002  4.3999578e-001 -7.6091948e-004 -7.6055427e-004
  5.1510000e+002  8.9040000e+002 -2.6250000e+002  4.3999578e-001  7.6091948e-004  7.6055427e-004
  5.9010000e+002  8.9040000e+002 -2.6250000e+002  4.4164054e-001  1.7135729e-003  1.9199216e-003
  6.7260000e+002  8.9040000e+002 -2.6250000e+002  4.4424632e-001  1.8886642e-003  2.5168166e-003
  7.7160000e+002  8.9040000e+002 -2.6250000e+002  4.4706146e-001  1.5310069e-003  2.5480654e-003
  8.9040000e+002  8.9040000e+002 -2.6250000e+002  4.4937561e-001  1.2766838e-003  2.3402871e-003
  6.4800000e+001  6.4800000e+001 -3.4500000e+002  3.0874149e-001  8.9321694e-004 -2.4689129e-003
  1.8360000e+002  6.4800000e+001 -3.4500000e+002  3.0646669e-001  9.1377728e-004 -2.5588704e-003
  2.8260000e+002  6.4800000e+001 -3.4500000e+002  3.0408417e-001  1.0093793e-003 -2.3860599e-003
  3.6510000e+002  6.4800000e+001 -3.4500000e+002  3.0212132e-001  8.4823424e-004 -1.7306367e-003
  4.4010000e+002  6.4800000e+001 -3.4500000e+002  3.0098651e-001  3.5462183e-004 -6.5887900e-004
  5.1510000e+002  6.4800000e+001 -3.4500000e+002  3.0098651e-001 -3.5462183e-004  6.5887900e-004
  5.9010000e+002  6.4800000e+001 -3.4500000e+002  3.0212132e-001 -8.4823424e-004  1.7306367e-003
  6.7260000e+002  6.4800000e+001 -3.4500000e+002  3.0408417e-001 -1.0093793e-003  2.3860599e-003
  7.7160000e+002  6.4800000e+001 -3.4500000e+002  3.0646669e-001 -9.1377728e-004  2.5588704e-003
  8.9040000e+002  6.4800000e+001 -3.4500000e+002  3.0874149e-001 -8.9321694e-004  2.4689129e-003
  6.4800000e+001  1.8360000e+002 -3.4500000e+002  3.0877205e-001  2.5827606e-003 -3.3986321e-003
  1.8360000e+002  1.8360000e+002 -3.4500000e+002  3.0686162e-001  3.3405617e-003 -3.9315922e-003
  2.8260000e+002  1.8360000e+002 -3.4500000e+002  3.0379908e-001  3.9406878e-003 -4.2791181e-003
  3.6510000e+002  1.8360000e+002 -3.4500000e+002  3.0058516e-001  3.4239772e-003 -3.5487007e-003
  4.4010000e+002  1.8360000e+002 -3.4500000e+002  2.9836555e-001  1.4808548e-003 -1.4942714e-003
  5.1510000e+002  1.8360000e+002 -3.4500000e+002  2.9836555e-001 -1.4808548e-003  1.4942714e-003
  5.9010000e+002  1.8360000e+002 -3.4500000e+002  3.0058516e-001 -3.4239772e-003  3.5487007e-003
  6.7260000e+002  1.8360000e+002 -3.4500000e+002  3.0379908e-001 -3.9406878e-003  4.2791181e-003
  7.7160000e+002  1.8360000e+002 -3.4500000e+002  3.0686162e-001 -3.3405617e-003  3.9315922e-003
  8.9040000e+002  1.8360000e+002 -3.4500000e+002  3.0877205e-001 -2.5827606e-003  3.3986321e-003
  6.4800000e+001  2.8260000e+002 -3.4500000e+002  3.0899166e-001  3.0000915e-003 -4.7580829e-003
  1.8360000e+002  2.8260000e+002 -3.4500000e+002  3.0770559e-001  4.2893426e-003 -6.3414205e-003
  2.8260000e+002  2.8260000e+002 -3.4500000e+002  3.0376386e-001  5.7277993e-003 -8.2460263e-003
  3.6510000e+002  2.8260000e+002 -3.4500000e+002  2.9822442e-001  5.6139112e-003 -8.0336445e-003
  4.4010000e+002  2.8260000e+002 -3.4500000e+002  2.9349235e-001  2.7104091e-003 -3.8817971e-003
  5.1510000e+002  2.8260000e+002 -3.4500000e+002  2.9349235e-001 -2.7104091e-003  3.8817971e-003
  5.9010000e+002  2.8260000e+002 -3.4500000e+002  2.9822442e-001 -5.6139112e-003  8.0336445e-003
  6.7260000e+002  2.8260000e+002 -3.4500000e+002  3.0376386e-001 -5.7277993e-003  8.2460263e-003
  7.7160000e+002  2.8260000e+002 -3.4500000e+002  3.0770559e-001 -4.2893426e-003  6.3414205e-003
  8.9040000e+002  2.8260000e+002 -3.4500000e+002  3.0899166e-001 -3.0000915e-003  4.7580829e-003
  6.4800000e+001  3.6510000e+002 -3.4500000e+002  3.0933240e-001  2.3524598e-003 -5.9729532e-003
  1.8360000e+002  3.6510000e+002 -3.4500000e+002  3.0889723e-001  3.6814815e-003 -8.9395815e-003
  2.8260000e+002  3.6510000e+002 -3.4500000e+002  3.0444847e-001  5.5399260e-003 -1.3532433e-002
  3.6510000e+002  3.6510000e+002 -3.4500000e+002  2.9620343e-001  6.1713696e-003 -1.5468175e-002
  4.4010000e+002  3.6510000e+002 -3.4500000e+002  2.8754345e-001  3.3964796e-003 -8.7911088e-003
  5.1510000e+002  3.6510000e+002 -3.4500000e+002  2.8754345e-001 -3.3964796e-003  8.7911088e-003
  5.9010000e+002  3.6510000e+002 -3.4500000e+002  2.9620343e-001 -6.1713696e-003  1.5468175e-002
  6.7260000e+002  3.6510000e+002 -3.4500000e+002  3.0444847e-001 -5.5399260e-003  1.3532433e-002
  7.7160000e+002  3.6510000e+002 -3.4500000e+002  3.0889723e-001 -3.6814815e-003  8.9395815e-003
  8.9040000e+002  3.6510000e+002 -3.4500000e+002  3.0933240e-001 -2.3524598e-003  5.9729532e-003
  6.4800000e+001  4.4010000e+002 -3.4500000e+002  3.0960167e-001  8.9785236e-004 -6.7173292e-003
  1.8360000e+002  4.4010000e+002 -3.4500000e+002  3.0987960e-001  1.4795379e-003 -1.0787125e-002
  2.8260000e+002  4.4010000e+002 -3.4500000e+002  3.0542583e-001  2.3907320e-003 -1.8091421e-002
  3.6510000e+002  4.4010000e+002 -3.4500000e+002  2.9522156e-001  2.8834818e-003 -2.3585500e-002
  4.4010000e+002  4.4010000e+002 -3.4500000e+002  2.8258511e-001  1.7208635e-003 -1.5720372e-002
  5.1510000e+002  4.4010000e+002 -3.4500000e+002  2.8258511e-001 -1.7208635e-003  1.5720372e-002
  5.9010000e+002  4.4010000e+002 -3.4500000e+002  2.9522156e-001 -2.8834818e-003  2.3585500e-002
  6.7260000e+002  4.4010000e+002 -3.4500000e+002  3.0542583e-001 -2.3907320e-003  1.8091421e-002
  7.7160000e+002  4.4010000e+002 -3.4500000e+002  3.0987960e-001 -1.4795379e-003  1.0787125e-002
  8.9040000e+002  4.4010000e+002 -3.4500000e+002  3.0960167e-001 -8.9785236e-004  6.7173292e-003
  6.4800000e+001  5.1510000e+002 -3.4500000e+002  3.0960167e-001 -8.9785236e-004 -6.7173292e-003
  1.8360000e+002  5.1510000e+002 -3.4500000e+002  3.0987960e-001 -1.4795379e-003 -1.0787125e-002
  2.8260000e+002  5.1510000e+002 -3.4500000e+002  3.0542583e-001 -2.3907320e-003 -1.8091421e-002
  3.6510000e+002  5.1510000e+002 -3.4500000e+002  2.9522156e-001 -2.8834818e-003 -2.3585500e-002
  4.4010000e+002  5.1510000e+002 -3.4500000e+002  2.8258511e-001 -1.7208635e-003 -1.5720372e-002
  5.1510000e+002  5.1510000e+002 -3.4500000e+002  2.8258511e-001  1.7208635e-003  1.5720372e-002
  5.9010000e+002  5.1510000e+002 -3.4500000e+002  2.9522156e-001  2.8834818e-003  2.3585500e-002
  6.7260000e+002  5.1510000e+002 -3.4500000e+002  3.0542583e-001  2.3907320e-003  1.8091421e-002
  7.7160000e+002  5.1510000e+002 -3.4500000e+002  3.0987960e-001  1.4795379e-003  1.0787125e-002
  8.9040000e+002  5.1510000e+002 -3.4500000e+002  3.0960167e-001  8.9785236e-004  6.7173292e-003
  6.4800000e+001  5.9010000e+002 -3.4500000e+002  3.0933240e-001 -2.3524598e-003 -5.9729532e-003
  1.8360000e+002  5.9010000e+002 -3.4500000e+002  3.0889723e-001 -3.6814815e-003 -8.9395815e-003
  2.8260000e+002  5.9010000e+002 -3.4500000e+002  3.0444847e-001 -5.5399260e-003 -1.3532433e-002
  3.6510000e+002  5.9010000e+002 -3.4500000e+002  2.9620343e-001 -6.1713696e-003 -1.5468175e-002
  4.4010000e+002  5.9010000e+002 -3.4500000e+002  2.8754345e-001 -3.3964796e-003 -8.7911088e-003
  5.1510000e+002  5.9010000e+002 -3.4500000e+002  2.8754345e-001  3.3964796e-003  8.7911088e-003
  5.9010000e+002  5.9010000e+002 -3.4500000e+002  2.9620343e-001  6.1713696e-003  1.5468175e-002
  6.7260000e+002  5.9010000e+002 -3.4500000e+002  3.0444847e-001  5.5399260e-003  1.3532433e-002
  7.7160000e+002  5.9010000e+002 -3.4500000e+002  3.0889723e-001  3.6814815e-003  8.9395815e-003
  8.9040000e+002  5.9010000e+002 -3.4500000e+002  3.0933240e-001  2.3524598e-003  5.9729532e-003
  6.4800000e+001  6.7260000e+002 -3.4500000e+002  3.0899166e-001 -3.0000915e-003 -4.7580829e-003
  1.8360000e+002  6.7260000e+002 -3.4500000e+002  3.0770559e-001 -4.2893426e-003 -6.3414205e-003
  2.8260000e+002  6.7260000e+002 -3.4500000e+002  3.0376386e-001 -5.7277993e-003 -8.2460263e-003
  3.6510000e+002  6.7260000e+002 -3.4500000e+002  2.9822442e-001 -5.6139112e-003 -8.0336445e-003
  4.4010000e+002  6.7260000e+002 -3.4500000e+002  2.9349235e-001 -2.7104091e-003 -3.8817971e-003
  5.1510000e+002  6.7260000e+002 -3.4500000e+002  2.9349235e-001  2.7104091e-003  3.8817971e-003
  5.9010000e+002  6.7260000e+002 -3.4500000e+002  2.9822442e-001  5.6139112e-003  8.0336445e-003
  6.7260000e+002  6.7260000e+002 -3.4500000e+002  3.0376386e-001  5.7277993e-003  8.2460263e-003
  7.7160000e+002  6.7260000e+002 -3.4500000e+002  3.0770559e-001  4.2893426e-003  6.3414205e-003
  8.9040000e+002  6.7260000e+002 -3.4500000e+002  3.0899166e-001  3.0000915e-003  4.7580829e-003
  6.4800000e+001  7.7160000e+002 -3.4500000e+002  3.0877205e-001 -2.5827606e-003 -3.3986321e-003
  1.8360000e+002  7.7160000e+002 -3.4500000e+002  3.0686162e-001 -3.3405617e-003 -3.9315922e-003
  2.8260000e+002  7.7160000e+002 -3.4500000e+002  3.0379908e-001 -3.9406878e-003 -4.2791181e-003
  3.6510000e+002  7.7160000e+002 -3.4500000e+002  3.0058516e-001 -3.4239772e-003 -3.5487007e-003
  4.4010000e+002  7.7160000e+002 -3.4500000e+002  2.9836555e-001 -1.4808548e-003 -1.4942714e-003
  5.1510000e+002  7.7160000e+002 -3.4500000e+002  2.9836555e-001  1.4808548e-003  1.4942714e-003
  5.9010000e+002  7.7160000e+002 -3.4500000e+002  3.0058516e-001  3.4239772e-003  3.5487007e-003
  6.7260000e+002  7.7160000e+002 -3.4500000e+002  3.0379908e-001  3.9406878e-003  4.2791181e-003
  7.7160000e+002  7.7160000e+002 -3.4500000e+002  3.0686162e-001  3.3405617e-003  3.9315922e-003
  8.9040000e+002  7.7160000e+002 -3.4500000e+002  3.0877205e-001  2.5827606e-003  3.3986321e-003
  6.4800000e+001  8.9040000e+002 -3.4500000e+002  3.0874149e-001 -8.9321694e-004 -2.4689129e-003
  1.8360000e+002  8.9040000e+002 -3.4500000e+002  3.0646669e-001 -9.1377728e-004 -2.5588704e-003
  2.8260000e+002  8.9040000e+002 -3.4500000e+002  3.0408417e-001 -1.0093793e-003 -2.3860599e-003
  3.6510000e+002  8.9040000e+002 -3.4500000e+002  3.0212132e-001 -8.4823424e-004 -1.7306367e-003
  4.4010000e+002  8.9040000e+002 -3.4500000e+002  3.0098651e-001 -3.5462183e-004 -6.5887900e-004
  5.1510000e+002  8.9040000e+002 -3.4500000e+002  3.0098651e-001  3.5462183e-004  6.5887900e-004
  5.9010000e+002  8.9040000e+002 -3.4500000e+002  3.0212132e-001  8.4823424e-004  1.7306367e-003
  6.7260000e+002  8.9040000e+002 -3.4500000e+002  3.0408417e-001  1.0093793e-003  2.3860599e-003
  7.7160000e+002  8.9040000e+002 -3.4500000e+002  3.0646669e-001  9.1377728e-004  2.5588704e-003
  8.9040000e+002  8.9040000e+002 -3.4500000e+002  3.0874149e-001  8.9321694e-004  2.4689129e-003
  6.4800000e+001  6.4800000e+001 -4.4400000e+002  1.5988570e-001  5.6206097e-004 -1.9742114e-003
  1.8360000e+002  6.4800000e+001 -4.4400000e+002  1.5769815e-001  4.7441548e-004 -1.9454953e-003
  2.8260000e+002  6.4800000e+001 -4.4400000e+002  1.5575658e-001  4.4617264e-004 -1.7169169e-003
  3.6510000e+002  6.4800000e+001 -4.4400000e+002  1.5434800e-001  3.4048867e-004 -1.1915367e-003
  4.4010000e+002  6.4800000e+001 -4.4400000e+002  1.5360283e-001  1.3411204e-004 -4.3987263e-004
  5.1510000e+002  6.4800000e+001 -4.4400000e+002  1.5360283e-001 -1.3411204e-004  4.3987263e-004
  5.9010000e+002  6.4800000e+001 -4.4400000e+002  1.5434800e-001 -3.4048867e-004  1.1915367e-003
  6.7260000e+002  6.4800000e+001 -4.4400000e+002  1.5575658e-001 -4.4617264e-004  1.7169169e-003
  7.7160000e+002  6.4800000e+001 -4.4400000e+002  1.5769815e-001 -4.7441548e-004  1.9454953e-003
  8.9040000e+002  6.4800000e+001 -4.4400000e+002  1.5988570e-001 -5.6206097e-004  1.9742114e-003
  6.4800000e+001  1.8360000e+002 -4.4400000e+002  1.5984397e-001  1.6188130e-003 -2.5945400e-003
  1.8360000e+002  1.8360000e+002 -4.4400000e+002  1.5781672e-001  1.8422729e-003 -2.7308132e-003
  2.8260000e+002  1.8360000e+002 -4.4400000e+002  1.5551585e-001  1.8868812e-003 -2.6812497e-003
  3.6510000e+002  1.8360000e+002 -4.4400000e+002  1.5357626e-001  1.4613770e-003 -2.0359861e-003
  4.4010000e+002  1.8360000e+002 -4.4400000e+002  1.5243204e-001  5.7927723e-004 -7.9968948e-004
  5.1510000e+002  1.8360000e+002 -4.4400000e+002  1.5243204e-001 -5.7927723e-004  7.9968948e-004
  5.9010000e+002  1.8360000e+002 -4.4400000e+002  1.5357626e-001 -1.4613770e-003  2.0359861e-003
  6.7260000e+002  1.8360000e+002 -4.4400000e+002  1.5551585e-001 -1.8868812e-003  2.6812497e-003
  7.7160000e+002  1.8360000e+002 -4.4400000e+002  1.5781672e-001 -1.8422729e-003  2.7308132e-003
  8.9040000e+002  1.8360000e+002 -4.4400000e+002  1.5984397e-001 -1.6188130e-003  2.5945400e-003
  6.4800000e+001  2.8260000e+002 -4.4400000e+002  1.5983980e-001  1.7987761e-003 -3.4513120e-003
  1.8360000e+002  2.8260000e+002 -4.4400000e+002  1.5798853e-001  2.1872877e-003 -4.0157639e-003
  2.8260000e+002  2.8260000e+002 -4.4400000e+002  1.5520342e-001  2.4230428e-003 -4.4770734e-003
  3.6510000e+002  2.8260000e+002 -4.4400000e+002  1.5240507e-001  2.0136678e-003 -3.7852625e-003
  4.4010000e+002  2.8260000e+002 -4.4400000e+002  1.5051985e-001  8.4530660e-004 -1.6137426e-003
  5.1510000e+002  2.8260000e+002 -4.4400000e+002  1.5051985e-001 -8.4530660e-004  1.6137426e-003
  5.9010000e+002  2.8260000e+002 -4.4400000e+002  1.5240507e-001 -2.0136678e-003  3.7852625e-003
  6.7260000e+002  2.8260000e+002 -4.4400000e+002  1.5520342e-001 -2.4230428e-003  4.4770734e-003
  7.7160000e+002  2.8260000e+002 -4.4400000e+002  1.5798853e-001 -2.1872877e-003  4.0157639e-003
  8.9040000e+002  2.8260000e+002 -4.4400000e+002  1.5983980e-001 -1.7987761e-003  3.4513120e-003
  6.4800000e+001  3.6510000e+002 -4.4400000e+002  1.5988390e-001  1.3571175e-003 -4.1682345e-003
  1.8360000e+002  3.6510000e+002 -4.4400000e+002  1.5823403e-001  1.7445664e-003 -5.2540581e-003
  2.8260000e+002  3.6510000e+002 -4.4400000e+002  1.5507607e-001  2.0786704e-003 -6.4861052e-003
  3.6510000e+002  3.6510000e+002 -4.4400000e+002  1.5141274e-001  1.8575335e-003 -6.0460423e-003
  4.4010000e+002  3.6510000e+002 -4.4400000e+002  1.4863361e-001  8.3377332e-004 -2.8179816e-003
  5.1510000e+002  3.6510000e+002 -4.4400000e+002  1.4863361e-001 -8.3377332e-004  2.8179816e-003
  5.9010000e+002  3.6510000e+002 -4.4400000e+002  1.5141274e-001 -1.8575335e-003  6.0460423e-003
  6.7260000e+002  3.6510000e+002 -4.4400000e+002  1.5507607e-001 -2.0786704e-003  6.4861052e-003
  7.7160000e+002  3.6510000e+002 -4.4400000e+002  1.5823403e-001 -1.7445664e-003  5.2540581e-003
  8.9040000e+002  3.6510000e+002 -4.4400000e+002  1.5988390e-001 -1.3571175e-003  4.1682345e-003
  6.4800000e+001  4.4010000e+002 -4.4400000e+002  1.5992758e-001  5.0714121e-004 -4.5854504e-003
  1.8360000e+002  4.4010000e+002 -4.4400000e+002  1.5842791e-001  6.7195563e-004 -6.0498760e-003
  2.8260000e+002  4.4010000e+002 -4.4400000e+002  1.5508478e-001  8.3520696e-004 -7.9473377e-003
  3.6510000e+002  4.4010000e+002 -4.4400000e+002  1.5084979e-001  7.8100686e-004 -7.9441713e-003
  4.4010000e+002  4.4010000e+002 -4.4400000e+002  1.4736418e-001  3.6661255e-004 -4.0008910e-003
  5.1510000e+002  4.4010000e+002 -4.4400000e+002  1.4736418e-001 -3.6661255e-004  4.0008910e-003
  5.9010000e+002  4.4010000e+002 -4.4400000e+002  1.5084979e-001 -7.8100686e-004  7.9441713e-003
  6.7260000e+002  4.4010000e+002 -4.4400000e+002  1.5508478e-001 -8.3520696e-004  7.9473377e-003
  7.7160000e+002  4.4010000e+002 -4.4400000e+002  1.5842791e-001 -6.7195563e-004  6.0498760e-003
  8.9040000e+002  4.4010000e+002 -4.4400000e+002  1.5992758e-001 -5.0714121e-004  4.5854504e-003
  6.4800000e+001  5.1510000e+002 -4.4400000e+002  1.5992758e-001 -5.0714121e-004 -4.5854504e-003
  1.8360000e+002  5.1510000e+002 -4.4400000e+002  1.5842791e-001 -6.7195563e-004 -6.0498760e-003
  2.8260000e+002  5.1510000e+002 -4.4400000e+002  1.5508478e-001 -8.3520696e-004 -7.9473377e-003
  3.6510000e+002  5.1510000e+002 -4.4400000e+002  1.5084979e-001 -7.8100686e-004 -7.9441713e-003
  4.4010000e+002  5.1510000e+002 -4.4400000e+002  1.4736418e-001 -3.6661255e-004 -4.0008910e-003
  5.1510000e+002  5.1510000e+002 -4.4400000e+002  1.4736418e-001  3.6661255e-004  4.0008910e-003
  5.9010000e+002  5.1510000e+002 -4.4400000e+002  1.5084979e-001  7.8100686e-004  7.9441713e-003
  6.7260000e+002  5.1510000e+002 -4.4400000e+002  1.5508478e-001  8.3520696e-004  7.9473377e-003
  7.7160000e+002  5.1510000e+002 -4.4400000e+002  1.5842791e-001  6.7195563e-004  6.0498760e-003
  8.9040000e+002  5.1510000e+002 -4.4400000e+002  1.5992758e-001  5.0714121e-004  4.5854504e-003
  6.4800000e+001  5.9010000e+002 -4.4400000e+002  1.5988390e-001 -1.3571175e-003 -4.1682345e-003
  1.8360000e+002  5.9010000e+002 -4.4400000e+002  1.5823403e-001 -1.7445664e-003 -5.2540581e-003
  2.8260000e+002  5.9010000e+002 -4.4400000e+002  1.5507607e-001 -2.0786704e-003 -6.4861052e-003
  3.6510000e+002  5.9010000e+002 -4.4400000e+002  1.5141274e-001 -1.8575335e-003 -6.0460423e-003
  4.4010000e+002  5.9010000e+002 -4.4400000e+002  1.4863361e-001 -8.3377332e-004 -2.8179816e-003
  5.1510000e+002  5.9010000e+002 -4.4400000e+002  1.4863361e-001  8.3377332e-004  2.8179816e-003
  5.9010000e+002  5.9010000e+002 -4.4400000e+002  1.5141274e-001  1.8575335e-003  6.0460423e-003
  6.7260000e+002  5.9010000e+002 -4.4400000e+002  1.5507607e-001  2.0786704e-003  6.4861052e-003
  7.7160000e+002  5.9010000e+002 -4.4400000e+002  1.5823403e-001  1.7445664e-003  5.2540581e-003
  8.9040000e+002  5.9010000e+002 -4.4400000e+002  1.5988390e-001  1.3571175e-003  4.1682345e-003
  6.4800000e+001  6.7260000e+002 -4.4400000e+002  1.5983980e-001 -1.7987761e-003 -3.4513120e-003
  1.8360000e+002  6.7260000e+002 -4.4400000e+002  1.5798853e-001 -2.1872877e-003 -4.0157639e-003
  2.8260000e+002  6.7260000e+002 -4.4400000e+002  1.5520342e-001 -2.4230428e-003 -4.4770734e-003
  3.6510000e+002  6.7260000e+002 -4.4400000e+002  1.5240507e-001 -2.0136678e-003 -3.7852625e-003
  4.4010000e+002  6.7260000e+002 -4.4400000e+002  1.5051985e-001 -8.4530660e-004 -1.6137426e-003
  5.1510000e+002  6.7260000e+002 -4.4400000e+002  1.5051985e-001  8.4530660e-004  1.6137426e-003
  5.9010000e+002  6.7260000e+002 -4.4400000e+002  1.5240507e-001  2.0136678e-003  3.7852625e-003
  6.7260000e+002  6.7260000e+002 -4.4400000e+002  1.5520342e-001  2.4230428e-003  4.4770734e-003
  7.7160000e+002  6.7260000e+002 -4.4400000e+002  1.5798853e-001  2.1872877e-003  4.0157639e-003
  8.9040000e+002  6.7260000e+002 -4.4400000e+002  1.5983980e-001  1.7987761e-003  3.4513120e-003
  6.4800000e+001  7.7160000e+002 -4.4400000e+002  1.5984397e-001 -1.6188130e-003 -2.5945400e-003
  1.8360000e+002  7.7160000e+002 -4.4400000e+002  1.5781672e-001 -1.8422729e-003 -2.7308132e-003
  2.8260000e+002  7.7160000e+002 -4.4400000e+002  1.5551585e-001 -1.8868812e-003 -2.6812497e-003
  3.6510000e+002  7.7160000e+002 -4.4400000e+002  1.5357626e-001 -1.4613770e-003 -2.0359861e-003
  4.4010000e+002  7.7160000e+002 -4.4400000e+002  1.5243204e-001 -5.7927723e-004 -7.9968948e-004
  5.1510000e+002  7.7160000e+002 -4.4400000e+002  1.5243204e-001  5.7927723e-004  7.9968948e-004
  5.9010000e+002  7.7160000e+002 -4.4400000e+002  1.5357626e-001  1.4613770e-003  2.0359861e-003
  6.7260000e+002  7.7160000e+002 -4.4400000e+002  1.5551585e-001  1.8868812e-003  2.6812497e-003
  7.7160000e+002  7.7160000e+002 -4.4400000e+002  1.5781672e-001  1.8422729e-003  2.7308132e-003
  8.9040000e+002  7.7160000e+002 -4.4400000e+002  1.5984397e-001  1.6188130e-003  2.5945400e-003
  6.4800000e+001  8.9040000e+002 -4.4400000e+002  1.5988570e-001 -5.6206097e-004 -1.9742114e-003
  1.8360000e+002  8.9040000e+002 -4.4400000e+002  1.5769815e-001 -4.7441548e-004 -1.9454953e-003
  2.8260000e+002  8.9040000e+002 -4.4400000e+002  1.5575658e-001 -4.4617264e-004 -1.7169169e-003
  3.6510000e+002  8.9040000e+002 -4.4400000e+002  1.5434800e-001 -3.4048867e-004 -1.1915367e-003
  4.4010000e+002  8.9040000e+002 -4.4400000e+002  1.5360283e-001 -1.3411204e-004 -4.3987263e-004
  5.1510000e+002  8.9040000e+002 -4.4400000e+002  1.5360283e-001  1.3411204e-004  4.3987263e-004
  5.9010000e+002  8.9040000e+002 -4.4400000e+002  1.5434800e-001  3.4048867e-004  1.1915367e-003
  6.7260000e+002  8.9040000e+002 -4.4400000e+002  1.5575658e-001  4.4617264e-004  1.7169169e-003
  7.7160000e+002  8.9040000e+002 -4.4400000e+002  1.5769815e-001  4.7441548e-004  1.9454953e-003
  8.9040000e+002  8.9040000e+002 -4.4400000e+002  1.5988570e-001  5.6206097e-004  1.9742114e-003
  6.4800000e+001  6.4800000e+001 -5.6280000e+002 -1.2379891e-003  3.7593211e-004 -7.0167122e-004
  1.8360000e+002  6.4800000e+001 -5.6280000e+002 -3.3651701e-003  3.0705091e-004 -5.6500267e-004
  2.8260000e+002  6.4800000e+001 -5.6280000e+002 -4.9950566e-003  2.5249590e-004 -4.5196699e-004
  3.6510000e+002  6.4800000e+001 -5.6280000e+002 -6.0600883e-003  1.7242045e-004 -3.0142332e-004
  4.4010000e+002  6.4800000e+001 -5.6280000e+002 -6.5857712e-003  6.3445434e-005 -1.0935562e-004
  5.1510000e+002  6.4800000e+001 -5.6280000e+002 -6.5857712e-003 -6.3445434e-005  1.0935562e-004
  5.9010000e+002  6.4800000e+001 -5.6280000e+002 -6.0600883e-003 -1.7242045e-004  3.0142332e-004
  6.7260000e+002  6.4800000e+001 -5.6280000e+002 -4.9950566e-003 -2.5249590e-004  4.5196699e-004
  7.7160000e+002  6.4800000e+001 -5.6280000e+002 -3.3651701e-003 -3.0705091e-004  5.6500267e-004
  8.9040000e+002  6.4800000e+001 -5.6280000e+002 -1.2379891e-003 -3.7593211e-004  7.0167122e-004
  6.4800000e+001  1.8360000e+002 -5.6280000e+002 -1.2719221e-003  9.8916505e-004 -7.7851020e-004
  1.8360000e+002  1.8360000e+002 -5.6280000e+002 -3.3881855e-003  9.8361066e-004 -4.7717833e-004
  2.8260000e+002  1.8360000e+002 -5.6280000e+002 -5.1631760e-003  8.8260189e-004 -3.8463772e-004
  3.6510000e+002  1.8360000e+002 -5.6280000e+002 -6.4136345e-003  6.2125080e-004 -2.8700863e-004
  4.4010000e+002  1.8360000e+002 -5.6280000e+002 -7.0660293e-003  2.3132854e-004 -1.1371789e-004
  5.1510000e+002  1.8360000e+002 -5.6280000e+002 -7.0660293e-003 -2.3132854e-004  1.1371789e-004
  5.9010000e+002  1.8360000e+002 -5.6280000e+002 -6.4136345e-003 -6.2125080e-004  2.8700863e-004
  6.7260000e+002  1.8360000e+002 -5.6280000e+002 -5.1631760e-003 -8.8260189e-004  3.8463772e-004
  7.7160000e+002  1.8360000e+002 -5.6280000e+002 -3.3881855e-003 -9.8361066e-004  4.7717833e-004
  8.9040000e+002  1.8360000e+002 -5.6280000e+002 -1.2719221e-003 -9.8916505e-004  7.7851020e-004
  6.4800000e+001  2.8260000e+002 -5.6280000e+002 -1.3036473e-003  1.0708900e-003 -9.7052900e-004
  1.8360000e+002  2.8260000e+002 -5.6280000e+002 -3.4255879e-003  1.1120097e-003 -6.3210135e-004
  2.8260000e+002  2.8260000e+002 -5.6280000e+002 -5.4056268e-003  1.0431748e-003 -6.2348103e-004
  3.6510000e+002  2.8260000e+002 -5.6280000e+002 -6.9350795e-003  7.6056470e-004 -5.3882999e-004
  4.4010000e+002  2.8260000e+002 -5.6280000e+002 -7.7907768e-003  2.9029342e-004 -2.3215644e-004
  5.1510000e+002  2.8260000e+002 -5.6280000e+002 -7.7907768e-003 -2.9029342e-004  2.3215644e-004
  5.9010000e+002  2.8260000e+002 -5.6280000e+002 -6.9350795e-003 -7.6056470e-004  5.3882999e-004
  6.7260000e+002  2.8260000e+002 -5.6280000e+002 -5.4056268e-003 -1.0431748e-003  6.2348103e-004
  7.7160000e+002  2.8260000e+002 -5.6280000e+002 -3.4255879e-003 -1.1120097e-003  6.3210135e-004
  8.9040000e+002  2.8260000e+002 -5.6280000e+002 -1.3036473e-003 -1.0708900e-003  9.7052900e-004
  6.4800000e+001  3.6510000e+002 -5.6280000e+002 -1.3151380e-003  7.8793785e-004 -1.1454688e-003
  1.8360000e+002  3.6510000e+002 -5.6280000e+002 -3.4301053e-003  8.4474279e-004 -8.4228979e-004
  2.8260000e+002  3.6510000e+002 -5.6280000e+002 -5.5735939e-003  8.2313619e-004 -9.5825502e-004
  3.6510000e+002  3.6510000e+002 -5.6280000e+002 -7.3529139e-003  6.2074883e-004 -8.9855162e-004
  4.4010000e+002  3.6510000e+002 -5.6280000e+002 -8.4083612e-003  2.4336217e-004 -4.0877035e-004
  5.1510000e+002  3.6510000e+002 -5.6280000e+002 -8.4083612e-003 -2.4336217e-004  4.0877035e-004
  5.9010000e+002  3.6510000e+002 -5.6280000e+002 -7.3529139e-003 -6.2074883e-004  8.9855162e-004
  6.7260000e+002  3.6510000e+002 -5.6280000e+002 -5.5735939e-003 -8.2313619e-004  9.5825502e-004
  7.7160000e+002  3.6510000e+002 -5.6280000e+002 -3.4301053e-003 -8.4474279e-004  8.4228979e-004
  8.9040000e+002  3.6510000e+002 -5.6280000e+002 -1.3151380e-003 -7.8793785e-004  1.1454688e-003
  6.4800000e+001  4.4010000e+002 -5.6280000e+002 -1.3168781e-003  2.9041116e-004 -1.2487658e-003
  1.8360000e+002  4.4010000e+002 -5.6280000e+002 -3.4220327e-003  3.1639878e-004 -9.8574511e-004
  2.8260000e+002  4.4010000e+002 -5.6280000e+002 -5.6552028e-003  3.1478336e-004 -1.2014282e-003
  3.6510000e+002  4.4010000e+002 -5.6280000e+002 -7.5857897e-003  2.4222318e-004 -1.1776182e-003
  4.4010000e+002  4.4010000e+002 -5.6280000e+002 -8.7727344e-003  9.6645233e-005 -5.5667309e-004
  5.1510000e+002  4.4010000e+002 -5.6280000e+002 -8.7727344e-003 -9.6645233e-005  5.5667309e-004
  5.9010000e+002  4.4010000e+002 -5.6280000e+002 -7.5857897e-003 -2.4222318e-004  1.1776182e-003
  6.7260000e+002  4.4010000e+002 -5.6280000e+002 -5.6552028e-003 -3.1478336e-004  1.2014282e-003
  7.7160000e+002  4.4010000e+002 -5.6280000e+002 -3.4220327e-003 -3.1639878e-004  9.8574511e-004
  8.9040000e+002  4.4010000e+002 -5.6280000e+002 -1.3168781e-003 -2.9041116e-004  1.2487658e-003
  6.4800000e+001  5.1510000e+002 -5.6280000e+002 -1.3168781e-003 -2.9041116e-004 -1.2487658e-003
  1.8360000e+002  5.1510000e+002 -5.6280000e+002 -3.4220327e-003 -3.1639878e-004 -9.8574511e-004
  2.8260000e+002  5.1510000e+002 -5.6280000e+002 -5.6552028e-003 -3.1478336e-004 -1.2014282e-003
  3.6510000e+002  5.1510000e+002 -5.6280000e+002 -7.5857897e-003 -2.4222318e-004 -1.1776182e-003
  4.4010000e+002  5.1510000e+002 -5.6280000e+002 -8.7727344e-003 -9.6645233e-005 -5.5667309e-004
  5.1510000e+002  5.1510000e+002 -5.6280000e+002 -8.7727344e-003  9.6645233e-005  5.5667309e-004
  5.9010000e+002  5.1510000e+002 -5.6280000e+002 -7.5857897e-003  2.4222318e-004  1.1776182e-003
  6.7260000e+002  5.1510000e+002 -5.6280000e+002 -5.6552028e-003  3.1478336e-004  1.2014282e-003
  7.7160000e+002  5.1510000e+002 -5.6280000e+002 -3.4220327e-003  3.1639878e-004  9.8574511e-004
  8.9040000e+002  5.1510000e+002 -5.6280000e+002 -1.3168781e-003  2.9041116e-004  1.2487658e-003
  6.4800000e+001  5.9010000e+002 -5.6280000e+002 -1.3151380e-003 -7.8793785e-004 -1.1454688e-003
  1.8360000e+002  5.9010000e+002 -5.6280000e+002 -3.4301053e-003 -8.4474279e-004 -8.4228979e-004
  2.8260000e+002  5.9010000e+002 -5.6280000e+002 -5.5735939e-003 -8.2313619e-004 -9.5825502e-004
  3.6510000e+002  5.9010000e+002 -5.6280000e+002 -7.3529139e-003 -6.2074883e-004 -8.9855162e-004
  4.4010000e+002  5.9010000e+002 -5.6280000e+002 -8.4083612e-003 -2.4336217e-004 -4.0877035e-004
  5.1510000e+002  5.9010000e+002 -5.6280000e+002 -8.4083612e-003  2.4336217e-004  4.0877035e-004
  5.9010000e+002  5.9010000e+002 -5.6280000e+002 -7.3529139e-003  6.2074883e-004  8.9855162e-004
  6.7260000e+002  5.9010000e+002 -5.6280000e+002 -5.5735939e-003  8.2313619e-004  9.5825502e-004
  7.7160000e+002  5.9010000e+002 -5.6280000e+002 -3.4301053e-003  8.4474279e-004  8.4228979e-004
  8.9040000e+002  5.9010000e+002 -5.6280000e+002 -1.3151380e-003  7.8793785e-004  1.1454688e-003
  6.4800000e+001  6.7260000e+002 -5.6280000e+002 -1.3036473e-003 -1.0708900e-003 -9.7052900e-004
  1.8360000e+002  6.7260000e+002 -5.6280000e+002 -3.4255879e-003 -1.1120097e-003 -6.3210135e-004
  2.8260000e+002  6.7260000e+002 -5.6280000e+002 -5.4056268e-003 -1.0431748e-003 -6.2348103e-004
  3.6510000e+002  6.7260000e+002 -5.6280000e+002 -6.9350795e-003 -7.6056470e-004 -5.3882999e-004
  4.4010000e+002  6.7260000e+002 -5.6280000e+002 -7.7907768e-003 -2.9029342e-004 -2.3215644e-004
  5.1510000e+002  6.7260000e+002 -5.6280000e+002 -7.7907768e-003  2.9029342e-004  2.3215644e-004
  5.9010000e+002  6.7260000e+002 -5.6280000e+002 -6.9350795e-003  7.6056470e-004  5.3882999e-004
  6.7260000e+002  6.7260000e+002 -5.6280000e+002 -5.4056268e-003  1.0431748e-003  6.2348103e-004
  7.7160000e+002  6.7260000e+002 -5.6280000e+002 -3.4255879e-003  1.1120097e-003  6.3210135e-004
  8.9040000e+002  6.7260000e+002 -5.6280000e+002 -1.3036473e-003  1.0708900e-003  9.7052900e-004
  6.4800000e+001  7.7160000e+002 -5.6280000e+002 -1.2719221e-003 -9.8916505e-004 -7.7851020e-004
  1.8360000e+002  7.7160000e+002 -5.6280000e+002 -3.3881855e-003 -9.8361066e-004 -4.7717833e-004
  2.8260000e+002  7.7160000e+002 -5.6280000e+002 -5.1631760e-003 -8.8260189e-004 -3.8463772e-004
  3.6510000e+002  7.7160000e+002 -5.6280000e+002 -6.4136345e-003 -6.2125080e-004 -2.8700863e-004
  4.4010000e+002  7.7160000e+002 -5.6280000e+002 -7.0660293e-003 -2.3132854e-004 -1.1371789e-004
  5.1510000e+002  7.7160000e+002 -5.6280000e+002 -7.0660293e-003  2.3132854e-004  1.1371789e-004
  5.9010000e+002  7.7160000e+002 -5.6280000e+002 -6.4136345e-003  6.2125080e-004  2.8700863e-004
  6.7260000e+002  7.7160000e+002 -5.6280000e+002 -5.1631760e-003  8.8260189e-004  3.8463772e-004
  7.7160000e+002  7.7160000e+002 -5.6280000e+002 -3.3881855e-003  9.8361066e-004  4.7717833e-004
  8.9040000e+002  7.7160000e+002 -5.6280000e+002 -1.2719221e-003  9.8916505e-004  7.7851020e-004
  6.4800000e+001  8.9040000e+002 -5.6280000e+002 -1.2379891e-003 -3.7593211e-004 -7.0167122e-004
  1.8360000e+002  8.9040000e+002 -5.6280000e+002 -3.3651701e-003 -3.0705091e-004 -5.6500267e-004
  2.8260000e+002  8.9040000e+002 -5.6280000e+002 -4.9950566e-003 -2.5249590e-004 -4.5196699e-004
  3.6510000e+002  8.9040000e+002 -5.6280000e+002 -6.0600883e-003 -1.7242045e-004 -3.0142332e-004
  4.4010000e+002  8.9040000e+002 -5.6280000e+002 -6.5857712e-003 -6.3445434e-005 -1.0935562e-004
  5.1510000e+002  8.9040000e+002 -5.6280000e+002 -6.5857712e-003  6.3445434e-005  1.0935562e-004
  5.9010000e+002  8.9040000e+002 -5.6280000e+002 -6.0600883e-003  1.7242045e-004  3.0142332e-004
  6.7260000e+002  8.9040000e+002 -5.6280000e+002 -4.9950566e-003  2.5249590e-004  4.5196699e-004
  7.7160000e+002  8.9040000e+002 -5.6280000e+002 -3.3651701e-003  3.0705091e-004  5.6500267e-004
  8.9040000e+002  8.9040000e+002 -5.6280000e+002 -1.2379891e-003  3.7593211e-004  7.0167122e-004
