 1.0E-20
 1.114783E-01
 1.058048E-01
 9.949859E-02
 9.310680E-02
 8.694785E-02
 8.117812E-02
 7.585589E-02
 7.098555E-02
 6.478864E-02
 5.677084E-02
 1.0E-20
 1.460147E-01
 1.344774E-01
 1.228708E-01
 1.121006E-01
 1.024594E-01
 9.395427E-02
 8.648274E-02
 7.991262E-02
 7.188550E-02
 6.191884E-02
 1.0E-20
 1.645408E-01
 1.490579E-01
 1.342450E-01
 1.210468E-01
 1.095968E-01
 9.973705E-02
 9.123700E-02
 8.387305E-02
 7.500900E-02
 6.416524E-02
 1.0E-20
 1.777847E-01
 1.595346E-01
 1.424774E-01
 1.275739E-01
 1.148453E-01
 1.040198E-01
 9.477988E-02
 8.683967E-02
 7.736187E-02
 6.586653E-02
 1.0E-20
 1.875172E-01
 1.675829E-01
 1.490427E-01
 1.329357E-01
 1.192571E-01
 1.076850E-01
 9.785429E-02
 8.944184E-02
 7.944822E-02
 6.739073E-02
 1.0E-20
 1.938048E-01
 1.731533E-01
 1.538604E-01
 1.370556E-01
 1.227694E-01
 1.106826E-01
 1.004209E-01
 9.164820E-02
 8.124449E-02
 6.872190E-02
 1.0E-20
 1.975376E-01
 1.767227E-01
 1.571666E-01
 1.400459E-01
 1.254323E-01
 1.130322E-01
 1.024836E-01
 9.345493E-02
 8.274239E-02
 6.985075E-02
 1.0E-20
 1.996160E-01
 1.788805E-01
 1.593217E-01
 1.421187E-01
 1.273679E-01
 1.148021E-01
 1.040791E-01
 9.487994E-02
 8.394622E-02
 7.077370E-02
 1.0E-20
 2.006750E-01
 1.801214E-01
 1.606772E-01
 1.435076E-01
 1.287243E-01
 1.160827E-01
 1.052608E-01
 9.595358E-02
 8.486824E-02
 7.149129E-02
 1.0E-20
 2.011892E-01
 1.808466E-01
 1.615352E-01
 1.444224E-01
 1.296398E-01
 1.169623E-01
 1.060832E-01
 9.670855E-02
 8.552333E-02
 7.200616E-02
 1.0E-20
 2.016588E-01
 1.814055E-01
 1.621291E-01
 1.450178E-01
 1.302162E-01
 1.175072E-01
 1.065888E-01
 9.717113E-02
 8.592417E-02
 7.232116E-02
 1.0E-20
 2.024354E-01
 1.819748E-01
 1.625583E-01
 1.453584E-01
 1.304991E-01
 1.177491E-01
 1.067991E-01
 9.735541E-02
 8.607786E-02
 7.243794E-02
 1.0E-20
 2.031566E-01
 1.823641E-01
 1.627330E-01
 1.454053E-01
 1.304727E-01
 1.176826E-01
 1.067126E-01
 9.726110E-02
 8.598431E-02
 7.235610E-02
 1.0E-20
 2.031447E-01
 1.822208E-01
 1.624704E-01
 1.450589E-01
 1.300797E-01
 1.172732E-01
 1.063080E-01
 9.687490E-02
 8.563658E-02
 7.207319E-02
 1.0E-20
 2.022908E-01
 1.813958E-01
 1.616368E-01
 1.442157E-01
 1.292452E-01
 1.164687E-01
 1.055502E-01
 9.617386E-02
 8.502253E-02
 7.158534E-02
 1.0E-20
 2.007209E-01
 1.798533E-01
 1.601338E-01
 1.427727E-01
 1.278842E-01
 1.152066E-01
 1.043961E-01
 9.512957E-02
 8.412741E-02
 7.088838E-02
 1.0E-20
 1.982441E-01
 1.774053E-01
 1.577919E-01
 1.405928E-01
 1.258954E-01
 1.134165E-01
 1.027990E-01
 9.371278E-02
 8.293711E-02
 6.997940E-02
 1.0E-20
 1.942565E-01
 1.736232E-01
 1.543251E-01
 1.374923E-01
 1.231632E-01
 1.110274E-01
 1.007169E-01
 9.189931E-02
 8.144198E-02
 6.885841E-02
 1.0E-20
 1.878191E-01
 1.679141E-01
 1.493896E-01
 1.332805E-01
 1.195847E-01
 1.079853E-01
 9.812270E-02
 8.967754E-02
 7.964094E-02
 6.753006E-02
 1.0E-20
 1.780024E-01
 1.597807E-01
 1.427445E-01
 1.278499E-01
 1.151178E-01
 1.042789E-01
 9.501929E-02
 8.705625E-02
 7.754530E-02
 6.600488E-02
 1.0E-20
 1.647131E-01
 1.492534E-01
 1.344602E-01
 1.212737E-01
 1.098265E-01
 9.996123E-02
 9.144952E-02
 8.407003E-02
 7.518096E-02
 6.430001E-02
 1.0E-20
 1.461606E-01
 1.346396E-01
 1.230480E-01
 1.122885E-01
 1.026520E-01
 9.414566E-02
 8.666794E-02
 8.008795E-02
 7.204303E-02
 6.204723E-02
 1.0E-20
 1.116033E-01
 1.059369E-01
 9.963769E-02
 9.325134E-02
 8.709540E-02
 8.132593E-02
 7.600128E-02
 7.112622E-02
 6.491957E-02
 5.688367E-02
 1.0E-20
 1.450336E-01
 1.337436E-01
 1.223336E-01
 1.117069E-01
 1.021672E-01
 9.373313E-02
 8.631167E-02
 7.977717E-02
 7.178407E-02
 6.184904E-02
 1.0E-20
 2.180423E-01
 1.869945E-01
 1.613406E-01
 1.408556E-01
 1.244692E-01
 1.111909E-01
 1.002620E-01
 9.112777E-02
 8.050727E-02
 6.794273E-02
 1.0E-20
 2.671418E-01
 2.177850E-01
 1.817621E-01
 1.551769E-01
 1.349891E-01
 1.192107E-01
 1.065597E-01
 9.619190E-02
 8.435948E-02
 7.060697E-02
 1.0E-20
 3.018985E-01
 2.394673E-01
 1.962548E-01
 1.654543E-01
 1.426227E-01
 1.250883E-01
 1.112145E-01
 9.996144E-02
 8.724885E-02
 7.262028E-02
 4.146460E-01
 3.224055E-01
 2.541963E-01
 2.069917E-01
 1.735079E-01
 1.488391E-01
 1.300085E-01
 1.151910E-01
 1.032309E-01
 8.979247E-02
 7.441756E-02
 4.241850E-01
 3.319369E-01
 2.626302E-01
 2.140220E-01
 1.792656E-01
 1.535580E-01
 1.339048E-01
 1.184375E-01
 1.059602E-01
 9.196111E-02
 7.597980E-02
 1.0E-20
 3.360009E-01
 2.669952E-01
 2.182272E-01
 1.830861E-01
 1.569296E-01
 1.368394E-01
 1.209770E-01
 1.081538E-01
 9.374901E-02
 7.729745E-02
 4.284917E-01
 3.375786E-01
 2.690594E-01
 2.205635E-01
 1.854763E-01
 1.592234E-01
 1.389565E-01
 1.228854E-01
 1.098508E-01
 9.516921E-02
 7.836891E-02
 1.0E-20
 3.377543E-01
 2.697957E-01
 2.217512E-01
 1.869101E-01
 1.607315E-01
 1.404290E-01
 1.242633E-01
 1.111076E-01
 9.624588E-02
 7.919801E-02
 1.0E-20
 3.367736E-01
 2.698086E-01
 2.223490E-01
 1.877881E-01
 1.617136E-01
 1.414183E-01
 1.252080E-01
 1.119822E-01
 9.700585E-02
 7.979103E-02
 4.218848E-01
 3.357381E-01
 2.700093E-01
 2.228988E-01
 1.884266E-01
 1.623612E-01
 1.420429E-01
 1.257932E-01
 1.125196E-01
 9.747111E-02
 8.015382E-02
 4.263882E-01
 3.384511E-01
 2.714485E-01
 2.237197E-01
 1.889605E-01
 1.627528E-01
 1.423551E-01
 1.260540E-01
 1.127428E-01
 9.765367E-02
 8.028974E-02
 4.375483E-01
 3.429055E-01
 2.732153E-01
 2.244526E-01
 1.892522E-01
 1.628372E-01
 1.423367E-01
 1.259849E-01
 1.126506E-01
 9.755350E-02
 8.019854E-02
 4.353036E-01
 3.429346E-01
 2.734508E-01
 2.244531E-01
 1.890378E-01
 1.624888E-01
 1.419212E-01
 1.255480E-01
 1.122206E-01
 9.715934E-02
 7.987635E-02
 4.315999E-01
 3.409455E-01
 2.723235E-01
 2.235531E-01
 1.881485E-01
 1.615819E-01
 1.410219E-01
 1.246856E-01
 1.114153E-01
 9.645149E-02
 7.931661E-02
 1.0E-20
 3.390247E-01
 2.705114E-01
 2.218217E-01
 1.864804E-01
 1.599943E-01
 1.395403E-01
 1.233278E-01
 1.101885E-01
 9.540556E-02
 7.851180E-02
 4.279142E-01
 3.366628E-01
 2.677882E-01
 2.190354E-01
 1.838242E-01
 1.575601E-01
 1.373585E-01
 1.213965E-01
 1.084905E-01
 9.399693E-02
 7.745553E-02
 4.243897E-01
 3.322613E-01
 2.630733E-01
 2.145351E-01
 1.797898E-01
 1.540498E-01
 1.343415E-01
 1.188127E-01
 1.062764E-01
 9.220625E-02
 7.614503E-02
 4.147489E-01
 3.225828E-01
 2.544625E-01
 2.073297E-01
 1.738837E-01
 1.492188E-01
 1.303678E-01
 1.155165E-01
 1.035177E-01
 9.002581E-02
 7.458361E-02
 3.872454E-01
 3.020129E-01
 2.396465E-01
 1.964939E-01
 1.657344E-01
 1.429205E-01
 1.253838E-01
 1.114938E-01
 1.002169E-01
 8.746585E-02
 7.278271E-02
 1.0E-20
 2.672339E-01
 2.179240E-01
 1.819472E-01
 1.553975E-01
 1.352301E-01
 1.194573E-01
 1.068001E-01
 9.641817E-02
 8.455873E-02
 7.076295E-02
 1.0E-20
 2.181321E-01
 1.871156E-01
 1.614935E-01
 1.410350E-01
 1.246661E-01
 1.113956E-01
 1.004659E-01
 9.132430E-02
 8.068607E-02
 6.808908E-02
 1.544341E-01
 1.451337E-01
 1.338575E-01
 1.224618E-01
 1.118477E-01
 1.023171E-01
 9.388813E-02
 8.646758E-02
 7.993039E-02
 7.192857E-02
 6.197459E-02
 1.0E-20
 1.625066E-01
 1.476253E-01
 1.332494E-01
 1.203470E-01
 1.090940E-01
 9.936595E-02
 9.095518E-02
 8.365288E-02
 7.484610E-02
 6.405432E-02
 1.0E-20
 2.643185E-01
 2.163848E-01
 1.810051E-01
 1.547338E-01
 1.347116E-01
 1.190263E-01
 1.064303E-01
 9.609657E-02
 8.429260E-02
 7.056348E-02
 4.985646E-01
 3.444580E-01
 2.590932E-01
 2.069066E-01
 1.719454E-01
 1.469191E-01
 1.281099E-01
 1.134393E-01
 1.016590E-01
 8.846851E-02
 7.341089E-02
 6.478344E-01
 4.021862E-01
 2.890326E-01
 2.251591E-01
 1.842198E-01
 1.557321E-01
 1.347399E-01
 1.186031E-01
 1.057890E-01
 9.159512E-02
 7.556054E-02
 6.880200E-01
 4.308247E-01
 3.079969E-01
 2.382171E-01
 1.936461E-01
 1.628173E-01
 1.402419E-01
 1.229876E-01
 1.093553E-01
 9.433964E-02
 7.747665E-02
 6.955308E-01
 4.412613E-01
 3.177572E-01
 2.463157E-01
 2.001783E-01
 1.680920E-01
 1.445431E-01
 1.265357E-01
 1.123141E-01
 9.667048E-02
 7.913898E-02
 1.0E-20
 4.448952E-01
 3.222821E-01
 2.508630E-01
 2.043490E-01
 1.717693E-01
 1.477312E-01
 1.292813E-01
 1.146748E-01
 9.858341E-02
 8.053798E-02
 6.977447E-01
 4.460516E-01
 3.241712E-01
 2.532057E-01
 2.068418E-01
 1.742018E-01
 1.499903E-01
 1.313209E-01
 1.164868E-01
 1.000958E-01
 8.167307E-02
 1.0E-20
 4.458035E-01
 3.245737E-01
 2.542421E-01
 2.082533E-01
 1.757546E-01
 1.515353E-01
 1.327779E-01
 1.178197E-01
 1.012377E-01
 8.254973E-02
 1.0E-20
 4.436547E-01
 3.240086E-01
 2.546247E-01
 2.090755E-01
 1.767483E-01
 1.525637E-01
 1.337710E-01
 1.187434E-01
 1.020416E-01
 8.317596E-02
 6.783289E-01
 4.397522E-01
 3.236845E-01
 2.550913E-01
 2.097182E-01
 1.774213E-01
 1.532197E-01
 1.343886E-01
 1.193117E-01
 1.025340E-01
 8.355907E-02
 6.796188E-01
 4.444020E-01
 3.258783E-01
 2.561904E-01
 2.103683E-01
 1.778702E-01
 1.535655E-01
 1.346722E-01
 1.195520E-01
 1.027290E-01
 8.370322E-02
 7.272493E-01
 4.548043E-01
 3.290082E-01
 2.573415E-01
 2.108164E-01
 1.780196E-01
 1.535747E-01
 1.346137E-01
 1.194623E-01
 1.026266E-01
 8.360819E-02
 7.068566E-01
 4.531500E-01
 3.293083E-01
 2.574809E-01
 2.106799E-01
 1.777024E-01
 1.531632E-01
 1.341666E-01
 1.190155E-01
 1.022135E-01
 8.326947E-02
 6.998972E-01
 4.494658E-01
 3.277352E-01
 2.564927E-01
 2.097670E-01
 1.767697E-01
 1.522282E-01
 1.332627E-01
 1.181677E-01
 1.014666E-01
 8.267926E-02
 1.0E-20
 4.473838E-01
 3.257566E-01
 2.546503E-01
 2.080049E-01
 1.750899E-01
 1.506565E-01
 1.318203E-01
 1.168642E-01
 1.003568E-01
 8.182843E-02
 6.975231E-01
 4.454164E-01
 3.230569E-01
 2.517228E-01
 2.051607E-01
 1.724703E-01
 1.483087E-01
 1.297464E-01
 1.150461E-01
 9.885468E-02
 8.070895E-02
 6.956094E-01
 4.414883E-01
 3.181534E-01
 2.468275E-01
 2.007287E-01
 1.686207E-01
 1.450174E-01
 1.269442E-01
 1.126581E-01
 9.693621E-02
 7.931668E-02
 6.880549E-01
 4.309378E-01
 3.082192E-01
 2.385378E-01
 1.940260E-01
 1.632141E-01
 1.406236E-01
 1.233362E-01
 1.096633E-01
 9.459025E-02
 7.765422E-02
 6.478543E-01
 4.022558E-01
 2.891768E-01
 2.253788E-01
 1.844955E-01
 1.560366E-01
 1.350485E-01
 1.188981E-01
 1.060602E-01
 9.182618E-02
 7.573325E-02
 4.985871E-01
 3.445171E-01
 2.592055E-01
 2.070748E-01
 1.721595E-01
 1.471620E-01
 1.283640E-01
 1.136902E-01
 1.018970E-01
 8.867906E-02
 7.357587E-02
 1.0E-20
 2.643851E-01
 2.164871E-01
 1.811456E-01
 1.549073E-01
 1.349084E-01
 1.192353E-01
 1.066412E-01
 9.630147E-02
 8.448012E-02
 7.071740E-02
 1.0E-20
 1.625955E-01
 1.477306E-01
 1.333722E-01
 1.204853E-01
 1.092442E-01
 9.952332E-02
 9.111502E-02
 8.381102E-02
 7.499611E-02
 6.418518E-02
 1.0E-20
 1.747664E-01
 1.574633E-01
 1.410712E-01
 1.266042E-01
 1.141587E-01
 1.035184E-01
 9.440174E-02
 8.654548E-02
 7.714479E-02
 6.571895E-02
 1.0E-20
 2.956181E-01
 2.365193E-01
 1.947171E-01
 1.645766E-01
 1.420830E-01
 1.247341E-01
 1.109678E-01
 9.978017E-02
 8.712162E-02
 7.253730E-02
 6.216377E-01
 3.964874E-01
 2.870239E-01
 2.242452E-01
 1.837376E-01
 1.554505E-01
 1.345615E-01
 1.184817E-01
 1.057009E-01
 9.153372E-02
 7.552055E-02
 8.498611E-01
 4.694914E-01
 3.223045E-01
 2.449660E-01
 1.973517E-01
 1.650713E-01
 1.417164E-01
 1.240062E-01
 1.100897E-01
 9.483317E-02
 7.777118E-02
 8.964701E-01
 5.031685E-01
 3.439700E-01
 2.595442E-01
 2.076994E-01
 1.727523E-01
 1.476246E-01
 1.286798E-01
 1.138692E-01
 9.772399E-02
 7.977525E-02
 9.030369E-01
 5.142221E-01
 3.545988E-01
 2.683538E-01
 2.147573E-01
 1.784109E-01
 1.522100E-01
 1.324424E-01
 1.169930E-01
 1.001730E-01
 8.151164E-02
 9.043639E-01
 5.177355E-01
 3.592791E-01
 2.731486E-01
 2.191744E-01
 1.823037E-01
 1.555779E-01
 1.353356E-01
 1.194744E-01
 1.021772E-01
 8.297081E-02
 9.046415E-01
 5.187506E-01
 3.611145E-01
 2.755235E-01
 2.217500E-01
 1.848382E-01
 1.579398E-01
 1.374700E-01
 1.213699E-01
 1.037571E-01
 8.415300E-02
 9.042876E-01
 5.183421E-01
 3.613571E-01
 2.764862E-01
 2.231594E-01
 1.864286E-01
 1.595390E-01
 1.389850E-01
 1.227583E-01
 1.049468E-01
 8.506487E-02
 9.013383E-01
 5.155951E-01
 3.604595E-01
 2.767445E-01
 2.239533E-01
 1.874353E-01
 1.605975E-01
 1.400139E-01
 1.237180E-01
 1.057830E-01
 8.571571E-02
 8.780965E-01
 5.097383E-01
 3.597857E-01
 2.771609E-01
 2.246032E-01
 1.881285E-01
 1.612771E-01
 1.406554E-01
 1.243091E-01
 1.062952E-01
 8.611387E-02
 8.701001E-01
 5.154913E-01
 3.624648E-01
 2.784443E-01
 2.253322E-01
 1.886173E-01
 1.616467E-01
 1.409554E-01
 1.245617E-01
 1.064993E-01
 8.626409E-02
 9.519651E-01
 5.300776E-01
 3.664933E-01
 2.798680E-01
 2.258826E-01
 1.888096E-01
 1.616741E-01
 1.409038E-01
 1.244734E-01
 1.063952E-01
 8.616622E-02
 9.145288E-01
 5.270016E-01
 3.667895E-01
 2.800850E-01
 2.257917E-01
 1.885099E-01
 1.612634E-01
 1.404483E-01
 1.240140E-01
 1.059681E-01
 8.581523E-02
 9.064118E-01
 5.222515E-01
 3.649000E-01
 2.790217E-01
 2.248537E-01
 1.875544E-01
 1.603005E-01
 1.395133E-01
 1.231348E-01
 1.051923E-01
 8.520244E-02
 1.0E-20
 5.200464E-01
 3.627875E-01
 2.770881E-01
 2.230179E-01
 1.858055E-01
 1.586625E-01
 1.380092E-01
 1.217754E-01
 1.040358E-01
 8.431754E-02
 9.045024E-01
 5.182081E-01
 3.600555E-01
 2.740460E-01
 2.200362E-01
 1.830527E-01
 1.561958E-01
 1.358326E-01
 1.198702E-01
 1.024653E-01
 8.315128E-02
 9.030864E-01
 5.144170E-01
 3.549790E-01
 2.688708E-01
 2.153276E-01
 1.789657E-01
 1.527106E-01
 1.328745E-01
 1.173570E-01
 1.004537E-01
 8.169853E-02
 8.964910E-01
 5.032613E-01
 3.441760E-01
 2.598596E-01
 2.080851E-01
 1.731622E-01
 1.480226E-01
 1.290450E-01
 1.141925E-01
 9.798717E-02
 7.996132E-02
 8.498723E-01
 4.695469E-01
 3.224352E-01
 2.451781E-01
 1.976274E-01
 1.653819E-01
 1.420348E-01
 1.243126E-01
 1.103725E-01
 9.507452E-02
 7.795150E-02
 6.216521E-01
 3.965354E-01
 2.871254E-01
 2.244064E-01
 1.839497E-01
 1.556961E-01
 1.348217E-01
 1.187406E-01
 1.059475E-01
 9.175258E-02
 7.569221E-02
 1.0E-20
 2.956756E-01
 2.366136E-01
 1.948521E-01
 1.647480E-01
 1.422809E-01
 1.249467E-01
 1.111840E-01
 9.999132E-02
 8.731559E-02
 7.269684E-02
 1.0E-20
 1.748500E-01
 1.575646E-01
 1.411914E-01
 1.267417E-01
 1.143096E-01
 1.036779E-01
 9.456467E-02
 8.670737E-02
 7.729891E-02
 6.585378E-02
 2.002811E-01
 1.837230E-01
 1.649819E-01
 1.472827E-01
 1.317264E-01
 1.184030E-01
 1.070616E-01
 9.738359E-02
 8.907479E-02
 7.917634E-02
 6.720511E-02
 3.963124E-01
 3.137594E-01
 2.500043E-01
 2.047761E-01
 1.722383E-01
 1.480575E-01
 1.294942E-01
 1.148311E-01
 1.029647E-01
 8.960375E-02
 7.429313E-02
 6.536034E-01
 4.213446E-01
 3.043045E-01
 2.364712E-01
 1.927118E-01
 1.622684E-01
 1.398920E-01
 1.227473E-01
 1.091793E-01
 9.421518E-02
 7.739440E-02
 8.852861E-01
 4.987133E-01
 3.421100E-01
 2.586546E-01
 2.072257E-01
 1.724763E-01
 1.474493E-01
 1.285592E-01
 1.137802E-01
 9.766042E-02
 7.973269E-02
 9.351481E-01
 5.346027E-01
 3.652352E-01
 2.741861E-01
 2.182102E-01
 1.805973E-01
 1.536720E-01
 1.334646E-01
 1.177352E-01
 1.006749E-01
 8.181314E-02
 9.425155E-01
 5.464151E-01
 3.765016E-01
 2.835013E-01
 2.256550E-01
 1.865497E-01
 1.584823E-01
 1.374016E-01
 1.209961E-01
 1.032242E-01
 8.361389E-02
 9.440089E-01
 5.501353E-01
 3.814048E-01
 2.885183E-01
 2.302746E-01
 1.906173E-01
 1.619973E-01
 1.404171E-01
 1.235787E-01
 1.053063E-01
 8.512549E-02
 9.443137E-01
 5.511848E-01
 3.832889E-01
 2.909645E-01
 2.329374E-01
 1.932441E-01
 1.644479E-01
 1.426323E-01
 1.255456E-01
 1.069443E-01
 8.634880E-02
 9.439046E-01
 5.507152E-01
 3.834886E-01
 2.919195E-01
 2.343706E-01
 1.948770E-01
 1.660975E-01
 1.441986E-01
 1.269822E-01
 1.081754E-01
 8.729148E-02
 9.406228E-01
 5.477471E-01
 3.824738E-01
 2.921361E-01
 2.351648E-01
 1.959045E-01
 1.671856E-01
 1.452597E-01
 1.279735E-01
 1.090398E-01
 8.796389E-02
 9.166280E-01
 5.415950E-01
 3.817171E-01
 2.925472E-01
 2.358300E-01
 1.966181E-01
 1.678868E-01
 1.459223E-01
 1.285845E-01
 1.095693E-01
 8.837523E-02
 9.104365E-01
 5.477575E-01
 3.846020E-01
 2.939296E-01
 2.366091E-01
 1.971354E-01
 1.682748E-01
 1.462356E-01
 1.288475E-01
 1.097812E-01
 8.853074E-02
 9.919669E-01
 5.630652E-01
 3.889529E-01
 2.954865E-01
 2.372179E-01
 1.973542E-01
 1.683138E-01
 1.461882E-01
 1.287596E-01
 1.096753E-01
 8.843032E-02
 9.550521E-01
 5.599557E-01
 3.892871E-01
 2.957439E-01
 2.371490E-01
 1.970609E-01
 1.678994E-01
 1.457234E-01
 1.282884E-01
 1.092358E-01
 8.806852E-02
 9.463058E-01
 5.549105E-01
 3.872743E-01
 2.946337E-01
 2.361848E-01
 1.960807E-01
 1.669096E-01
 1.447603E-01
 1.273813E-01
 1.084347E-01
 8.743589E-02
 9.448476E-01
 5.525617E-01
 3.850547E-01
 2.926198E-01
 2.342815E-01
 1.942698E-01
 1.652136E-01
 1.432027E-01
 1.259737E-01
 1.072376E-01
 8.652118E-02
 9.441626E-01
 5.506297E-01
 3.822120E-01
 2.894550E-01
 2.311778E-01
 1.914044E-01
 1.626471E-01
 1.409398E-01
 1.239947E-01
 1.056086E-01
 8.531412E-02
 9.425695E-01
 5.466156E-01
 3.768906E-01
 2.840337E-01
 2.262460E-01
 1.871272E-01
 1.590048E-01
 1.378532E-01
 1.213766E-01
 1.035175E-01
 8.380874E-02
 9.351705E-01
 5.346966E-01
 3.654430E-01
 2.745066E-01
 2.186056E-01
 1.810202E-01
 1.540845E-01
 1.338441E-01
 1.180715E-01
 1.009488E-01
 8.200659E-02
 8.852981E-01
 4.987687E-01
 3.422401E-01
 2.588680E-01
 2.075058E-01
 1.727943E-01
 1.477771E-01
 1.288758E-01
 1.140731E-01
 9.791067E-02
 7.991966E-02
 6.536181E-01
 4.213918E-01
 3.044047E-01
 2.366322E-01
 1.929259E-01
 1.625184E-01
 1.401584E-01
 1.230135E-01
 1.094336E-01
 9.444133E-02
 7.757193E-02
 3.963437E-01
 3.138155E-01
 2.500971E-01
 2.049103E-01
 1.724105E-01
 1.482580E-01
 1.297109E-01
 1.150525E-01
 1.031815E-01
 8.980346E-02
 7.445764E-02
 2.003497E-01
 1.838050E-01
 1.650821E-01
 1.474025E-01
 1.318644E-01
 1.185554E-01
 1.072234E-01
 9.754955E-02
 8.924015E-02
 7.933418E-02
 6.734348E-02
 1.0E-20
 1.895606E-01
 1.702125E-01
 1.518529E-01
 1.356656E-01
 1.217797E-01
 1.099541E-01
 9.986595E-02
 9.121188E-02
 8.091828E-02
 6.849728E-02
 4.047629E-01
 3.223189E-01
 2.577569E-01
 2.113708E-01
 1.777177E-01
 1.525903E-01
 1.332580E-01
 1.179773E-01
 1.056143E-01
 9.171157E-02
 7.581254E-02
 6.601305E-01
 4.305072E-01
 3.131821E-01
 2.440366E-01
 1.989221E-01
 1.673377E-01
 1.440518E-01
 1.261905E-01
 1.120556E-01
 9.648343E-02
 7.901278E-02
 8.905158E-01
 5.082443E-01
 3.517350E-01
 2.668783E-01
 2.139396E-01
 1.779202E-01
 1.518893E-01
 1.322150E-01
 1.168205E-01
 1.000460E-01
 8.142455E-02
 9.410216E-01
 5.447855E-01
 3.754500E-01
 2.828951E-01
 2.253027E-01
 1.863317E-01
 1.583354E-01
 1.372940E-01
 1.209120E-01
 1.031605E-01
 8.356909E-02
 9.487695E-01
 5.570692E-01
 3.871054E-01
 2.925263E-01
 2.330035E-01
 1.924901E-01
 1.633112E-01
 1.413643E-01
 1.242812E-01
 1.057915E-01
 8.542401E-02
 9.503929E-01
 5.610083E-01
 3.922158E-01
 2.977234E-01
 2.377790E-01
 1.966919E-01
 1.669405E-01
 1.444767E-01
 1.269454E-01
 1.079377E-01
 8.697987E-02
 9.507322E-01
 5.621345E-01
 3.941895E-01
 3.002584E-01
 2.405272E-01
 1.993992E-01
 1.694654E-01
 1.467586E-01
 1.289712E-01
 1.096240E-01
 8.823803E-02
 9.503037E-01
 5.616649E-01
 3.944143E-01
 3.012495E-01
 2.420026E-01
 2.010777E-01
 1.711610E-01
 1.483690E-01
 1.304486E-01
 1.108902E-01
 8.920693E-02
 9.469416E-01
 5.586806E-01
 3.934090E-01
 3.014821E-01
 2.428192E-01
 2.021321E-01
 1.722778E-01
 1.494588E-01
 1.314671E-01
 1.117784E-01
 8.989774E-02
 9.231445E-01
 5.526855E-01
 3.926959E-01
 3.019157E-01
 2.435047E-01
 2.028657E-01
 1.729983E-01
 1.501396E-01
 1.320949E-01
 1.123226E-01
 9.032033E-02
 9.174020E-01
 5.588891E-01
 3.956174E-01
 3.033319E-01
 2.443087E-01
 2.034006E-01
 1.733993E-01
 1.504631E-01
 1.323661E-01
 1.125409E-01
 9.048033E-02
 9.979961E-01
 5.739977E-01
 3.999816E-01
 3.049202E-01
 2.449383E-01
 2.036305E-01
 1.734434E-01
 1.504171E-01
 1.322777E-01
 1.124332E-01
 9.037764E-02
 9.616607E-01
 5.710649E-01
 4.003503E-01
 3.051884E-01
 2.448719E-01
 2.033339E-01
 1.730215E-01
 1.499423E-01
 1.317954E-01
 1.119826E-01
 9.000652E-02
 9.528521E-01
 5.660302E-01
 3.983221E-01
 3.040532E-01
 2.438823E-01
 2.023282E-01
 1.720060E-01
 1.489540E-01
 1.308642E-01
 1.111600E-01
 8.935693E-02
 9.513161E-01
 5.635951E-01
 3.960306E-01
 3.019751E-01
 2.419207E-01
 2.004637E-01
 1.702608E-01
 1.473515E-01
 1.294162E-01
 1.099288E-01
 8.841685E-02
 9.505638E-01
 5.615385E-01
 3.930620E-01
 2.986964E-01
 2.387148E-01
 1.975073E-01
 1.676142E-01
 1.450188E-01
 1.273769E-01
 1.082512E-01
 8.717526E-02
 9.488298E-01
 5.572852E-01
 3.875139E-01
 2.930790E-01
 2.336146E-01
 1.930869E-01
 1.638513E-01
 1.418315E-01
 1.246748E-01
 1.060950E-01
 8.562549E-02
 9.410467E-01
 5.448867E-01
 3.756679E-01
 2.832271E-01
 2.257104E-01
 1.867673E-01
 1.587604E-01
 1.376852E-01
 1.212591E-01
 1.034433E-01
 8.376877E-02
 8.905291E-01
 5.083037E-01
 3.518709E-01
 2.670984E-01
 2.142273E-01
 1.782467E-01
 1.522260E-01
 1.325405E-01
 1.171219E-01
 1.003038E-01
 8.161717E-02
 6.601466E-01
 4.305573E-01
 3.132860E-01
 2.442018E-01
 1.991412E-01
 1.675934E-01
 1.443246E-01
 1.264635E-01
 1.123167E-01
 9.671583E-02
 7.919533E-02
 4.047960E-01
 3.223771E-01
 2.578520E-01
 2.115077E-01
 1.778931E-01
 1.527947E-01
 1.334792E-01
 1.182036E-01
 1.058363E-01
 9.191628E-02
 7.598134E-02
 2.066305E-01
 1.896436E-01
 1.703138E-01
 1.519741E-01
 1.358054E-01
 1.219343E-01
 1.101185E-01
 1.000349E-01
 9.138044E-02
 8.107943E-02
 6.863873E-02
 1.0E-20
 1.931251E-01
 1.736296E-01
 1.550262E-01
 1.385411E-01
 1.243432E-01
 1.122174E-01
 1.018536E-01
 9.295331E-02
 8.236253E-02
 6.958632E-02
 1.0E-20
 3.261506E-01
 2.618983E-01
 2.153957E-01
 1.813958E-01
 1.558455E-01
 1.360943E-01
 1.204322E-01
 1.077348E-01
 9.343963E-02
 7.708611E-02
 1.0E-20
 4.338651E-01
 3.174299E-01
 2.483734E-01
 2.029371E-01
 1.708928E-01
 1.471383E-01
 1.288493E-01
 1.143411E-01
 9.833466E-02
 8.036630E-02
 8.916566E-01
 5.114028E-01
 3.560895E-01
 2.714401E-01
 2.181924E-01
 1.816877E-01
 1.551543E-01
 1.350202E-01
 1.192255E-01
 1.019875E-01
 8.283741E-02
 9.422863E-01
 5.481003E-01
 3.799977E-01
 2.876659E-01
 2.297532E-01
 1.902727E-01
 1.617469E-01
 1.402211E-01
 1.234178E-01
 1.051792E-01
 8.503382E-02
 9.501592E-01
 5.605929E-01
 3.918527E-01
 2.974734E-01
 2.376086E-01
 1.965648E-01
 1.668369E-01
 1.443881E-01
 1.268683E-01
 1.078741E-01
 8.693272E-02
 9.518427E-01
 5.646625E-01
 3.971050E-01
 3.027977E-01
 2.424951E-01
 2.008636E-01
 1.705507E-01
 1.475736E-01
 1.295956E-01
 1.100710E-01
 8.852470E-02
 9.522041E-01
 5.658496E-01
 3.991597E-01
 3.054137E-01
 2.453172E-01
 2.036371E-01
 1.731349E-01
 1.499084E-01
 1.316681E-01
 1.117962E-01
 8.981145E-02
 1.0E-20
 5.654025E-01
 3.994295E-01
 3.064547E-01
 2.468398E-01
 2.053591E-01
 1.748706E-01
 1.515556E-01
 1.331789E-01
 1.130909E-01
 9.080197E-02
 9.484093E-01
 5.624500E-01
 3.984672E-01
 3.067237E-01
 2.476874E-01
 2.064417E-01
 1.760138E-01
 1.526699E-01
 1.342200E-01
 1.139988E-01
 9.150799E-02
 9.247105E-01
 5.565687E-01
 3.978056E-01
 3.071839E-01
 2.483931E-01
 2.071933E-01
 1.767508E-01
 1.533660E-01
 1.348618E-01
 1.145551E-01
 9.193988E-02
 9.190508E-01
 5.627446E-01
 4.007141E-01
 3.086043E-01
 2.492065E-01
 2.077378E-01
 1.771604E-01
 1.536968E-01
 1.351393E-01
 1.147784E-01
 9.210354E-02
 1.0E-20
 5.776875E-01
 4.050275E-01
 3.101825E-01
 2.498361E-01
 2.079690E-01
 1.772048E-01
 1.536501E-01
 1.350495E-01
 1.146688E-01
 9.199890E-02
 1.0E-20
 5.748325E-01
 4.054059E-01
 3.104446E-01
 2.497610E-01
 2.076629E-01
 1.767730E-01
 1.531653E-01
 1.345572E-01
 1.142089E-01
 9.161998E-02
 1.0E-20
 5.698333E-01
 4.033829E-01
 3.092924E-01
 2.487479E-01
 2.066332E-01
 1.757344E-01
 1.521551E-01
 1.336056E-01
 1.133684E-01
 9.095632E-02
 1.0E-20
 5.673578E-01
 4.010463E-01
 3.071660E-01
 2.467390E-01
 2.047247E-01
 1.739490E-01
 1.505162E-01
 1.321250E-01
 1.121095E-01
 8.999534E-02
 9.520235E-01
 5.652182E-01
 3.979818E-01
 3.037984E-01
 2.434542E-01
 2.016985E-01
 1.712408E-01
 1.481294E-01
 1.300383E-01
 1.103930E-01
 8.872545E-02
 9.502239E-01
 5.608217E-01
 3.922796E-01
 2.980449E-01
 2.382369E-01
 1.971769E-01
 1.673905E-01
 1.448670E-01
 1.272720E-01
 1.081854E-01
 8.713953E-02
 9.423134E-01
 5.482084E-01
 3.802266E-01
 2.880104E-01
 2.301731E-01
 1.907197E-01
 1.621825E-01
 1.406219E-01
 1.237734E-01
 1.054691E-01
 8.523856E-02
 8.916711E-01
 5.114665E-01
 3.562325E-01
 2.716687E-01
 2.184887E-01
 1.820226E-01
 1.554990E-01
 1.353534E-01
 1.195340E-01
 1.022514E-01
 8.303468E-02
 6.618485E-01
 4.339185E-01
 3.175389E-01
 2.485446E-01
 2.031624E-01
 1.711548E-01
 1.474173E-01
 1.291283E-01
 1.146079E-01
 9.857228E-02
 8.055301E-02
 4.079098E-01
 3.262119E-01
 2.619973E-01
 2.155369E-01
 1.815756E-01
 1.560544E-01
 1.363201E-01
 1.206631E-01
 1.079613E-01
 9.364861E-02
 7.725852E-02
 2.102413E-01
 1.932103E-01
 1.737331E-01
 1.551498E-01
 1.386833E-01
 1.245005E-01
 1.123845E-01
 1.020254E-01
 9.312477E-02
 8.252656E-02
 6.973040E-02
 2.122086E-01
 1.952417E-01
 1.757811E-01
 1.571397E-01
 1.405508E-01
 1.262067E-01
 1.139142E-01
 1.033798E-01
 9.431512E-02
 8.351266E-02
 7.046864E-02
 4.091349E-01
 3.279138E-01
 2.640754E-01
 2.177650E-01
 1.837600E-01
 1.580805E-01
 1.381393E-01
 1.222669E-01
 1.093621E-01
 9.479970E-02
 7.811208E-02
 6.623923E-01
 4.352054E-01
 3.194679E-01
 2.507831E-01
 2.054243E-01
 1.732757E-01
 1.493281E-01
 1.308146E-01
 1.160817E-01
 9.978482E-02
 8.145415E-02
 8.919954E-01
 5.125736E-01
 3.580802E-01
 2.738968E-01
 2.207733E-01
 1.841783E-01
 1.574487E-01
 1.370802E-01
 1.210487E-01
 1.035038E-01
 8.397122E-02
 9.426528E-01
 5.493023E-01
 3.820401E-01
 2.902003E-01
 2.324268E-01
 1.928584E-01
 1.641311E-01
 1.423618E-01
 1.253115E-01
 1.067525E-01
 8.620789E-02
 9.505676E-01
 5.618796E-01
 3.939882E-01
 3.000986E-01
 2.403690E-01
 1.992320E-01
 1.692955E-01
 1.465951E-01
 1.288202E-01
 1.094951E-01
 8.814107E-02
 9.522767E-01
 5.660151E-01
 3.993234E-01
 3.055037E-01
 2.453291E-01
 2.035968E-01
 1.730684E-01
 1.498333E-01
 1.315940E-01
 1.117306E-01
 8.976134E-02
 9.526504E-01
 5.672403E-01
 4.014353E-01
 3.081806E-01
 2.482079E-01
 2.064210E-01
 1.756976E-01
 1.522081E-01
 1.337022E-01
 1.134857E-01
 9.107064E-02
 9.522272E-01
 5.668147E-01
 4.017444E-01
 3.092662E-01
 2.497721E-01
 2.081798E-01
 1.774659E-01
 1.538845E-01
 1.352392E-01
 1.148027E-01
 9.207828E-02
 9.488642E-01
 5.638891E-01
 4.008199E-01
 3.095699E-01
 2.506491E-01
 2.092876E-01
 1.786314E-01
 1.550188E-01
 1.362984E-01
 1.157263E-01
 9.279641E-02
 9.252028E-01
 5.580630E-01
 4.001919E-01
 3.100512E-01
 2.513715E-01
 2.100540E-01
 1.793819E-01
 1.557271E-01
 1.369512E-01
 1.162920E-01
 9.323571E-02
 9.195630E-01
 5.642168E-01
 4.030841E-01
 3.114675E-01
 2.521874E-01
 2.106035E-01
 1.797968E-01
 1.560630E-01
 1.372333E-01
 1.165193E-01
 9.340225E-02
 9.997533E-01
 5.790760E-01
 4.073551E-01
 3.130276E-01
 2.528094E-01
 2.108311E-01
 1.798390E-01
 1.560145E-01
 1.371417E-01
 1.164079E-01
 9.329598E-02
 9.636317E-01
 5.762475E-01
 4.077308E-01
 3.132780E-01
 2.527220E-01
 2.105137E-01
 1.793970E-01
 1.555203E-01
 1.366407E-01
 1.159402E-01
 9.291077E-02
 9.548377E-01
 5.712658E-01
 4.057094E-01
 3.121116E-01
 2.516886E-01
 2.094631E-01
 1.783388E-01
 1.544922E-01
 1.356728E-01
 1.150855E-01
 9.223586E-02
 9.532667E-01
 5.687704E-01
 4.033444E-01
 3.099507E-01
 2.496439E-01
 2.075206E-01
 1.765223E-01
 1.528251E-01
 1.341667E-01
 1.138050E-01
 9.125832E-02
 9.524625E-01
 5.665851E-01
 4.002192E-01
 3.065223E-01
 2.463032E-01
 2.044442E-01
 1.737691E-01
 1.503981E-01
 1.320445E-01
 1.120586E-01
 8.996617E-02
 9.506349E-01
 5.621168E-01
 3.944283E-01
 3.006843E-01
 2.410103E-01
 1.998552E-01
 1.698587E-01
 1.470824E-01
 1.292313E-01
 1.098123E-01
 8.835198E-02
 9.426812E-01
 5.494153E-01
 3.822777E-01
 2.905553E-01
 2.328570E-01
 1.933147E-01
 1.645750E-01
 1.427699E-01
 1.256736E-01
 1.070478E-01
 8.641657E-02
 8.920107E-01
 5.126406E-01
 3.582294E-01
 2.741330E-01
 2.210776E-01
 1.845206E-01
 1.578003E-01
 1.374196E-01
 1.213627E-01
 1.037725E-01
 8.417216E-02
 6.624109E-01
 4.352616E-01
 3.195816E-01
 2.509601E-01
 2.056556E-01
 1.735436E-01
 1.496126E-01
 1.310987E-01
 1.163533E-01
 1.000266E-01
 8.164421E-02
 4.091722E-01
 3.279781E-01
 2.641783E-01
 2.179106E-01
 1.839444E-01
 1.582938E-01
 1.383693E-01
 1.225018E-01
 1.095924E-01
 9.501217E-02
 7.828741E-02
 2.122829E-01
 1.953296E-01
 1.758873E-01
 1.572660E-01
 1.406958E-01
 1.263665E-01
 1.140839E-01
 1.035542E-01
 9.448909E-02
 8.367909E-02
 7.061488E-02
 1.0E-20
 1.964803E-01
 1.770991E-01
 1.584955E-01
 1.418949E-01
 1.274973E-01
 1.151230E-01
 1.044915E-01
 9.532419E-02
 8.437962E-02
 7.114467E-02
 1.0E-20
 3.287636E-01
 2.652272E-01
 2.191322E-01
 1.852273E-01
 1.595497E-01
 1.395439E-01
 1.235697E-01
 1.105466E-01
 9.581360E-02
 7.889396E-02
 1.0E-20
 4.357909E-01
 3.204731E-01
 2.521084E-01
 2.069185E-01
 1.748079E-01
 1.508099E-01
 1.321958E-01
 1.173397E-01
 1.008611E-01
 8.228139E-02
 1.0E-20
 5.130588E-01
 3.590253E-01
 2.752123E-01
 2.222954E-01
 1.857594E-01
 1.589876E-01
 1.385189E-01
 1.223604E-01
 1.046259E-01
 8.483216E-02
 9.427837E-01
 5.497900E-01
 3.829933E-01
 2.915398E-01
 2.339880E-01
 1.944879E-01
 1.657215E-01
 1.438508E-01
 1.266699E-01
 1.079145E-01
 8.709843E-02
 1.0E-20
 5.624021E-01
 3.949836E-01
 3.014826E-01
 2.419766E-01
 2.009083E-01
 1.709317E-01
 1.481274E-01
 1.302182E-01
 1.106908E-01
 8.905692E-02
 1.0E-20
 5.665694E-01
 4.003636E-01
 3.069352E-01
 2.469823E-01
 2.053157E-01
 1.747438E-01
 1.514014E-01
 1.330244E-01
 1.129540E-01
 9.069820E-02
 9.528143E-01
 5.678163E-01
 4.025110E-01
 3.096529E-01
 2.499004E-01
 2.081756E-01
 1.774050E-01
 1.538049E-01
 1.351584E-01
 1.147311E-01
 9.202433E-02
 1.0E-20
 5.674053E-01
 4.028475E-01
 3.107711E-01
 2.514961E-01
 2.099625E-01
 1.791980E-01
 1.555030E-01
 1.367148E-01
 1.160648E-01
 9.304484E-02
 9.490349E-01
 5.644962E-01
 4.019484E-01
 3.111006E-01
 2.523960E-01
 2.110902E-01
 1.803807E-01
 1.566526E-01
 1.377876E-01
 1.170000E-01
 9.377210E-02
 9.253887E-01
 5.586960E-01
 4.013397E-01
 3.115963E-01
 2.531307E-01
 2.118677E-01
 1.811413E-01
 1.573701E-01
 1.384486E-01
 1.175728E-01
 9.421697E-02
 9.197551E-01
 5.648376E-01
 4.042210E-01
 3.130080E-01
 2.539468E-01
 2.124196E-01
 1.815595E-01
 1.577094E-01
 1.387340E-01
 1.178028E-01
 9.438565E-02
 9.999049E-01
 5.796568E-01
 4.084657E-01
 3.145533E-01
 2.545606E-01
 2.126424E-01
 1.815987E-01
 1.576587E-01
 1.386406E-01
 1.176900E-01
 9.427810E-02
 9.638012E-01
 5.768369E-01
 4.088360E-01
 3.147927E-01
 2.544617E-01
 2.123148E-01
 1.811478E-01
 1.571567E-01
 1.381327E-01
 1.172163E-01
 9.388809E-02
 9.550095E-01
 5.718617E-01
 4.068126E-01
 3.136147E-01
 2.534125E-01
 2.112479E-01
 1.800743E-01
 1.561147E-01
 1.371523E-01
 1.163508E-01
 9.320468E-02
 1.0E-20
 5.693556E-01
 4.044301E-01
 3.114307E-01
 2.513425E-01
 2.092808E-01
 1.782350E-01
 1.544270E-01
 1.356276E-01
 1.150543E-01
 9.221471E-02
 9.526223E-01
 5.671466E-01
 4.012699E-01
 3.079642E-01
 2.479651E-01
 2.061705E-01
 1.754509E-01
 1.519719E-01
 1.334800E-01
 1.132862E-01
 9.090596E-02
 9.507826E-01
 5.626440E-01
 3.954317E-01
 3.020777E-01
 2.426266E-01
 2.015392E-01
 1.715014E-01
 1.486203E-01
 1.306342E-01
 1.110122E-01
 8.927082E-02
 9.428129E-01
 5.499061E-01
 3.832368E-01
 2.919022E-01
 2.344258E-01
 1.949510E-01
 1.661713E-01
 1.442643E-01
 1.270367E-01
 1.082137E-01
 8.731003E-02
 8.921352E-01
 5.131279E-01
 3.591788E-01
 2.754544E-01
 2.226058E-01
 1.861075E-01
 1.593444E-01
 1.388629E-01
 1.226786E-01
 1.048982E-01
 8.503585E-02
 6.626313E-01
 4.358492E-01
 3.205905E-01
 2.522901E-01
 2.071549E-01
 1.750806E-01
 1.510988E-01
 1.324840E-01
 1.176149E-01
 1.011061E-01
 8.247398E-02
 4.097337E-01
 3.288302E-01
 2.653332E-01
 2.192816E-01
 1.854156E-01
 1.597668E-01
 1.397775E-01
 1.238079E-01
 1.107799E-01
 9.602878E-02
 7.907153E-02
 1.0E-20
 1.965706E-01
 1.772079E-01
 1.586244E-01
 1.420423E-01
 1.276595E-01
 1.152950E-01
 1.046680E-01
 9.550021E-02
 8.454796E-02
 7.129259E-02
 1.0E-20
 1.971813E-01
 1.778699E-01
 1.593164E-01
 1.427352E-01
 1.283268E-01
 1.159180E-01
 1.052361E-01
 9.600979E-02
 8.497719E-02
 7.161708E-02
 1.0E-20
 3.291822E-01
 2.658309E-01
 2.198946E-01
 1.860913E-01
 1.604545E-01
 1.404402E-01
 1.244239E-01
 1.113394E-01
 9.650597E-02
 7.943788E-02
 1.0E-20
 4.360609E-01
 3.209743E-01
 2.528210E-01
 2.077760E-01
 1.757348E-01
 1.517436E-01
 1.330937E-01
 1.181765E-01
 1.015933E-01
 8.285582E-02
 1.0E-20
 5.132744E-01
 3.594833E-01
 2.759049E-01
 2.231558E-01
 1.867056E-01
 1.599500E-01
 1.394492E-01
 1.232298E-01
 1.053875E-01
 8.542927E-02
 9.428367E-01
 5.500031E-01
 3.834487E-01
 2.922372E-01
 2.348632E-01
 1.954570E-01
 1.667116E-01
 1.448103E-01
 1.275679E-01
 1.087018E-01
 8.771549E-02
 9.507733E-01
 5.626298E-01
 3.954577E-01
 3.022010E-01
 2.428751E-01
 2.019029E-01
 1.719481E-01
 1.491130E-01
 1.311411E-01
 1.115001E-01
 8.969111E-02
 9.524984E-01
 5.668124E-01
 4.008610E-01
 3.076799E-01
 2.479072E-01
 2.063357E-01
 1.757844E-01
 1.524097E-01
 1.339683E-01
 1.137817E-01
 9.134668E-02
 9.528817E-01
 5.680708E-01
 4.030286E-01
 3.104222E-01
 2.508501E-01
 2.092186E-01
 1.784664E-01
 1.548320E-01
 1.361193E-01
 1.155735E-01
 9.268432E-02
 1.0E-20
 5.676684E-01
 4.033817E-01
 3.115612E-01
 2.524666E-01
 2.110244E-01
 1.802761E-01
 1.565449E-01
 1.376888E-01
 1.169184E-01
 9.371368E-02
 9.491063E-01
 5.647684E-01
 4.024977E-01
 3.119072E-01
 2.533820E-01
 2.121657E-01
 1.814708E-01
 1.577050E-01
 1.387710E-01
 1.178616E-01
 9.444722E-02
 9.254667E-01
 5.589806E-01
 4.018996E-01
 3.124118E-01
 2.541248E-01
 2.129508E-01
 1.822382E-01
 1.584286E-01
 1.394377E-01
 1.184394E-01
 9.489593E-02
 9.198355E-01
 5.651161E-01
 4.047747E-01
 3.138204E-01
 2.549405E-01
 2.135038E-01
 1.826583E-01
 1.587700E-01
 1.397251E-01
 1.186712E-01
 9.506608E-02
 9.999679E-01
 5.799161E-01
 4.090047E-01
 3.153558E-01
 2.555481E-01
 2.137228E-01
 1.826949E-01
 1.587175E-01
 1.396303E-01
 1.185572E-01
 9.495761E-02
 9.638715E-01
 5.770990E-01
 4.093705E-01
 3.155873E-01
 2.554408E-01
 2.133874E-01
 1.822374E-01
 1.582099E-01
 1.391174E-01
 1.180793E-01
 9.456426E-02
 9.550805E-01
 5.721259E-01
 4.073446E-01
 3.144012E-01
 2.543805E-01
 2.123091E-01
 1.811533E-01
 1.571582E-01
 1.381283E-01
 1.172064E-01
 9.387498E-02
 9.535031E-01
 5.696139E-01
 4.049518E-01
 3.122029E-01
 2.522943E-01
 2.103258E-01
 1.792988E-01
 1.554567E-01
 1.365911E-01
 1.158990E-01
 9.287646E-02
 9.526875E-01
 5.673931E-01
 4.017726E-01
 3.087143E-01
 2.488947E-01
 2.071944E-01
 1.764950E-01
 1.529834E-01
 1.344269E-01
 1.141165E-01
 9.155638E-02
 9.508426E-01
 5.628743E-01
 3.959105E-01
 3.028017E-01
 2.435305E-01
 2.025384E-01
 1.725219E-01
 1.496094E-01
 1.315603E-01
 1.118242E-01
 8.990702E-02
 9.428664E-01
 5.501209E-01
 3.836958E-01
 2.926044E-01
 2.353059E-01
 1.959247E-01
 1.671654E-01
 1.452272E-01
 1.279378E-01
 1.090036E-01
 8.792907E-02
 8.921867E-01
 5.133449E-01
 3.596396E-01
 2.761509E-01
 2.234705E-01
 1.870578E-01
 1.603105E-01
 1.397964E-01
 1.235508E-01
 1.056622E-01
 8.563484E-02
 1.0E-20
 4.361205E-01
 3.210941E-01
 2.530060E-01
 2.080159E-01
 1.760109E-01
 1.520357E-01
 1.333847E-01
 1.184543E-01
 1.018405E-01
 8.305016E-02
 4.099970E-01
 3.292504E-01
 2.659393E-01
 2.200467E-01
 1.862825E-01
 1.606744E-01
 1.406764E-01
 1.246645E-01
 1.115749E-01
 9.672306E-02
 7.961701E-02
 1.0E-20
 1.972734E-01
 1.779806E-01
 1.594471E-01
 1.428845E-01
 1.284909E-01
 1.160917E-01
 1.054142E-01
 9.618730E-02
 8.514691E-02
 7.176619E-02
 2.143051E-01
 1.975315E-01
 1.782630E-01
 1.597445E-01
 1.431829E-01
 1.287773E-01
 1.163566E-01
 1.056522E-01
 9.639676E-02
 8.531792E-02
 7.188908E-02
 1.0E-20
 3.293736E-01
 2.661176E-01
 2.202709E-01
 1.865332E-01
 1.609315E-01
 1.409244E-01
 1.248941E-01
 1.117822E-01
 9.689814E-02
 7.975005E-02
 6.627472E-01
 4.361795E-01
 3.212048E-01
 2.531644E-01
 2.082070E-01
 1.762173E-01
 1.522436E-01
 1.335849E-01
 1.186419E-01
 1.020069E-01
 8.318507E-02
 8.921917E-01
 5.133669E-01
 3.596900E-01
 2.762340E-01
 2.235838E-01
 1.871946E-01
 1.604626E-01
 1.399562E-01
 1.237119E-01
 1.058169E-01
 8.577122E-02
 9.428583E-01
 5.500934E-01
 3.836522E-01
 2.925660E-01
 2.352959E-01
 1.959555E-01
 1.672370E-01
 1.453319E-01
 1.280650E-01
 1.091453E-01
 8.806864E-02
 9.507973E-01
 5.627261E-01
 3.956690E-01
 3.025388E-01
 2.433183E-01
 2.024134E-01
 1.724867E-01
 1.496481E-01
 1.316515E-01
 1.119556E-01
 9.005390E-02
 9.525245E-01
 5.669154E-01
 4.010830E-01
 3.080303E-01
 2.483636E-01
 2.068593E-01
 1.763357E-01
 1.529569E-01
 1.344900E-01
 1.142473E-01
 9.171755E-02
 9.529093E-01
 5.681792E-01
 4.032605E-01
 3.107852E-01
 2.513196E-01
 2.097546E-01
 1.790290E-01
 1.553896E-01
 1.366504E-01
 1.160474E-01
 9.306171E-02
 9.524926E-01
 5.677810E-01
 4.036221E-01
 3.119353E-01
 2.529475E-01
 2.115709E-01
 1.808480E-01
 1.571107E-01
 1.382274E-01
 1.173986E-01
 9.409609E-02
 9.491359E-01
 5.648855E-01
 4.027458E-01
 3.122900E-01
 2.538714E-01
 2.127199E-01
 1.820495E-01
 1.582768E-01
 1.393148E-01
 1.183464E-01
 9.483322E-02
 9.254991E-01
 5.591032E-01
 4.021528E-01
 3.127992E-01
 2.546186E-01
 2.135092E-01
 1.828208E-01
 1.590040E-01
 1.399847E-01
 1.189269E-01
 9.528413E-02
 9.198688E-01
 5.652359E-01
 4.050249E-01
 3.142062E-01
 2.554340E-01
 2.140628E-01
 1.832419E-01
 1.593465E-01
 1.402732E-01
 1.191598E-01
 9.545510E-02
 9.999939E-01
 5.800273E-01
 4.092478E-01
 3.157364E-01
 2.560380E-01
 2.142793E-01
 1.832768E-01
 1.592928E-01
 1.401775E-01
 1.190451E-01
 9.534610E-02
 9.639003E-01
 5.772111E-01
 4.096109E-01
 3.159634E-01
 2.559257E-01
 2.139394E-01
 1.828153E-01
 1.587818E-01
 1.396617E-01
 1.185648E-01
 9.495082E-02
 9.551095E-01
 5.722386E-01
 4.075834E-01
 3.147727E-01
 2.548592E-01
 2.128545E-01
 1.817251E-01
 1.577246E-01
 1.386677E-01
 1.176876E-01
 9.425818E-02
 9.535313E-01
 5.697238E-01
 4.051853E-01
 3.125668E-01
 2.527643E-01
 2.108625E-01
 1.798623E-01
 1.560153E-01
 1.371235E-01
 1.163741E-01
 9.325482E-02
 9.527141E-01
 5.674976E-01
 4.019970E-01
 3.090672E-01
 2.493533E-01
 2.077198E-01
 1.770479E-01
 1.535322E-01
 1.349501E-01
 1.145835E-01
 9.192832E-02
 9.508669E-01
 5.629718E-01
 3.961240E-01
 3.031422E-01
 2.439764E-01
 2.030513E-01
 1.730626E-01
 1.501464E-01
 1.320723E-01
 1.122812E-01
 9.027093E-02
 9.428881E-01
 5.502121E-01
 3.839011E-01
 2.929356E-01
 2.357412E-01
 1.964256E-01
 1.676931E-01
 1.457508E-01
 1.284366E-01
 1.094485E-01
 8.828334E-02
 8.922080E-01
 5.134381E-01
 3.598478E-01
 2.764821E-01
 2.239009E-01
 1.875491E-01
 1.608251E-01
 1.403052E-01
 1.240345E-01
 1.060930E-01
 8.597786E-02
 6.627671E-01
 4.362398E-01
 3.213259E-01
 2.533512E-01
 2.084490E-01
 1.764955E-01
 1.525375E-01
 1.338775E-01
 1.189211E-01
 1.022553E-01
 8.338041E-02
 4.101139E-01
 3.294427E-01
 2.662272E-01
 2.204246E-01
 1.867261E-01
 1.611531E-01
 1.411621E-01
 1.251361E-01
 1.120189E-01
 9.711633E-02
 7.993008E-02
 1.0E-20
 1.976246E-01
 1.783749E-01
 1.598764E-01
 1.433334E-01
 1.289424E-01
 1.165313E-01
 1.058312E-01
 9.657515E-02
 8.548844E-02
 7.203887E-02
 2.143838E-01
 1.976205E-01
 1.783639E-01
 1.598555E-01
 1.433002E-01
 1.288964E-01
 1.164734E-01
 1.057637E-01
 9.650097E-02
 8.541015E-02
 7.196305E-02
 4.101017E-01
 3.294203E-01
 2.661888E-01
 2.203660E-01
 1.866467E-01
 1.610558E-01
 1.410520E-01
 1.250192E-01
 1.119008E-01
 9.700394E-02
 7.983482E-02
 6.627566E-01
 4.362079E-01
 3.212612E-01
 2.532502E-01
 2.083168E-01
 1.763423E-01
 1.523748E-01
 1.337152E-01
 1.187663E-01
 1.021183E-01
 8.327442E-02
 8.921966E-01
 5.133889E-01
 3.597401E-01
 2.763157E-01
 2.236923E-01
 1.873208E-01
 1.605968E-01
 1.400904E-01
 1.238406E-01
 1.059325E-01
 8.586397E-02
 9.428633E-01
 5.501147E-01
 3.837013E-01
 2.926472E-01
 2.354052E-01
 1.960838E-01
 1.673744E-01
 1.454699E-01
 1.281977E-01
 1.092646E-01
 8.816440E-02
 9.508028E-01
 5.627487E-01
 3.957199E-01
 3.026221E-01
 2.434302E-01
 2.025448E-01
 1.726274E-01
 1.497895E-01
 1.317875E-01
 1.120781E-01
 9.015226E-02
 9.525305E-01
 5.669396E-01
 4.011365E-01
 3.081168E-01
 2.484788E-01
 2.069940E-01
 1.764796E-01
 1.531015E-01
 1.346291E-01
 1.143725E-01
 9.181807E-02
 9.529157E-01
 5.682048E-01
 4.033165E-01
 3.108749E-01
 2.514382E-01
 2.098925E-01
 1.791760E-01
 1.555369E-01
 1.367920E-01
 1.161748E-01
 9.316400E-02
 9.524992E-01
 5.678077E-01
 4.036803E-01
 3.120279E-01
 2.530690E-01
 2.117116E-01
 1.809975E-01
 1.572603E-01
 1.383709E-01
 1.175278E-01
 9.419974E-02
 9.491428E-01
 5.649133E-01
 4.028059E-01
 3.123849E-01
 2.539952E-01
 2.128627E-01
 1.822008E-01
 1.584279E-01
 1.394598E-01
 1.184767E-01
 9.493784E-02
 9.255066E-01
 5.591323E-01
 4.022142E-01
 3.128953E-01
 2.547437E-01
 2.136531E-01
 1.829732E-01
 1.591561E-01
 1.401306E-01
 1.190580E-01
 9.538934E-02
 9.198766E-01
 5.652644E-01
 4.050856E-01
 3.143019E-01
 2.555589E-01
 2.142068E-01
 1.833945E-01
 1.594989E-01
 1.404194E-01
 1.192912E-01
 9.556053E-02
 1.000000E+00
 5.800537E-01
 4.093066E-01
 3.158307E-01
 2.561619E-01
 2.144226E-01
 1.834289E-01
 1.594448E-01
 1.403234E-01
 1.191762E-01
 9.545138E-02
 9.639070E-01
 5.772376E-01
 4.096691E-01
 3.160565E-01
 2.560483E-01
 2.140815E-01
 1.829663E-01
 1.589329E-01
 1.398069E-01
 1.186953E-01
 9.505559E-02
 9.551163E-01
 5.722652E-01
 4.076410E-01
 3.148645E-01
 2.549802E-01
 2.129949E-01
 1.818745E-01
 1.578742E-01
 1.388115E-01
 1.178169E-01
 9.436204E-02
 9.535378E-01
 5.697497E-01
 4.052416E-01
 3.126567E-01
 2.528830E-01
 2.110005E-01
 1.800095E-01
 1.561629E-01
 1.372654E-01
 1.165018E-01
 9.335736E-02
 9.527202E-01
 5.675222E-01
 4.020511E-01
 3.091543E-01
 2.494690E-01
 2.078550E-01
 1.771923E-01
 1.536772E-01
 1.350896E-01
 1.147091E-01
 9.202913E-02
 9.508725E-01
 5.629947E-01
 3.961754E-01
 3.032262E-01
 2.440890E-01
 2.031833E-01
 1.732038E-01
 1.502883E-01
 1.322088E-01
 1.124041E-01
 9.036958E-02
 9.428932E-01
 5.502336E-01
 3.839507E-01
 2.930175E-01
 2.358513E-01
 1.965547E-01
 1.678310E-01
 1.458892E-01
 1.285697E-01
 1.095682E-01
 8.837939E-02
 8.922129E-01
 5.134602E-01
 3.598983E-01
 2.765643E-01
 2.240100E-01
 1.876759E-01
 1.609598E-01
 1.404399E-01
 1.241637E-01
 1.062090E-01
 8.607090E-02
 6.627766E-01
 4.362684E-01
 3.213827E-01
 2.534375E-01
 2.085593E-01
 1.766210E-01
 1.526693E-01
 1.340083E-01
 1.190459E-01
 1.023671E-01
 8.347003E-02
 4.101421E-01
 3.294896E-01
 2.662987E-01
 2.205201E-01
 1.868401E-01
 1.612778E-01
 1.412901E-01
 1.252616E-01
 1.121379E-01
 9.722243E-02
 8.001509E-02
 1.0E-20
 1.977139E-01
 1.784761E-01
 1.599878E-01
 1.434510E-01
 1.290618E-01
 1.166484E-01
 1.059430E-01
 9.667961E-02
 8.558088E-02
 7.211303E-02
 2.142512E-01
 1.974706E-01
 1.781943E-01
 1.596691E-01
 1.431036E-01
 1.286970E-01
 1.162780E-01
 1.055774E-01
 9.632696E-02
 8.525627E-02
 7.183971E-02
 4.100541E-01
 3.293412E-01
 2.660686E-01
 2.202058E-01
 1.864559E-01
 1.608473E-01
 1.408382E-01
 1.248100E-01
 1.117026E-01
 9.682733E-02
 7.969345E-02
 6.627405E-01
 4.361597E-01
 3.211658E-01
 2.531054E-01
 2.081320E-01
 1.761325E-01
 1.521549E-01
 1.334972E-01
 1.185584E-01
 1.019323E-01
 8.312540E-02
 8.921882E-01
 5.133516E-01
 3.596551E-01
 2.761777E-01
 2.235096E-01
 1.871088E-01
 1.603718E-01
 1.398657E-01
 1.236254E-01
 1.057395E-01
 8.570926E-02
 9.428547E-01
 5.500784E-01
 3.836180E-01
 2.925099E-01
 2.352210E-01
 1.958681E-01
 1.671441E-01
 1.452390E-01
 1.279759E-01
 1.090653E-01
 8.800467E-02
 9.507934E-01
 5.627102E-01
 3.956336E-01
 3.024812E-01
 2.432417E-01
 2.023240E-01
 1.723915E-01
 1.495528E-01
 1.315600E-01
 1.118736E-01
 8.998819E-02
 9.525202E-01
 5.668983E-01
 4.010457E-01
 3.079706E-01
 2.482846E-01
 2.067676E-01
 1.762382E-01
 1.528594E-01
 1.343965E-01
 1.141634E-01
 9.165038E-02
 9.529048E-01
 5.681613E-01
 4.032215E-01
 3.107232E-01
 2.512383E-01
 2.096607E-01
 1.789295E-01
 1.552903E-01
 1.365553E-01
 1.159620E-01
 9.299337E-02
 9.524879E-01
 5.677624E-01
 4.035817E-01
 3.118714E-01
 2.528642E-01
 2.114751E-01
 1.807468E-01
 1.570099E-01
 1.381309E-01
 1.173121E-01
 9.402684E-02
 9.491310E-01
 5.648661E-01
 4.027040E-01
 3.122246E-01
 2.537866E-01
 2.126228E-01
 1.819471E-01
 1.581749E-01
 1.392173E-01
 1.182590E-01
 9.476332E-02
 9.254937E-01
 5.590828E-01
 4.021101E-01
 3.127330E-01
 2.545330E-01
 2.134113E-01
 1.827177E-01
 1.589014E-01
 1.398867E-01
 1.188390E-01
 9.521383E-02
 9.198633E-01
 5.652160E-01
 4.049828E-01
 3.141403E-01
 2.553484E-01
 2.139648E-01
 1.831386E-01
 1.592437E-01
 1.401750E-01
 1.190718E-01
 9.538465E-02
 9.999897E-01
 5.800089E-01
 4.092068E-01
 3.156714E-01
 2.559531E-01
 2.141817E-01
 1.831739E-01
 1.591903E-01
 1.400794E-01
 1.189572E-01
 9.527575E-02
 9.638956E-01
 5.771925E-01
 4.095704E-01
 3.158992E-01
 2.558417E-01
 2.138427E-01
 1.827131E-01
 1.586799E-01
 1.395642E-01
 1.184773E-01
 9.488082E-02
 9.551048E-01
 5.722199E-01
 4.075432E-01
 3.147093E-01
 2.547763E-01
 2.127590E-01
 1.816240E-01
 1.576237E-01
 1.385711E-01
 1.176009E-01
 9.418879E-02
 9.535267E-01
 5.697056E-01
 4.051460E-01
 3.125048E-01
 2.526830E-01
 2.107685E-01
 1.797627E-01
 1.559158E-01
 1.370281E-01
 1.162885E-01
 9.318630E-02
 9.527097E-01
 5.674803E-01
 4.019593E-01
 3.090070E-01
 2.492739E-01
 2.076278E-01
 1.769502E-01
 1.534345E-01
 1.348563E-01
 1.144993E-01
 9.186096E-02
 9.508629E-01
 5.629557E-01
 3.960882E-01
 3.030841E-01
 2.438993E-01
 2.029615E-01
 1.729669E-01
 1.500507E-01
 1.319805E-01
 1.121988E-01
 9.020502E-02
 9.428846E-01
 5.501970E-01
 3.838666E-01
 2.928791E-01
 2.356659E-01
 1.963378E-01
 1.675997E-01
 1.456574E-01
 1.283472E-01
 1.093683E-01
 8.821916E-02
 8.922045E-01
 5.134227E-01
 3.598127E-01
 2.764254E-01
 2.238263E-01
 1.874629E-01
 1.607339E-01
 1.402144E-01
 1.239478E-01
 1.060153E-01
 8.591571E-02
 6.627604E-01
 4.362199E-01
 3.212867E-01
 2.532919E-01
 2.083736E-01
 1.764103E-01
 1.524485E-01
 1.337895E-01
 1.188373E-01
 1.021805E-01
 8.332056E-02
 4.100943E-01
 3.294101E-01
 2.661780E-01
 2.203592E-01
 1.866485E-01
 1.610685E-01
 1.410757E-01
 1.250517E-01
 1.119391E-01
 9.704532E-02
 7.987332E-02
 2.143301E-01
 1.975635E-01
 1.783059E-01
 1.598008E-01
 1.432539E-01
 1.288619E-01
 1.164526E-01
 1.057562E-01
 9.650519E-02
 8.542664E-02
 7.198938E-02
 1.0E-20
 1.970443E-01
 1.777176E-01
 1.591523E-01
 1.425654E-01
 1.281576E-01
 1.157545E-01
 1.050821E-01
 9.586723E-02
 8.485232E-02
 7.151789E-02
 4.099090E-01
 3.291040E-01
 2.657159E-01
 2.197464E-01
 1.859202E-01
 1.602726E-01
 1.402579E-01
 1.242485E-01
 1.111754E-01
 9.636175E-02
 7.932385E-02
 6.626900E-01
 4.360116E-01
 3.208804E-01
 2.526842E-01
 2.076078E-01
 1.755497E-01
 1.515545E-01
 1.329099E-01
 1.180038E-01
 1.014409E-01
 8.273547E-02
 8.921615E-01
 5.132355E-01
 3.593983E-01
 2.757729E-01
 2.229879E-01
 1.865173E-01
 1.597556E-01
 1.392591E-01
 1.230505E-01
 1.052292E-01
 8.530422E-02
 9.428274E-01
 5.499648E-01
 3.833646E-01
 2.921048E-01
 2.346929E-01
 1.952646E-01
 1.665119E-01
 1.446145E-01
 1.273830E-01
 1.085383E-01
 8.758631E-02
 9.507629E-01
 5.625890E-01
 3.953703E-01
 3.020648E-01
 2.427005E-01
 2.017056E-01
 1.717432E-01
 1.489119E-01
 1.309511E-01
 1.113321E-01
 8.955837E-02
 9.524871E-01
 5.667688E-01
 4.007692E-01
 3.075386E-01
 2.477274E-01
 2.061334E-01
 1.755747E-01
 1.522040E-01
 1.337740E-01
 1.136098E-01
 9.121097E-02
 9.528698E-01
 5.680250E-01
 4.029328E-01
 3.102760E-01
 2.506653E-01
 2.090116E-01
 1.782525E-01
 1.546225E-01
 1.359215E-01
 1.153986E-01
 9.254621E-02
 9.524517E-01
 5.676209E-01
 4.032827E-01
 3.114109E-01
 2.522775E-01
 2.108135E-01
 1.800586E-01
 1.563323E-01
 1.374883E-01
 1.167412E-01
 9.357372E-02
 9.490937E-01
 5.647192E-01
 4.023957E-01
 3.117535E-01
 2.531897E-01
 2.119520E-01
 1.812508E-01
 1.574902E-01
 1.385685E-01
 1.176827E-01
 9.430595E-02
 9.254529E-01
 5.589290E-01
 4.017955E-01
 3.122563E-01
 2.539309E-01
 2.127355E-01
 1.820169E-01
 1.582126E-01
 1.392340E-01
 1.182594E-01
 9.475386E-02
 9.198213E-01
 5.650657E-01
 4.046719E-01
 3.136656E-01
 2.547467E-01
 2.132883E-01
 1.824366E-01
 1.585536E-01
 1.395210E-01
 1.184909E-01
 9.492370E-02
 9.999568E-01
 5.798692E-01
 4.089047E-01
 3.152030E-01
 2.553556E-01
 2.135081E-01
 1.824738E-01
 1.585014E-01
 1.394265E-01
 1.183771E-01
 9.481542E-02
 9.638591E-01
 5.770517E-01
 4.092714E-01
 3.154361E-01
 2.552501E-01
 2.131744E-01
 1.820176E-01
 1.579950E-01
 1.389147E-01
 1.179002E-01
 9.442277E-02
 9.550679E-01
 5.720783E-01
 4.072462E-01
 3.142517E-01
 2.541920E-01
 2.120984E-01
 1.809358E-01
 1.569454E-01
 1.379275E-01
 1.170288E-01
 9.373472E-02
 9.534910E-01
 5.695674E-01
 4.048554E-01
 3.120563E-01
 2.521092E-01
 2.101185E-01
 1.790845E-01
 1.552467E-01
 1.363928E-01
 1.157236E-01
 9.273799E-02
 9.526761E-01
 5.673488E-01
 4.016798E-01
 3.085720E-01
 2.487140E-01
 2.069913E-01
 1.762846E-01
 1.527772E-01
 1.342320E-01
 1.139441E-01
 9.142027E-02
 9.508321E-01
 5.628330E-01
 3.958222E-01
 3.026644E-01
 2.433548E-01
 2.023402E-01
 1.723162E-01
 1.494077E-01
 1.313697E-01
 1.116556E-01
 8.977386E-02
 9.428570E-01
 5.500823E-01
 3.836110E-01
 2.924710E-01
 2.351346E-01
 1.957313E-01
 1.669649E-01
 1.450307E-01
 1.277522E-01
 1.088396E-01
 8.779947E-02
 8.921776E-01
 5.133057E-01
 3.595541E-01
 2.760181E-01
 2.233017E-01
 1.868687E-01
 1.601153E-01
 1.396056E-01
 1.233710E-01
 1.055034E-01
 8.550940E-02
 6.627096E-01
 4.360709E-01
 3.209997E-01
 2.528685E-01
 2.078469E-01
 1.758251E-01
 1.518459E-01
 1.332002E-01
 1.182810E-01
 1.016877E-01
 8.292944E-02
 4.099485E-01
 3.291719E-01
 2.658238E-01
 2.198979E-01
 1.861108E-01
 1.604920E-01
 1.404935E-01
 1.244886E-01
 1.114105E-01
 9.657844E-02
 7.950265E-02
 2.139480E-01
 1.971360E-01
 1.778279E-01
 1.592826E-01
 1.427143E-01
 1.283212E-01
 1.159279E-01
 1.052598E-01
 9.604443E-02
 8.502174E-02
 7.166674E-02
 1.0E-20
 1.962312E-01
 1.768298E-01
 1.582140E-01
 1.416116E-01
 1.272218E-01
 1.148622E-01
 1.042498E-01
 9.510336E-02
 8.418868E-02
 7.099488E-02
 4.095924E-01
 3.286038E-01
 2.650038E-01
 2.188590E-01
 1.849264E-01
 1.592421E-01
 1.392450E-01
 1.232891E-01
 1.102891E-01
 9.559122E-02
 7.872106E-02
 6.625734E-01
 4.356843E-01
 3.202829E-01
 2.518481E-01
 2.066157E-01
 1.744897E-01
 1.504963E-01
 1.318995E-01
 1.170669E-01
 1.006254E-01
 8.209861E-02
 8.920980E-01
 5.129721E-01
 3.588489E-01
 2.749564E-01
 2.219891E-01
 1.854326E-01
 1.586630E-01
 1.382109E-01
 1.220765E-01
 1.043804E-01
 8.464203E-02
 9.427614E-01
 5.497036E-01
 3.828165E-01
 2.912806E-01
 2.336750E-01
 1.941520E-01
 1.653868E-01
 1.435325E-01
 1.263762E-01
 1.076605E-01
 8.690184E-02
 9.506891E-01
 5.623096E-01
 3.947992E-01
 3.012151E-01
 2.416547E-01
 2.005632E-01
 1.705876E-01
 1.478001E-01
 1.299161E-01
 1.104296E-01
 8.885480E-02
 9.524072E-01
 5.664710E-01
 4.001705E-01
 3.066582E-01
 2.466511E-01
 2.049618E-01
 1.743916E-01
 1.510665E-01
 1.327154E-01
 1.126868E-01
 9.049148E-02
 9.527861E-01
 5.677136E-01
 4.023107E-01
 3.093675E-01
 2.495609E-01
 2.078141E-01
 1.770459E-01
 1.534639E-01
 1.348438E-01
 1.144591E-01
 9.181392E-02
 9.523656E-01
 5.672996E-01
 4.026415E-01
 3.104787E-01
 2.511497E-01
 2.095948E-01
 1.788334E-01
 1.551572E-01
 1.363959E-01
 1.157891E-01
 9.283160E-02
 9.490053E-01
 5.643872E-01
 4.017372E-01
 3.108026E-01
 2.520446E-01
 2.107181E-01
 1.800124E-01
 1.563035E-01
 1.374657E-01
 1.167217E-01
 9.355684E-02
 9.253564E-01
 5.585822E-01
 4.011246E-01
 3.112953E-01
 2.527767E-01
 2.114932E-01
 1.807707E-01
 1.570189E-01
 1.381250E-01
 1.172931E-01
 9.400048E-02
 9.197218E-01
 5.647261E-01
 4.040082E-01
 3.127081E-01
 2.535928E-01
 2.120446E-01
 1.811883E-01
 1.573575E-01
 1.384097E-01
 1.175225E-01
 9.416870E-02
 9.998787E-01
 5.795528E-01
 4.082581E-01
 3.142565E-01
 2.542086E-01
 2.122686E-01
 1.812282E-01
 1.573073E-01
 1.383167E-01
 1.174099E-01
 9.406143E-02
 9.637720E-01
 5.767316E-01
 4.086297E-01
 3.144985E-01
 2.541123E-01
 2.119434E-01
 1.807793E-01
 1.568071E-01
 1.378103E-01
 1.169376E-01
 9.367248E-02
 9.549799E-01
 5.717553E-01
 4.066070E-01
 3.133231E-01
 2.530665E-01
 2.108800E-01
 1.797093E-01
 1.557682E-01
 1.368327E-01
 1.160744E-01
 9.299095E-02
 9.534054E-01
 5.692513E-01
 4.042281E-01
 3.111440E-01
 2.510020E-01
 2.089183E-01
 1.778749E-01
 1.540849E-01
 1.353121E-01
 1.147814E-01
 9.200372E-02
 9.525949E-01
 5.670468E-01
 4.010748E-01
 3.076852E-01
 2.476322E-01
 2.058151E-01
 1.750974E-01
 1.516359E-01
 1.331699E-01
 1.130181E-01
 9.069861E-02
 9.507575E-01
 5.625506E-01
 3.952457E-01
 3.018083E-01
 2.423029E-01
 2.011925E-01
 1.711560E-01
 1.482918E-01
 1.303311E-01
 1.107501E-01
 8.906805E-02
 9.427904E-01
 5.498190E-01
 3.830588E-01
 2.916414E-01
 2.341112E-01
 1.946137E-01
 1.658353E-01
 1.439448E-01
 1.267420E-01
 1.079589E-01
 8.711281E-02
 8.921138E-01
 5.130408E-01
 3.590015E-01
 2.751972E-01
 2.222982E-01
 1.857794E-01
 1.590187E-01
 1.385539E-01
 1.223937E-01
 1.046519E-01
 8.484512E-02
 6.625925E-01
 4.357422E-01
 3.203994E-01
 2.520287E-01
 2.068510E-01
 1.747613E-01
 1.507842E-01
 1.321867E-01
 1.173413E-01
 1.008697E-01
 8.229063E-02
 1.0E-20
 3.286699E-01
 2.651091E-01
 2.190075E-01
 1.851138E-01
 1.594583E-01
 1.394778E-01
 1.235265E-01
 1.105218E-01
 9.580579E-02
 7.889813E-02
 2.132062E-01
 1.963209E-01
 1.769380E-01
 1.583422E-01
 1.417585E-01
 1.273834E-01
 1.150337E-01
 1.044257E-01
 9.527892E-02
 8.435659E-02
 7.114243E-02
 1.0E-20
 1.948126E-01
 1.753356E-01
 1.566929E-01
 1.401181E-01
 1.257994E-01
 1.135388E-01
 1.030391E-01
 9.400888E-02
 8.325218E-02
 7.026747E-02
 4.089112E-01
 3.275877E-01
 2.636540E-01
 2.172872E-01
 1.832673E-01
 1.576028E-01
 1.376938E-01
 1.218616E-01
 1.089989E-01
 9.449309E-02
 7.787867E-02
 1.0E-20
 4.349693E-01
 3.190862E-01
 2.503077E-01
 2.049133E-01
 1.727712E-01
 1.488541E-01
 1.303823E-01
 1.156944E-01
 9.945850E-02
 8.120689E-02
 1.0E-20
 5.123727E-01
 3.577142E-01
 2.734180E-01
 2.202474E-01
 1.836539E-01
 1.569540E-01
 1.366283E-01
 1.206437E-01
 1.031630E-01
 8.371366E-02
 9.425946E-01
 5.490980E-01
 3.816673E-01
 2.897092E-01
 2.318843E-01
 1.923157E-01
 1.636182E-01
 1.418929E-01
 1.248913E-01
 1.063992E-01
 8.594131E-02
 9.505026E-01
 5.616607E-01
 3.935986E-01
 2.995903E-01
 2.398095E-01
 1.986727E-01
 1.687670E-01
 1.461122E-01
 1.283875E-01
 1.091312E-01
 8.786679E-02
 9.522072E-01
 5.657839E-01
 3.989174E-01
 3.049789E-01
 2.447542E-01
 2.030235E-01
 1.725272E-01
 1.493388E-01
 1.311510E-01
 1.113582E-01
 8.948070E-02
 9.525785E-01
 5.670015E-01
 4.010173E-01
 3.076426E-01
 2.476205E-01
 2.058365E-01
 1.751464E-01
 1.517048E-01
 1.332513E-01
 1.131066E-01
 9.078491E-02
 1.0E-20
 5.665711E-01
 4.013177E-01
 3.087181E-01
 2.491752E-01
 2.075869E-01
 1.769074E-01
 1.533746E-01
 1.347824E-01
 1.144186E-01
 9.178868E-02
 1.0E-20
 5.636397E-01
 4.003849E-01
 3.090138E-01
 2.500453E-01
 2.086889E-01
 1.780678E-01
 1.545044E-01
 1.358375E-01
 1.153386E-01
 9.250407E-02
 1.0E-20
 5.578035E-01
 3.997500E-01
 3.094905E-01
 2.507640E-01
 2.094519E-01
 1.788152E-01
 1.552099E-01
 1.364878E-01
 1.159022E-01
 9.294168E-02
 1.0E-20
 5.639617E-01
 4.026459E-01
 3.109080E-01
 2.515796E-01
 2.100004E-01
 1.792290E-01
 1.555447E-01
 1.367689E-01
 1.161286E-01
 9.310757E-02
 1.0E-20
 5.788365E-01
 4.069258E-01
 3.124725E-01
 2.522037E-01
 2.102291E-01
 1.792719E-01
 1.554967E-01
 1.366778E-01
 1.160176E-01
 9.300168E-02
 1.0E-20
 5.760039E-01
 4.073028E-01
 3.127260E-01
 2.521194E-01
 2.099145E-01
 1.788323E-01
 1.550048E-01
 1.361788E-01
 1.155518E-01
 9.261790E-02
 1.0E-20
 5.710192E-01
 4.052814E-01
 3.115629E-01
 2.510907E-01
 2.088688E-01
 1.777787E-01
 1.539807E-01
 1.352146E-01
 1.147002E-01
 9.194555E-02
 1.0E-20
 5.685276E-01
 4.029223E-01
 3.094095E-01
 2.490539E-01
 2.069339E-01
 1.759691E-01
 1.523199E-01
 1.337142E-01
 1.134246E-01
 9.097175E-02
 1.0E-20
 5.663511E-01
 3.998094E-01
 3.059938E-01
 2.457252E-01
 2.038684E-01
 1.732258E-01
 1.499018E-01
 1.315999E-01
 1.116849E-01
 8.968462E-02
 1.0E-20
 5.618962E-01
 3.940359E-01
 3.001730E-01
 2.404480E-01
 1.992935E-01
 1.693282E-01
 1.465976E-01
 1.287969E-01
 1.094472E-01
 8.807679E-02
 1.0E-20
 5.492100E-01
 3.819031E-01
 2.900618E-01
 2.323122E-01
 1.927698E-01
 1.640602E-01
 1.422995E-01
 1.252520E-01
 1.066933E-01
 8.614910E-02
 1.0E-20
 5.124390E-01
 3.578619E-01
 2.736525E-01
 2.205498E-01
 1.839945E-01
 1.573040E-01
 1.369662E-01
 1.209564E-01
 1.034306E-01
 8.391377E-02
 1.0E-20
 4.350249E-01
 3.191989E-01
 2.504833E-01
 2.051432E-01
 1.730377E-01
 1.491373E-01
 1.306653E-01
 1.159648E-01
 9.969936E-02
 8.139618E-02
 1.0E-20
 3.276513E-01
 2.637559E-01
 2.174317E-01
 1.834506E-01
 1.578151E-01
 1.379228E-01
 1.220956E-01
 1.092283E-01
 9.470476E-02
 7.805334E-02
 1.0E-20
 1.948998E-01
 1.754412E-01
 1.568185E-01
 1.402624E-01
 1.259586E-01
 1.137080E-01
 1.032128E-01
 9.418228E-02
 8.341806E-02
 7.041322E-02
 1.0E-20
 1.923979E-01
 1.729141E-01
 1.543455E-01
 1.379116E-01
 1.237730E-01
 1.117075E-01
 1.014016E-01
 9.255442E-02
 8.202935E-02
 6.933338E-02
 4.073463E-01
 3.254562E-01
 2.610980E-01
 2.145767E-01
 1.806181E-01
 1.551379E-01
 1.354654E-01
 1.198799E-01
 1.072527E-01
 9.304281E-02
 7.679097E-02
 6.615721E-01
 4.332983E-01
 3.166432E-01
 2.475131E-01
 2.021013E-01
 1.701277E-01
 1.464583E-01
 1.282537E-01
 1.138230E-01
 9.791034E-02
 8.005291E-02
 8.914925E-01
 5.108890E-01
 3.553010E-01
 2.705475E-01
 2.173147E-01
 1.808814E-01
 1.544377E-01
 1.343935E-01
 1.186814E-01
 1.015430E-01
 8.251049E-02
 9.421064E-01
 5.475664E-01
 3.791805E-01
 2.867377E-01
 2.288386E-01
 1.894318E-01
 1.609998E-01
 1.395682E-01
 1.228515E-01
 1.047174E-01
 8.469505E-02
 9.499597E-01
 5.600228E-01
 3.909985E-01
 2.965111E-01
 2.366629E-01
 1.956962E-01
 1.660655E-01
 1.437142E-01
 1.262840E-01
 1.073979E-01
 8.658389E-02
 9.516326E-01
 5.640673E-01
 3.962217E-01
 3.018084E-01
 2.415256E-01
 1.999739E-01
 1.697607E-01
 1.468835E-01
 1.289972E-01
 1.095834E-01
 8.816759E-02
 9.519896E-01
 5.652415E-01
 3.982583E-01
 3.044058E-01
 2.443306E-01
 2.027323E-01
 1.723314E-01
 1.492063E-01
 1.310591E-01
 1.112997E-01
 8.944777E-02
 1.0E-20
 5.647883E-01
 3.985167E-01
 3.054343E-01
 2.458417E-01
 2.044440E-01
 1.740578E-01
 1.508449E-01
 1.325622E-01
 1.125878E-01
 9.043331E-02
 9.481933E-01
 5.618275E-01
 3.975434E-01
 3.056938E-01
 2.466814E-01
 2.055196E-01
 1.751947E-01
 1.519535E-01
 1.335981E-01
 1.134913E-01
 9.113583E-02
 9.244781E-01
 5.559246E-01
 3.968705E-01
 3.061477E-01
 2.473823E-01
 2.062670E-01
 1.759279E-01
 1.526461E-01
 1.342367E-01
 1.140447E-01
 9.156557E-02
 9.188077E-01
 5.621077E-01
 3.997834E-01
 3.075684E-01
 2.481942E-01
 2.068096E-01
 1.763357E-01
 1.529753E-01
 1.345128E-01
 1.142669E-01
 9.172839E-02
 9.991484E-01
 5.770827E-01
 4.041097E-01
 3.091506E-01
 2.488249E-01
 2.070411E-01
 1.763803E-01
 1.529290E-01
 1.344234E-01
 1.141578E-01
 9.162421E-02
 9.629524E-01
 5.742152E-01
 4.044874E-01
 3.094152E-01
 2.487526E-01
 2.067377E-01
 1.759510E-01
 1.524466E-01
 1.339334E-01
 1.137001E-01
 9.124710E-02
 9.541500E-01
 5.692089E-01
 4.024633E-01
 3.082669E-01
 2.477452E-01
 2.057138E-01
 1.749180E-01
 1.514415E-01
 1.329866E-01
 1.128637E-01
 9.058668E-02
 9.525925E-01
 5.667408E-01
 4.001360E-01
 3.061512E-01
 2.457470E-01
 2.038153E-01
 1.731418E-01
 1.498110E-01
 1.315134E-01
 1.116112E-01
 8.963052E-02
 9.518115E-01
 5.646178E-01
 3.970919E-01
 3.028032E-01
 2.424797E-01
 2.008046E-01
 1.704473E-01
 1.474363E-01
 1.294375E-01
 1.099035E-01
 8.836712E-02
 9.500235E-01
 5.602489E-01
 3.914212E-01
 2.970782E-01
 2.372873E-01
 1.963048E-01
 1.666160E-01
 1.441904E-01
 1.266855E-01
 1.077075E-01
 8.678948E-02
 9.421331E-01
 5.476730E-01
 3.794069E-01
 2.870792E-01
 2.292556E-01
 1.898761E-01
 1.614330E-01
 1.399669E-01
 1.232052E-01
 1.050057E-01
 8.489863E-02
 8.915068E-01
 5.109517E-01
 3.554423E-01
 2.707739E-01
 2.176090E-01
 1.812143E-01
 1.547805E-01
 1.347249E-01
 1.189882E-01
 1.018055E-01
 8.270668E-02
 6.615893E-01
 4.333509E-01
 3.167510E-01
 2.476827E-01
 2.023250E-01
 1.703881E-01
 1.467358E-01
 1.285313E-01
 1.140885E-01
 9.814675E-02
 8.023867E-02
 4.073810E-01
 3.255167E-01
 2.611959E-01
 2.147167E-01
 1.807968E-01
 1.553457E-01
 1.356900E-01
 1.201097E-01
 1.074781E-01
 9.325079E-02
 7.696254E-02
 2.095212E-01
 1.924826E-01
 1.730170E-01
 1.544684E-01
 1.380532E-01
 1.239295E-01
 1.118740E-01
 1.015727E-01
 9.272520E-02
 8.219270E-02
 6.947685E-02
 1.0E-20
 1.883507E-01
 1.690971E-01
 1.508538E-01
 1.347872E-01
 1.210153E-01
 1.092917E-01
 9.929251E-02
 9.071496E-02
 8.051062E-02
 6.819302E-02
 4.033832E-01
 3.207754E-01
 2.562385E-01
 2.100023E-01
 1.765354E-01
 1.515858E-01
 1.324083E-01
 1.172575E-01
 1.050024E-01
 9.122035E-02
 7.545551E-02
 6.592497E-01
 4.290108E-01
 3.115271E-01
 2.425073E-01
 1.976020E-01
 1.662246E-01
 1.431182E-01
 1.254059E-01
 1.113931E-01
 9.595571E-02
 7.863282E-02
 8.898780E-01
 5.067643E-01
 3.499853E-01
 2.652385E-01
 2.125240E-01
 1.767310E-01
 1.508962E-01
 1.313839E-01
 1.161214E-01
 9.949162E-02
 8.102755E-02
 9.403073E-01
 5.432153E-01
 3.736051E-01
 2.811672E-01
 2.238127E-01
 1.850824E-01
 1.572944E-01
 1.364247E-01
 1.201823E-01
 1.025832E-01
 8.315723E-02
 9.479948E-01
 5.554119E-01
 3.851844E-01
 2.907348E-01
 2.314604E-01
 1.911968E-01
 1.622340E-01
 1.404654E-01
 1.235270E-01
 1.051956E-01
 8.499957E-02
 9.495938E-01
 5.593043E-01
 3.902485E-01
 2.958916E-01
 2.362013E-01
 1.953687E-01
 1.658377E-01
 1.435559E-01
 1.261727E-01
 1.073271E-01
 8.654514E-02
 9.499256E-01
 5.604117E-01
 3.921993E-01
 2.984044E-01
 2.389289E-01
 1.980571E-01
 1.683454E-01
 1.458225E-01
 1.281849E-01
 1.090022E-01
 8.779518E-02
 1.0E-20
 5.599386E-01
 3.924145E-01
 2.993841E-01
 2.403928E-01
 1.997242E-01
 1.700300E-01
 1.474225E-01
 1.296528E-01
 1.102602E-01
 8.875796E-02
 9.461445E-01
 5.569498E-01
 3.914009E-01
 2.996096E-01
 2.412024E-01
 2.007715E-01
 1.711398E-01
 1.485054E-01
 1.306649E-01
 1.111429E-01
 8.944447E-02
 9.223053E-01
 5.509145E-01
 3.906737E-01
 3.000364E-01
 2.418827E-01
 2.015003E-01
 1.718557E-01
 1.491820E-01
 1.312888E-01
 1.116836E-01
 8.986443E-02
 9.165112E-01
 5.571209E-01
 3.935939E-01
 3.014482E-01
 2.426823E-01
 2.020316E-01
 1.722539E-01
 1.495032E-01
 1.315582E-01
 1.119004E-01
 9.002338E-02
 9.972518E-01
 5.722856E-01
 3.979667E-01
 3.030345E-01
 2.433093E-01
 2.022600E-01
 1.722973E-01
 1.494571E-01
 1.314699E-01
 1.117932E-01
 8.992123E-02
 9.608311E-01
 5.693183E-01
 3.983292E-01
 3.033021E-01
 2.432437E-01
 2.019649E-01
 1.718775E-01
 1.489849E-01
 1.309903E-01
 1.113452E-01
 8.955230E-02
 9.520237E-01
 5.642739E-01
 3.963009E-01
 3.021720E-01
 2.422603E-01
 2.009656E-01
 1.708683E-01
 1.480025E-01
 1.300648E-01
 1.105277E-01
 8.890668E-02
 9.504999E-01
 5.618548E-01
 3.940243E-01
 3.001084E-01
 2.403123E-01
 1.991136E-01
 1.691346E-01
 1.464105E-01
 1.286262E-01
 1.093044E-01
 8.797252E-02
 9.497610E-01
 5.598261E-01
 3.910853E-01
 2.968563E-01
 2.371298E-01
 1.961778E-01
 1.665062E-01
 1.440937E-01
 1.266007E-01
 1.076380E-01
 8.673897E-02
 9.480537E-01
 5.556240E-01
 3.855878E-01
 2.912823E-01
 2.320666E-01
 1.917891E-01
 1.627701E-01
 1.409290E-01
 1.239177E-01
 1.054967E-01
 8.519952E-02
 9.403317E-01
 5.433146E-01
 3.738202E-01
 2.814961E-01
 2.242173E-01
 1.855148E-01
 1.577165E-01
 1.368132E-01
 1.205269E-01
 1.028640E-01
 8.335546E-02
 8.898910E-01
 5.068226E-01
 3.501196E-01
 2.654567E-01
 2.128096E-01
 1.770553E-01
 1.512308E-01
 1.317073E-01
 1.164208E-01
 9.974763E-02
 8.121885E-02
 6.592654E-01
 4.290600E-01
 3.116299E-01
 2.426711E-01
 1.978197E-01
 1.664788E-01
 1.433894E-01
 1.256773E-01
 1.116526E-01
 9.618665E-02
 7.881418E-02
 4.034157E-01
 3.208329E-01
 2.563328E-01
 2.101384E-01
 1.767099E-01
 1.517892E-01
 1.326283E-01
 1.174826E-01
 1.052231E-01
 9.142388E-02
 7.562331E-02
 2.053626E-01
 1.884333E-01
 1.691979E-01
 1.509745E-01
 1.349265E-01
 1.211693E-01
 1.094554E-01
 9.946072E-02
 9.088275E-02
 8.067098E-02
 6.833375E-02
 1.981344E-01
 1.818015E-01
 1.633287E-01
 1.458885E-01
 1.305583E-01
 1.174234E-01
 1.062364E-01
 9.668433E-02
 8.847857E-02
 7.869498E-02
 6.685126E-02
 1.0E-20
 3.103453E-01
 2.472471E-01
 2.026119E-01
 1.705361E-01
 1.467016E-01
 1.283980E-01
 1.139321E-01
 1.022181E-01
 8.901764E-02
 7.387578E-02
 1.0E-20
 4.171650E-01
 3.009280E-01
 2.338975E-01
 1.907417E-01
 1.607323E-01
 1.386701E-01
 1.217578E-01
 1.083655E-01
 9.358287E-02
 7.694931E-02
 1.0E-20
 4.940749E-01
 3.383265E-01
 2.558050E-01
 2.050719E-01
 1.708146E-01
 1.461388E-01
 1.275051E-01
 1.129180E-01
 9.699432E-02
 7.926699E-02
 9.311874E-01
 5.296182E-01
 3.611898E-01
 2.711490E-01
 2.159238E-01
 1.788405E-01
 1.522917E-01
 1.323581E-01
 1.168328E-01
 9.998009E-02
 8.132948E-02
 9.383851E-01
 5.412589E-01
 3.723206E-01
 2.803570E-01
 2.232850E-01
 1.847280E-01
 1.570514E-01
 1.362553E-01
 1.200622E-01
 1.025061E-01
 8.311509E-02
 9.398329E-01
 5.449166E-01
 3.771660E-01
 2.853217E-01
 2.278582E-01
 1.887558E-01
 1.605328E-01
 1.392427E-01
 1.226213E-01
 1.045700E-01
 8.461434E-02
 9.401281E-01
 5.459494E-01
 3.790314E-01
 2.877473E-01
 2.304990E-01
 1.913605E-01
 1.629626E-01
 1.414391E-01
 1.245716E-01
 1.061943E-01
 8.582795E-02
 1.0E-20
 5.454880E-01
 3.792333E-01
 2.886988E-01
 2.319240E-01
 1.929823E-01
 1.646000E-01
 1.429931E-01
 1.259968E-01
 1.074158E-01
 8.676335E-02
 9.365022E-01
 5.425478E-01
 3.782313E-01
 2.889189E-01
 2.327156E-01
 1.940039E-01
 1.656807E-01
 1.440465E-01
 1.269806E-01
 1.082735E-01
 8.743066E-02
 9.124853E-01
 5.363842E-01
 3.774762E-01
 2.893277E-01
 2.333763E-01
 1.947124E-01
 1.663767E-01
 1.447041E-01
 1.275868E-01
 1.087989E-01
 8.783889E-02
 9.059980E-01
 5.424964E-01
 3.803317E-01
 2.906929E-01
 2.341457E-01
 1.952237E-01
 1.667606E-01
 1.450144E-01
 1.278475E-01
 1.090090E-01
 8.799316E-02
 9.879288E-01
 5.577948E-01
 3.846449E-01
 2.922286E-01
 2.347439E-01
 1.954374E-01
 1.667974E-01
 1.449662E-01
 1.277596E-01
 1.089036E-01
 8.789334E-02
 9.507455E-01
 5.546387E-01
 3.849677E-01
 2.924790E-01
 2.346716E-01
 1.951436E-01
 1.663843E-01
 1.445038E-01
 1.272913E-01
 1.084670E-01
 8.753411E-02
 9.420683E-01
 5.496190E-01
 3.829708E-01
 2.913778E-01
 2.337139E-01
 1.941697E-01
 1.654011E-01
 1.435475E-01
 1.263908E-01
 1.076719E-01
 8.690617E-02
 9.406451E-01
 5.473022E-01
 3.807746E-01
 2.893826E-01
 2.318267E-01
 1.923735E-01
 1.637189E-01
 1.420025E-01
 1.249945E-01
 1.064843E-01
 8.599850E-02
 9.399817E-01
 5.454025E-01
 3.779638E-01
 2.862486E-01
 2.287519E-01
 1.895343E-01
 1.611755E-01
 1.397596E-01
 1.230327E-01
 1.048690E-01
 8.480106E-02
 9.384374E-01
 5.414562E-01
 3.727058E-01
 2.808848E-01
 2.238708E-01
 1.853002E-01
 1.575689E-01
 1.367025E-01
 1.204388E-01
 1.027964E-01
 8.330807E-02
 9.312091E-01
 5.297109E-01
 3.613960E-01
 2.714675E-01
 2.163165E-01
 1.792601E-01
 1.527007E-01
 1.327342E-01
 1.171661E-01
 1.002515E-01
 8.152120E-02
 8.817556E-01
 4.941296E-01
 3.384559E-01
 2.560174E-01
 2.053505E-01
 1.711306E-01
 1.464643E-01
 1.278192E-01
 1.132085E-01
 9.724248E-02
 7.945239E-02
 6.497346E-01
 4.172118E-01
 3.010279E-01
 2.340580E-01
 1.909550E-01
 1.609810E-01
 1.389350E-01
 1.220223E-01
 1.086180E-01
 9.380730E-02
 7.712544E-02
 3.924721E-01
 3.104013E-01
 2.473398E-01
 2.027460E-01
 1.707079E-01
 1.469014E-01
 1.286136E-01
 1.141522E-01
 1.024335E-01
 8.921598E-02
 7.403911E-02
 1.0E-20
 1.818836E-01
 1.634289E-01
 1.460083E-01
 1.306961E-01
 1.175754E-01
 1.063975E-01
 9.684954E-02
 8.864308E-02
 7.885193E-02
 6.698879E-02
 1.867569E-01
 1.719918E-01
 1.552074E-01
 1.392572E-01
 1.251399E-01
 1.129650E-01
 1.025343E-01
 9.358136E-02
 8.585466E-02
 7.659395E-02
 6.531877E-02
 1.0E-20
 2.890046E-01
 2.320802E-01
 1.916123E-01
 1.623084E-01
 1.403635E-01
 1.233910E-01
 1.098932E-01
 9.890366E-02
 8.644530E-02
 7.206335E-02
 1.0E-20
 3.861242E-01
 2.810091E-01
 2.203654E-01
 1.810388E-01
 1.534691E-01
 1.330479E-01
 1.172900E-01
 1.047405E-01
 9.080164E-02
 7.501424E-02
 1.0E-20
 4.564860E-01
 3.152224E-01
 2.405608E-01
 1.943574E-01
 1.629077E-01
 1.400825E-01
 1.227309E-01
 1.090688E-01
 9.406030E-02
 7.724082E-02
 8.675115E-01
 4.891865E-01
 3.363303E-01
 2.548110E-01
 2.045004E-01
 1.704537E-01
 1.458973E-01
 1.273373E-01
 1.127984E-01
 9.691658E-02
 7.922394E-02
 8.739597E-01
 5.000541E-01
 3.467623E-01
 2.634616E-01
 2.114396E-01
 1.760245E-01
 1.504170E-01
 1.310500E-01
 1.158835E-01
 9.933769E-02
 8.094269E-02
 1.0E-20
 5.035550E-01
 3.513955E-01
 2.681966E-01
 2.157991E-01
 1.798671E-01
 1.537429E-01
 1.339086E-01
 1.183364E-01
 1.013202E-01
 8.238752E-02
 8.755733E-01
 5.045833E-01
 3.532331E-01
 2.705595E-01
 2.183535E-01
 1.823771E-01
 1.560805E-01
 1.360205E-01
 1.202122E-01
 1.028841E-01
 8.355848E-02
 8.752297E-01
 5.042033E-01
 3.535034E-01
 2.715341E-01
 2.197610E-01
 1.839576E-01
 1.576665E-01
 1.375217E-01
 1.215874E-01
 1.040625E-01
 8.446195E-02
 8.723751E-01
 5.015661E-01
 3.526676E-01
 2.718157E-01
 2.205594E-01
 1.849604E-01
 1.587175E-01
 1.385420E-01
 1.225385E-01
 1.048910E-01
 8.510691E-02
 8.500734E-01
 4.960133E-01
 3.520554E-01
 2.722405E-01
 2.212068E-01
 1.856485E-01
 1.593914E-01
 1.391777E-01
 1.231241E-01
 1.053985E-01
 8.550148E-02
 8.421058E-01
 5.015599E-01
 3.546399E-01
 2.734856E-01
 2.219186E-01
 1.861283E-01
 1.597555E-01
 1.394739E-01
 1.233739E-01
 1.056004E-01
 8.565025E-02
 9.213099E-01
 5.154898E-01
 3.584992E-01
 2.748538E-01
 2.224473E-01
 1.863113E-01
 1.597790E-01
 1.394208E-01
 1.232853E-01
 1.054967E-01
 8.555306E-02
 8.851353E-01
 5.126073E-01
 3.587926E-01
 2.750550E-01
 2.223472E-01
 1.860083E-01
 1.593685E-01
 1.389675E-01
 1.228290E-01
 1.050730E-01
 8.520501E-02
 8.773244E-01
 5.080420E-01
 3.569643E-01
 2.740083E-01
 2.214157E-01
 1.850587E-01
 1.584124E-01
 1.380400E-01
 1.219572E-01
 1.043041E-01
 8.459761E-02
 8.760488E-01
 5.058732E-01
 3.548835E-01
 2.720968E-01
 2.195979E-01
 1.833264E-01
 1.567903E-01
 1.365505E-01
 1.206112E-01
 1.031586E-01
 8.372084E-02
 8.754300E-01
 5.040309E-01
 3.521683E-01
 2.690844E-01
 2.166491E-01
 1.806050E-01
 1.543515E-01
 1.343982E-01
 1.187265E-01
 1.016044E-01
 8.256574E-02
 8.740106E-01
 5.002523E-01
 3.471437E-01
 2.639763E-01
 2.120049E-01
 1.765731E-01
 1.509115E-01
 1.314766E-01
 1.162428E-01
 9.961481E-02
 8.112740E-02
 8.675331E-01
 4.892816E-01
 3.365385E-01
 2.551266E-01
 2.048843E-01
 1.708603E-01
 1.462914E-01
 1.276986E-01
 1.131181E-01
 9.717678E-02
 7.940799E-02
 8.224972E-01
 4.565432E-01
 3.153550E-01
 2.407739E-01
 1.946327E-01
 1.632167E-01
 1.403985E-01
 1.230346E-01
 1.093488E-01
 9.429921E-02
 7.741933E-02
 6.019286E-01
 3.861737E-01
 2.811123E-01
 2.205276E-01
 1.812510E-01
 1.537139E-01
 1.333065E-01
 1.175470E-01
 1.049851E-01
 9.101852E-02
 7.518430E-02
 3.633000E-01
 2.890635E-01
 2.321758E-01
 1.917481E-01
 1.624800E-01
 1.405610E-01
 1.236027E-01
 1.101081E-01
 9.911330E-02
 8.663772E-02
 7.222154E-02
 1.0E-20
 1.720764E-01
 1.553094E-01
 1.393779E-01
 1.252774E-01
 1.131156E-01
 1.026932E-01
 9.374352E-02
 8.601564E-02
 7.674709E-02
 6.545265E-02
 1.0E-20
 1.590243E-01
 1.448668E-01
 1.310823E-01
 1.186308E-01
 1.077165E-01
 9.824415E-02
 9.002907E-02
 8.287891E-02
 7.423374E-02
 6.361271E-02
 3.080066E-01
 2.548777E-01
 2.105128E-01
 1.771051E-01
 1.519852E-01
 1.326811E-01
 1.174703E-01
 1.052030E-01
 9.510618E-02
 8.353657E-02
 7.003901E-02
 1.0E-20
 3.281387E-01
 2.507766E-01
 2.019148E-01
 1.686269E-01
 1.445567E-01
 1.263445E-01
 1.120717E-01
 1.005701E-01
 8.764829E-02
 7.284994E-02
 1.0E-20
 3.806766E-01
 2.790226E-01
 2.194202E-01
 1.805085E-01
 1.531382E-01
 1.328267E-01
 1.171353E-01
 1.046290E-01
 9.072789E-02
 7.497245E-02
 6.166378E-01
 4.076588E-01
 2.971439E-01
 2.320220E-01
 1.896660E-01
 1.600533E-01
 1.382145E-01
 1.214395E-01
 1.081367E-01
 9.343262E-02
 7.686492E-02
 6.248332E-01
 4.179685E-01
 3.066531E-01
 2.399137E-01
 1.960474E-01
 1.652194E-01
 1.424364E-01
 1.249283E-01
 1.110502E-01
 9.573136E-02
 7.850735E-02
 6.269265E-01
 4.216959E-01
 3.111497E-01
 2.443951E-01
 2.001499E-01
 1.688370E-01
 1.455748E-01
 1.276334E-01
 1.133780E-01
 9.761955E-02
 7.989017E-02
 6.274558E-01
 4.229259E-01
 3.130700E-01
 2.467356E-01
 2.026224E-01
 1.712422E-01
 1.478060E-01
 1.296472E-01
 1.151673E-01
 9.911372E-02
 8.101262E-02
 6.270664E-01
 4.227433E-01
 3.135327E-01
 2.478001E-01
 2.040378E-01
 1.727861E-01
 1.493367E-01
 1.310886E-01
 1.164852E-01
 1.002427E-01
 8.187983E-02
 6.241527E-01
 4.208126E-01
 3.130818E-01
 2.482250E-01
 2.048708E-01
 1.737774E-01
 1.503573E-01
 1.320722E-01
 1.173992E-01
 1.010379E-01
 8.249946E-02
 6.110155E-01
 4.176063E-01
 3.128755E-01
 2.487093E-01
 2.055127E-01
 1.744453E-01
 1.510071E-01
 1.326833E-01
 1.179614E-01
 1.015249E-01
 8.287854E-02
 6.150017E-01
 4.218669E-01
 3.149126E-01
 2.497520E-01
 2.061395E-01
 1.748829E-01
 1.513462E-01
 1.329625E-01
 1.181984E-01
 1.017174E-01
 8.302105E-02
 6.503957E-01
 4.308114E-01
 3.177493E-01
 2.508179E-01
 2.065565E-01
 1.750195E-01
 1.513500E-01
 1.329019E-01
 1.181081E-01
 1.016155E-01
 8.292678E-02
 6.363331E-01
 4.296541E-01
 3.180494E-01
 2.509319E-01
 2.064052E-01
 1.746963E-01
 1.509379E-01
 1.324568E-01
 1.176647E-01
 1.012062E-01
 8.259134E-02
 6.298668E-01
 4.263441E-01
 3.165764E-01
 2.499643E-01
 2.054980E-01
 1.737691E-01
 1.500100E-01
 1.315611E-01
 1.168252E-01
 1.004670E-01
 8.200719E-02
 6.282174E-01
 4.242879E-01
 3.146330E-01
 2.481453E-01
 2.037550E-01
 1.721076E-01
 1.484561E-01
 1.301354E-01
 1.155369E-01
 9.936981E-02
 8.116550E-02
 6.271785E-01
 4.222436E-01
 3.119286E-01
 2.452454E-01
 2.009476E-01
 1.695243E-01
 1.461409E-01
 1.280896E-01
 1.137425E-01
 9.788621E-02
 8.005858E-02
 6.249315E-01
 4.182121E-01
 3.070576E-01
 2.404257E-01
 1.965928E-01
 1.657409E-01
 1.429033E-01
 1.253304E-01
 1.113888E-01
 9.599303E-02
 7.868257E-02
 6.166824E-01
 4.077822E-01
 2.973737E-01
 2.323457E-01
 1.900451E-01
 1.604468E-01
 1.385919E-01
 1.217836E-01
 1.084406E-01
 9.367983E-02
 7.704020E-02
 1.0E-20
 3.807532E-01
 2.791726E-01
 2.196432E-01
 1.807849E-01
 1.534414E-01
 1.331327E-01
 1.174272E-01
 1.048971E-01
 9.095617E-02
 7.514311E-02
 1.0E-20
 3.282031E-01
 2.508933E-01
 2.020859E-01
 1.688421E-01
 1.447992E-01
 1.265971E-01
 1.123206E-01
 1.008058E-01
 8.785660E-02
 7.301313E-02
 1.0E-20
 2.549481E-01
 2.106183E-01
 1.772477E-01
 1.521597E-01
 1.328779E-01
 1.176784E-01
 1.054125E-01
 9.530942E-02
 8.372236E-02
 7.019143E-02
 1.0E-20
 1.591152E-01
 1.449736E-01
 1.312060E-01
 1.187696E-01
 1.078666E-01
 9.840102E-02
 9.018813E-02
 8.303608E-02
 7.438265E-02
 6.374252E-02
 1.0E-20
 1.412801E-01
 1.307325E-01
 1.199511E-01
 1.098151E-01
 1.006486E-01
 9.249805E-02
 8.529387E-02
 7.892813E-02
 7.111384E-02
 6.136669E-02
 2.367284E-01
 2.086400E-01
 1.807613E-01
 1.570825E-01
 1.378225E-01
 1.222224E-01
 1.094704E-01
 9.890779E-02
 9.003767E-02
 7.967779E-02
 6.736916E-02
 1.0E-20
 2.523465E-01
 2.091845E-01
 1.763487E-01
 1.515175E-01
 1.323721E-01
 1.172556E-01
 1.050483E-01
 9.499169E-02
 8.345860E-02
 6.999313E-02
 1.0E-20
 2.832171E-01
 2.292259E-01
 1.900452E-01
 1.613606E-01
 1.397461E-01
 1.229667E-01
 1.095904E-01
 9.868145E-02
 8.629556E-02
 7.197643E-02
 3.757949E-01
 3.020986E-01
 2.430654E-01
 2.002793E-01
 1.691122E-01
 1.457701E-01
 1.277578E-01
 1.134764E-01
 1.018851E-01
 8.879473E-02
 7.374751E-02
 3.853611E-01
 3.113436E-01
 2.511914E-01
 2.070698E-01
 1.746968E-01
 1.503650E-01
 1.315638E-01
 1.166557E-01
 1.045633E-01
 9.092744E-02
 7.528768E-02
 3.888938E-01
 3.154724E-01
 2.555099E-01
 2.111952E-01
 1.784379E-01
 1.536677E-01
 1.344417E-01
 1.191491E-01
 1.067198E-01
 9.268760E-02
 7.658737E-02
 3.901011E-01
 3.171518E-01
 2.576137E-01
 2.135291E-01
 1.808043E-01
 1.559301E-01
 1.365267E-01
 1.210282E-01
 1.083910E-01
 9.408731E-02
 7.764476E-02
 3.899894E-01
 3.174470E-01
 2.584287E-01
 2.147504E-01
 1.822425E-01
 1.574276E-01
 1.379827E-01
 1.223882E-01
 1.096309E-01
 9.514947E-02
 7.846334E-02
 3.882851E-01
 3.167220E-01
 2.585611E-01
 2.153932E-01
 1.831320E-01
 1.584068E-01
 1.389632E-01
 1.233221E-01
 1.104945E-01
 9.589966E-02
 7.904901E-02
 3.854137E-01
 3.160890E-01
 2.588473E-01
 2.159576E-01
 1.837691E-01
 1.590487E-01
 1.395808E-01
 1.239000E-01
 1.110249E-01
 9.635889E-02
 7.940730E-02
 3.892731E-01
 3.184324E-01
 2.601419E-01
 2.167222E-01
 1.842786E-01
 1.594280E-01
 1.398855E-01
 1.241558E-01
 1.112444E-01
 9.653869E-02
 7.954141E-02
 3.973857E-01
 3.220331E-01
 2.616627E-01
 2.173714E-01
 1.845375E-01
 1.594984E-01
 1.398612E-01
 1.240844E-01
 1.111517E-01
 9.643902E-02
 7.945106E-02
 3.963183E-01
 3.221936E-01
 2.618637E-01
 2.173390E-01
 1.843055E-01
 1.591431E-01
 1.394449E-01
 1.236498E-01
 1.107254E-01
 9.604909E-02
 7.913253E-02
 3.933037E-01
 3.204827E-01
 2.608080E-01
 2.164522E-01
 1.834199E-01
 1.582416E-01
 1.385535E-01
 1.227967E-01
 1.099297E-01
 9.534995E-02
 7.857954E-02
 3.913825E-01
 3.186033E-01
 2.590277E-01
 2.147430E-01
 1.817721E-01
 1.566745E-01
 1.370921E-01
 1.214579E-01
 1.087199E-01
 9.431820E-02
 7.778491E-02
 3.894220E-01
 3.161635E-01
 2.563041E-01
 2.119901E-01
 1.791586E-01
 1.542821E-01
 1.349475E-01
 1.195584E-01
 1.070487E-01
 9.293033E-02
 7.674260E-02
 3.856017E-01
 3.116925E-01
 2.516452E-01
 2.075827E-01
 1.752147E-01
 1.508482E-01
 1.319920E-01
 1.170234E-01
 1.048733E-01
 9.116800E-02
 7.545015E-02
 3.759194E-01
 3.022935E-01
 2.433425E-01
 2.006214E-01
 1.694869E-01
 1.461458E-01
 1.281119E-01
 1.137967E-01
 1.021671E-01
 8.902423E-02
 7.391102E-02
 1.0E-20
 2.833443E-01
 2.294142E-01
 1.902892E-01
 1.616417E-01
 1.400423E-01
 1.232593E-01
 1.098662E-01
 9.893332E-02
 8.650942E-02
 7.213658E-02
 1.0E-20
 2.524479E-01
 2.093306E-01
 1.765380E-01
 1.517398E-01
 1.326127E-01
 1.175005E-01
 1.052863E-01
 9.521533E-02
 8.365533E-02
 7.014712E-02
 1.0E-20
 2.087361E-01
 1.808872E-01
 1.572385E-01
 1.380033E-01
 1.224194E-01
 1.096741E-01
 9.911015E-02
 9.023233E-02
 7.985465E-02
 6.751384E-02
 1.0E-20
 1.413829E-01
 1.308485E-01
 1.200807E-01
 1.099566E-01
 1.007985E-01
 9.265253E-02
 8.544891E-02
 7.908025E-02
 7.125711E-02
 6.149106E-02
 1.0E-20
 1.084779E-01
 1.032271E-01
 9.733166E-02
 9.130070E-02
 8.544323E-02
 7.991964E-02
 7.479667E-02
 7.008760E-02
 6.406818E-02
 5.624309E-02
 1.0E-20
 1.403435E-01
 1.300083E-01
 1.194015E-01
 1.093979E-01
 1.003290E-01
 9.225045E-02
 8.509987E-02
 7.877450E-02
 7.100119E-02
 6.129425E-02
 1.0E-20
 1.570930E-01
 1.434539E-01
 1.300596E-01
 1.178825E-01
 1.071594E-01
 9.782215E-02
 8.970440E-02
 8.262569E-02
 7.405125E-02
 6.349780E-02
 1.0E-20
 1.690924E-01
 1.531377E-01
 1.377901E-01
 1.240840E-01
 1.121894E-01
 1.019533E-01
 9.313872E-02
 8.551242E-02
 7.634982E-02
 6.516700E-02
 1.932138E-01
 1.780684E-01
 1.606632E-01
 1.440014E-01
 1.292037E-01
 1.164320E-01
 1.054971E-01
 9.612400E-02
 8.804760E-02
 7.838961E-02
 6.666302E-02
 1.0E-20
 1.840283E-01
 1.659659E-01
 1.486124E-01
 1.331677E-01
 1.198268E-01
 1.084057E-01
 9.862225E-02
 9.020081E-02
 8.014764E-02
 6.797024E-02
 1.0E-20
 1.876745E-01
 1.694354E-01
 1.518214E-01
 1.360718E-01
 1.224170E-01
 1.106953E-01
 1.006359E-01
 9.196755E-02
 8.161545E-02
 6.907941E-02
 2.054126E-01
 1.897720E-01
 1.715820E-01
 1.539460E-01
 1.381058E-01
 1.243126E-01
 1.124277E-01
 1.021982E-01
 9.336393E-02
 8.279659E-02
 6.998681E-02
 2.063853E-01
 1.908973E-01
 1.728533E-01
 1.553051E-01
 1.394824E-01
 1.256492E-01
 1.136864E-01
 1.033583E-01
 9.441792E-02
 8.370222E-02
 7.069266E-02
 2.068004E-01
 1.914962E-01
 1.736186E-01
 1.561752E-01
 1.403943E-01
 1.265545E-01
 1.145528E-01
 1.041671E-01
 9.515990E-02
 8.434612E-02
 7.119927E-02
 2.072136E-01
 1.920033E-01
 1.741872E-01
 1.567672E-01
 1.409830E-01
 1.271225E-01
 1.150887E-01
 1.046640E-01
 9.561443E-02
 8.474010E-02
 7.150923E-02
 2.080782E-01
 1.926857E-01
 1.747057E-01
 1.571694E-01
 1.413083E-01
 1.273957E-01
 1.153240E-01
 1.048693E-01
 9.579472E-02
 8.489078E-02
 7.162400E-02
 2.089509E-01
 1.932586E-01
 1.750201E-01
 1.573075E-01
 1.413374E-01
 1.273609E-01
 1.152539E-01
 1.047817E-01
 9.570053E-02
 8.479808E-02
 7.154319E-02
 2.089820E-01
 1.931959E-01
 1.748403E-01
 1.570239E-01
 1.409817E-01
 1.269659E-01
 1.148465E-01
 1.043813E-01
 9.531940E-02
 8.445545E-02
 7.126448E-02
 2.081068E-01
 1.923655E-01
 1.740206E-01
 1.561931E-01
 1.401443E-01
 1.261405E-01
 1.140532E-01
 1.036353E-01
 9.462974E-02
 8.385145E-02
 7.078423E-02
 2.065417E-01
 1.908190E-01
 1.725004E-01
 1.547135E-01
 1.387260E-01
 1.248045E-01
 1.128149E-01
 1.025029E-01
 9.360486E-02
 8.297226E-02
 7.009863E-02
 2.040986E-01
 1.883681E-01
 1.700977E-01
 1.524241E-01
 1.365980E-01
 1.228628E-01
 1.110658E-01
 1.009408E-01
 9.221743E-02
 8.180477E-02
 6.920505E-02
 2.001107E-01
 1.844847E-01
 1.664323E-01
 1.490682E-01
 1.335933E-01
 1.202096E-01
 1.087406E-01
 9.890990E-02
 9.044516E-02
 8.034021E-02
 6.810379E-02
 1.0E-20
 1.783799E-01
 1.609976E-01
 1.443464E-01
 1.295435E-01
 1.167531E-01
 1.057908E-01
 9.638621E-02
 8.827788E-02
 7.857807E-02
 6.679957E-02
 1.0E-20
 1.693197E-01
 1.533888E-01
 1.380583E-01
 1.243582E-01
 1.124582E-01
 1.022080E-01
 9.337364E-02
 8.572477E-02
 7.652968E-02
 6.530283E-02
 1.0E-20
 1.572733E-01
 1.436544E-01
 1.302768E-01
 1.181091E-01
 1.073871E-01
 9.804349E-02
 8.991370E-02
 8.281942E-02
 7.422026E-02
 6.363033E-02
 1.0E-20
 1.404950E-01
 1.301742E-01
 1.195807E-01
 1.095860E-01
 1.005206E-01
 9.244007E-02
 8.528285E-02
 7.894744E-02
 7.115640E-02
 6.142073E-02
 1.0E-20
 1.086052E-01
 1.033608E-01
 9.747157E-02
 9.144533E-02
 8.559028E-02
 8.006649E-02
 7.494080E-02
 7.022684E-02
 6.419761E-02
 5.635455E-02
