45 0  50000
45 0  1
289
          -110           -115            230        46.963            0
           -70           -115            230      72.61389            0
  -29.99999619           -115            230      112.3923            0
   10.00000191           -115            230      161.1901            0
   50.00000763           -115            230      215.5829            0
   90.00000763           -115            230      274.9109            0
           130           -115            230      331.0767            0
           170           -115            230      372.3096            0
           230           -115            230      395.0786            0
           250           -115            230       385.637            0
           290           -115            230      353.2791            0
           330           -115            230      304.5031            0
           370           -115            230      240.1327            0
           410           -115            230      188.4571            0
           450           -115            230      134.1994            0
           490           -115            230      89.35274            0
           530           -115            230      56.88491            0
          -110            -75            230      41.91334            0
           -70            -75            230      71.78709            0
  -29.99999619            -75            230      115.0746            0
   10.00000191            -75            230      169.2532            0
   50.00000763            -75            230       231.556            0
   90.00000763            -75            230      295.6973            0
           130            -75            230      364.6827            0
           170            -75            230      408.5816            0
           230            -75            230      434.4285            0
           250            -75            230      428.2709            0
           290            -75            230      393.0803            0
           330            -75            230       333.056            0
           370            -75            230      266.8202            0
           410            -75            230      199.5754            0
           450            -75            230      138.8451            0
           490            -75            230      90.56033            0
           530            -75            230      56.04187            0
          -110            -35            230      31.68887            0
           -70            -35            230      66.62727            0
  -29.99999619            -35            230      113.7366            0
   10.00000191            -35            230      177.5618            0
   50.00000763            -35            230      253.5382            0
   90.00000763            -35            230       334.527            0
           130            -35            230      408.8534            0
           170            -35            230      460.5597            0
           230            -35            230      494.8986            0
           250            -35            230      491.8437            0
           290            -35            230        449.75            0
           330            -35            230      379.3616            0
           370            -35            230      301.1449            0
           410            -35            230      216.2952            0
           450            -35            230      149.1268            0
           490            -35            230      94.63038            0
           530            -35            230      51.74089            0
          -110              5            230      26.23471            0
           -70              5            230      63.91233            0
  -29.99999619              5            230      121.2313            0
   10.00000191              5            230      191.5853            0
   50.00000763              5            230      271.8366            0
   90.00000763              5            230      363.5085            0
           130              5            230      452.8914            0
           170              5            230      523.0918            0
           230              5            230      565.3521            0
           250              5            230      557.9178            0
           290              5            230      504.1433            0
           330              5            230      425.7314            0
           370              5            230       328.343            0
           410              5            230      234.4125            0
           450              5            230      154.3593            0
           490              5            230      94.74067            0
           530              5            230      45.90307            0
          -110             45            230      16.17822            0
           -70             45            230      63.46669            0
  -29.99999619             45            230      124.2102            0
   10.00000191             45            230      201.8733            0
   50.00000763             45            230      297.9617            0
   90.00000763             45            230      400.2763            0
           130             45            230      499.7822            0
           170             45            230      581.9854            0
           230             45            230      639.5753            0
           250             45            230      629.0304            0
           290             45            230      570.1007            0
           330             45            230      471.4926            0
           370             45            230      363.1042            0
           410             45            230      254.4018            0
           450             45            230      164.0803            0
           490             45            230      95.96338            0
           530             45            230      43.55895            0
          -110             85            230      7.914897            0
           -70             85            230      56.83323            0
  -29.99999619             85            230      128.4894            0
   10.00000191             85            230       216.082            0
   50.00000763             85            230       315.724            0
   90.00000763             85            230      430.0547            0
           130             85            230      529.5197            0
           170             85            230      618.9726            0
           230             85            230      692.5969            0
           250             85            230      684.1287            0
           290             85            230      616.1337            0
           330             85            230      506.8929            0
           370             85            230      383.0444            0
           410             85            230      267.2319            0
           450             85            230       167.333            0
           490             85            230      90.13854            0
           530             85            230      39.93372            0
          -110            125            230     -2.306986            0
           -70            125            230      49.52362            0
  -29.99999619            125            230      130.4992            0
   10.00000191            125            230      233.0361            0
   50.00000763            125            230       343.865            0
   90.00000763            125            230      449.5699            0
           130            125            230      533.0625            0
           170            125            230      598.0189            0
           230            125            230      667.6767            0
           250            125            230      662.1877            0
           290            125            230      607.5551            0
           330            125            230      511.9344            0
           370            125            230      389.7406            0
           410            125            230      276.6195            0
           450            125            230      167.4244            0
           490            125            230      87.49183            0
           530            125            230      29.99508            0
          -110            165            230     -17.00895            0
           -70            165            230      43.30711            0
  -29.99999619            165            230      137.0931            0
   10.00000191            165            230      264.3501            0
   50.00000763            165            230      379.9419            0
   90.00000763            165            230      466.1602            0
           130            165            230      496.5594            0
           170            165            230      503.8507            0
           230            165            230      538.0716            0
           250            165            230      535.8193            0
           290            165            230      519.9836            0
           330            165            230      471.0825            0
           370            165            230      394.7559            0
           410            165            230        294.54            0
           450            165            230      175.4957            0
           490            165            230      79.15283            0
           530            165            230      10.88173            0
          -110            205            230     -38.52601            0
           -70            205            230      32.27367            0
  -29.99999619            205            230      146.2019            0
   10.00000191            205            230      296.8162            0
   50.00000763            205            230      426.1223            0
   90.00000763            205            230      477.8374            0
           130            205            230      433.1056            0
           170            205            230      347.4004            0
           230            205            230       309.711            0
           250            205            230      318.7496            0
           290            205            230      369.1453            0
           330            205            230      421.0872            0
           370            205            230      404.5142            0
           410            205            230      318.5557            0
           450            205            230      191.7327            0
           490            205            230      81.20661            0
           530            205            230     -4.138573            0
          -110            245            230     -57.90534            0
           -70            245            230       16.4779            0
  -29.99999619            245            230      161.6976            0
   10.00000191            245            230      351.1944            0
   50.00000763            245            230      503.6108            0
   90.00000763            245            230      504.1587            0
           130            245            230      354.1525            0
           170            245            230      187.3133            0
           230            245            230      109.7433            0
           250            245            230      131.2727            0
           290            245            230      229.7919            0
           330            245            230       366.742            0
           370            245            230      444.3301            0
           410            245            230      382.4641            0
           450            245            230      231.8311            0
           490            245            230      81.98597            0
           530            245            230     -17.54788            0
          -110            285            230     -105.4221            0
           -70            285            230     -9.940528            0
  -29.99999619            285            230      183.6602            0
   10.00000191            285            230      442.7051            0
   50.00000763            285            230       615.241            0
   90.00000763            285            230      525.0058            0
           130            285            230      263.2868            0
           170            285            230      97.09573            0
           230            285            230      92.98818            0
           250            285            230      110.3045            0
           290            285            230      172.0238            0
           330            285            230      349.4088            0
           370            285            230      539.6636            0
           410            285            230      505.5242            0
           450            285            230      300.2015            0
           490            285            230      83.43019            0
           530            285            230     -45.51515            0
          -110            325            230     -158.4268            0
           -70            325            230     -63.08338            0
  -29.99999619            325            230      200.2707            0
   10.00000191            325            230      577.1463            0
   50.00000763            325            230      688.0006            0
   90.00000763            325            230      411.7577            0
           130            325            230      102.5386            0
           170            325            230      131.7941            0
           230            325            230      466.3715            0
           250            325            230      435.9635            0
           290            325            230      248.6078            0
           330            325            230       326.165            0
           370            325            230      653.8137            0
           410            325            230      698.9676            0
           450            325            230      411.2527            0
           490            325            230      96.78246            0
           530            325            230     -76.68258            0
          -110            365            230     -237.0462            0
           -70            365            230     -168.0428            0
  -29.99999619            365            230      211.5565            0
   10.00000191            365            230      906.2204            0
   50.00000763            365            230      872.4806            0
   90.00000763            365            230      129.5526            0
           130            365            230      -207.044            0
           170            365            230      311.7585            0
           230            365            230       1777.74            0
           250            365            230      1577.896            0
           290            365            230      440.6098            0
           330            365            230       213.082            0
           370            365            230      904.3399            0
           410            365            230      1127.506            0
           450            365            230      599.9182            0
           490            365            230      106.6147            0
           530            365            230     -128.2146            0
          -110            405            230     -312.7496            0
           -70            405            230     -348.0717            0
  -29.99999619            405            230     -45.72482            0
   10.00000191            405            230      905.9576            0
   50.00000763            405            230      792.7075            0
   90.00000763            405            230     -332.0609            0
           130            405            230     -681.7501            0
           170            405            230     -76.30908            0
           230            405            230      2141.156            0
           250            405            230      1838.505            0
           290            405            230     -36.77086            0
           330            405            230     -345.2549            0
           370            405            230      692.7112            0
           410            405            230      1188.463            0
           450            405            230      733.9837            0
           490            405            230      65.20773            0
           530            405            230     -226.3496            0
          -110            445            230     -363.3515            0
           -70            445            230     -502.8825            0
  -29.99999619            445            230     -494.3698            0
   10.00000191            445            230      41.79796            0
   50.00000763            445            230     -72.62607            0
   90.00000763            445            230     -832.2071            0
           130            445            230     -1088.468            0
           170            445            230     -1130.547            0
           230            445            230     -545.5404            0
           250            445            230     -618.9987            0
           290            445            230     -1202.857            0
           330            445            230     -1152.227            0
           370            445            230     -583.5746            0
           410            445            230      151.1105            0
           450            445            230      494.4228            0
           490            445            230     -183.4681            0
           530            445            230     -378.5207            0
          -110            485            230     -346.9768            0
           -70            485            230     -535.0685            0
  -29.99999619            485            230     -770.5697            0
   10.00000191            485            230     -733.9637            0
   50.00000763            485            230     -819.5154            0
   90.00000763            485            230     -1048.159            0
           130            485            230     -1069.491            0
           170            485            230     -1358.907            0
           230            485            230      -1960.91            0
           250            485            230     -1888.538            0
           290            485            230     -1456.488            0
           330            485            230     -1285.463            0
           370            485            230     -1324.334            0
           410            485            230      -760.915            0
           450            485            230     -239.4849            0
           490            485            230     -527.7675            0
           530            485            230     -477.1508            0
          -110            525            230     -278.1001            0
           -70            525            230     -426.5889            0
  -29.99999619            525            230     -686.4004            0
   10.00000191            525            230     -1009.794            0
   50.00000763            525            230     -1058.284            0
   90.00000763            525            230        -862.8            0
           130            525            230     -762.6688            0
           170            525            230     -815.8467            0
           230            525            230     -976.4824            0
           250            525            230     -967.0229            0
           290            525            230     -878.1408            0
           330            525            230     -853.6863            0
           370            525            230     -987.7794            0
           410            525            230     -1116.348            0
           450            525            230     -695.5842            0
           490            525            230     -678.6246            0
           530            525            230     -462.4725            0
