 1.0E-20
 1.06366E-05
 1.16201E-05
 1.18501E-05
 1.15434E-05
 1.09141E-05
 1.01165E-05
 9.25196E-06
 8.38335E-06
 7.20343E-06
 5.63822E-06
 1.0E-20
 1.53605E-05
 1.68519E-05
 1.68167E-05
 1.58998E-05
 1.45864E-05
 1.31490E-05
 1.17295E-05
 1.03964E-05
 8.69759E-06
 6.58333E-06
 1.0E-20
 1.83412E-05
 2.00839E-05
 1.97395E-05
 1.83495E-05
 1.65741E-05
 1.47395E-05
 1.29952E-05
 1.14020E-05
 9.42453E-06
 7.02785E-06
 1.0E-20
 2.09440E-05
 2.28848E-05
 2.22380E-05
 2.04186E-05
 1.82360E-05
 1.60575E-05
 1.40356E-05
 1.22224E-05
 1.00119E-05
 7.38193E-06
 1.0E-20
 2.33923E-05
 2.55355E-05
 2.46193E-05
 2.23988E-05
 1.98287E-05
 1.73201E-05
 1.50303E-05
 1.30044E-05
 1.05686E-05
 7.71447E-06
 1.0E-20
 2.55062E-05
 2.78554E-05
 2.67485E-05
 2.41974E-05
 2.12899E-05
 1.84847E-05
 1.59498E-05
 1.37273E-05
 1.10820E-05
 8.01903E-06
 1.0E-20
 2.72159E-05
 2.97606E-05
 2.85456E-05
 2.57500E-05
 2.25711E-05
 1.95158E-05
 1.67683E-05
 1.43722E-05
 1.15399E-05
 8.28940E-06
 1.0E-20
 2.85322E-05
 3.12462E-05
 2.99858E-05
 2.70246E-05
 2.36416E-05
 2.03873E-05
 1.74649E-05
 1.49230E-05
 1.19313E-05
 8.51987E-06
 1.0E-20
 2.94988E-05
 3.23497E-05
 3.10815E-05
 2.80149E-05
 2.44861E-05
 2.10822E-05
 1.80239E-05
 1.53666E-05
 1.22470E-05
 8.70539E-06
 1.0E-20
 3.01706E-05
 3.31255E-05
 3.18622E-05
 2.87285E-05
 2.51000E-05
 2.15904E-05
 1.84344E-05
 1.56930E-05
 1.24796E-05
 8.84180E-06
 1.0E-20
 3.06062E-05
 3.36242E-05
 3.23562E-05
 2.91754E-05
 2.54825E-05
 2.19062E-05
 1.86892E-05
 1.58954E-05
 1.26235E-05
 8.92597E-06
 1.0E-20
 3.08349E-05
 3.38691E-05
 3.25747E-05
 2.93588E-05
 2.56321E-05
 2.20259E-05
 1.87838E-05
 1.59695E-05
 1.26754E-05
 8.95594E-06
 1.0E-20
 3.08248E-05
 3.38324E-05
 3.25032E-05
 2.92714E-05
 2.55443E-05
 2.19464E-05
 1.87157E-05
 1.59133E-05
 1.26341E-05
 8.93099E-06
 1.0E-20
 3.05073E-05
 3.34607E-05
 3.21125E-05
 2.88989E-05
 2.52131E-05
 2.16654E-05
 1.84847E-05
 1.57273E-05
 1.25001E-05
 8.85169E-06
 1.0E-20
 2.98523E-05
 3.27185E-05
 3.13768E-05
 2.82277E-05
 2.46334E-05
 2.11831E-05
 1.80932E-05
 1.54146E-05
 1.22764E-05
 8.71978E-06
 1.0E-20
 2.88498E-05
 3.15897E-05
 3.02800E-05
 2.72498E-05
 2.38052E-05
 2.05037E-05
 1.75473E-05
 1.49814E-05
 1.19679E-05
 8.53824E-06
 1.0E-20
 2.74826E-05
 3.00560E-05
 2.88132E-05
 2.59665E-05
 2.27363E-05
 1.96382E-05
 1.68578E-05
 1.44373E-05
 1.15818E-05
 8.31110E-06
 1.0E-20
 2.57240E-05
 2.81003E-05
 2.69801E-05
 2.43940E-05
 2.14468E-05
 1.86055E-05
 1.60411E-05
 1.37957E-05
 1.11273E-05
 8.04331E-06
 1.0E-20
 2.35685E-05
 2.57355E-05
 2.48146E-05
 2.25713E-05
 1.99719E-05
 1.74345E-05
 1.51195E-05
 1.30731E-05
 1.06156E-05
 7.74059E-06
 1.0E-20
 2.10864E-05
 2.30477E-05
 2.24007E-05
 2.05670E-05
 1.83633E-05
 1.61627E-05
 1.41201E-05
 1.22892E-05
 1.00590E-05
 7.40912E-06
 1.0E-20
 1.84566E-05
 2.02169E-05
 1.98745E-05
 1.84757E-05
 1.66856E-05
 1.48342E-05
 1.30734E-05
 1.14653E-05
 9.47057E-06
 7.05544E-06
 1.0E-20
 1.54526E-05
 1.69572E-05
 1.69250E-05
 1.60033E-05
 1.46804E-05
 1.32311E-05
 1.17993E-05
 1.04545E-05
 8.74120E-06
 6.61063E-06
 1.0E-20
 1.06971E-05
 1.16880E-05
 1.19208E-05
 1.16129E-05
 1.09796E-05
 1.01761E-05
 9.30491E-06
 8.42935E-06
 7.24005E-06
 5.66305E-06
 1.0E-20
 1.99419E-05
 1.95606E-05
 1.81944E-05
 1.64333E-05
 1.46021E-05
 1.28557E-05
 1.12587E-05
 9.83026E-06
 8.08212E-06
 5.98350E-06
 1.0E-20
 3.68449E-05
 3.30289E-05
 2.82724E-05
 2.38716E-05
 2.01137E-05
 1.69768E-05
 1.43696E-05
 1.21986E-05
 9.71339E-06
 6.91991E-06
 1.0E-20
 5.14142E-05
 4.27015E-05
 3.46324E-05
 2.81731E-05
 2.31142E-05
 1.91246E-05
 1.59380E-05
 1.33611E-05
 1.04903E-05
 7.35276E-06
 1.0E-20
 6.54341E-05
 5.14237E-05
 4.01605E-05
 3.18300E-05
 2.56269E-05
 2.09023E-05
 1.72233E-05
 1.43051E-05
 1.11136E-05
 7.69572E-06
 8.68954E-05
 7.78512E-05
 5.95212E-05
 4.54091E-05
 3.53362E-05
 2.80438E-05
 2.26113E-05
 1.84551E-05
 1.52059E-05
 1.17038E-05
 8.01516E-06
 9.69443E-05
 8.70563E-05
 6.61977E-05
 5.00107E-05
 3.85141E-05
 3.02723E-05
 2.41992E-05
 1.96021E-05
 1.60433E-05
 1.22495E-05
 8.30399E-06
 1.0E-20
 9.33176E-05
 7.12565E-05
 5.37744E-05
 4.12391E-05
 3.22355E-05
 2.56179E-05
 2.06330E-05
 1.67969E-05
 1.27392E-05
 8.56038E-06
 1.07107E-04
 9.73916E-05
 7.48759E-05
 5.66814E-05
 4.34537E-05
 3.38808E-05
 2.68274E-05
 2.15194E-05
 1.74467E-05
 1.31608E-05
 8.77950E-06
 1.0E-20
 9.98896E-05
 7.73496E-05
 5.88189E-05
 4.51571E-05
 3.51809E-05
 2.77982E-05
 2.22367E-05
 1.79745E-05
 1.35032E-05
 8.95642E-06
 1.0E-20
 1.01295E-04
 7.89915E-05
 6.03141E-05
 4.63772E-05
 3.61259E-05
 2.85105E-05
 2.27660E-05
 1.83649E-05
 1.37565E-05
 9.08642E-06
 1.10547E-04
 1.02289E-04
 8.01154E-05
 6.12780E-05
 4.71424E-05
 3.67130E-05
 2.89521E-05
 2.30940E-05
 1.86068E-05
 1.39132E-05
 9.16548E-06
 1.12579E-04
 1.03704E-04
 8.08920E-05
 6.17518E-05
 4.74623E-05
 3.69399E-05
 2.91160E-05
 2.32131E-05
 1.86933E-05
 1.39686E-05
 9.19470E-06
 1.15268E-04
 1.04912E-04
 8.11332E-05
 6.16902E-05
 4.73262E-05
 3.68028E-05
 2.89995E-05
 2.31207E-05
 1.86225E-05
 1.39213E-05
 9.17109E-06
 1.14640E-04
 1.04401E-04
 8.04806E-05
 6.10001E-05
 4.67074E-05
 3.62949E-05
 2.86025E-05
 2.28188E-05
 1.83965E-05
 1.37730E-05
 9.09528E-06
 1.12152E-04
 1.02300E-04
 7.87874E-05
 5.95935E-05
 4.55708E-05
 3.54078E-05
 2.79275E-05
 2.23132E-05
 1.80214E-05
 1.35281E-05
 8.96655E-06
 1.0E-20
 9.90399E-05
 7.60428E-05
 5.74088E-05
 4.38872E-05
 3.41381E-05
 2.69825E-05
 2.16150E-05
 1.75071E-05
 1.31939E-05
 8.79335E-06
 1.04327E-04
 9.44202E-05
 7.21382E-05
 5.43937E-05
 4.16470E-05
 3.24975E-05
 2.57857E-05
 2.07414E-05
 1.68677E-05
 1.27793E-05
 8.57786E-06
 9.76583E-05
 8.78046E-05
 6.68491E-05
 5.05123E-05
 3.88737E-05
 3.05206E-05
 2.43679E-05
 1.97162E-05
 1.61208E-05
 1.22952E-05
 8.32480E-06
 8.73830E-05
 7.83722E-05
 6.00028E-05
 4.58065E-05
 3.56414E-05
 2.82682E-05
 2.27722E-05
 1.85691E-05
 1.52862E-05
 1.17531E-05
 8.03874E-06
 7.20868E-05
 6.58085E-05
 5.17837E-05
 4.04734E-05
 3.20838E-05
 2.58235E-05
 2.10502E-05
 1.73325E-05
 1.43850E-05
 1.11647E-05
 7.72139E-06
 1.0E-20
 5.16909E-05
 4.29748E-05
 3.48792E-05
 2.83821E-05
 2.32834E-05
 1.92571E-05
 1.60397E-05
 1.34381E-05
 1.05414E-05
 7.37976E-06
 1.0E-20
 3.70446E-05
 3.32301E-05
 2.84601E-05
 2.40370E-05
 2.02531E-05
 1.70906E-05
 1.44604E-05
 1.22698E-05
 9.76286E-06
 6.94755E-06
 1.87373E-05
 2.00551E-05
 1.96769E-05
 1.83071E-05
 1.65376E-05
 1.46952E-05
 1.29364E-05
 1.13268E-05
 9.88684E-06
 8.12449E-06
 6.00973E-06
 1.0E-20
 2.55469E-05
 2.36108E-05
 2.09944E-05
 1.83264E-05
 1.58580E-05
 1.36669E-05
 1.17585E-05
 1.01116E-05
 8.17664E-06
 5.93820E-06
 1.0E-20
 5.18535E-05
 4.11176E-05
 3.27398E-05
 2.64123E-05
 2.15709E-05
 1.78377E-05
 1.48792E-05
 1.24841E-05
 9.80813E-06
 6.87625E-06
 1.19735E-04
 7.62481E-05
 5.33242E-05
 3.97603E-05
 3.08326E-05
 2.46248E-05
 2.00365E-05
 1.64871E-05
 1.36746E-05
 1.05991E-05
 7.32195E-06
 1.97676E-04
 9.98385E-05
 6.40700E-05
 4.57251E-05
 3.45602E-05
 2.72104E-05
 2.18695E-05
 1.78105E-05
 1.46434E-05
 1.12350E-05
 7.67674E-06
 2.49386E-04
 1.20744E-04
 7.42536E-05
 5.14860E-05
 3.81400E-05
 2.96726E-05
 2.36185E-05
 1.90713E-05
 1.55632E-05
 1.18348E-05
 8.00711E-06
 2.74042E-04
 1.35807E-04
 8.29195E-05
 5.67251E-05
 4.14866E-05
 3.19024E-05
 2.52116E-05
 2.02264E-05
 1.64069E-05
 1.23835E-05
 8.29919E-06
 1.0E-20
 1.45529E-04
 8.95726E-05
 6.11519E-05
 4.44563E-05
 3.39269E-05
 2.66129E-05
 2.12386E-05
 1.71495E-05
 1.28595E-05
 8.55454E-06
 2.92938E-04
 1.51492E-04
 9.43229E-05
 6.46482E-05
 4.69412E-05
 3.56721E-05
 2.78371E-05
 2.21000E-05
 1.77581E-05
 1.32609E-05
 8.76689E-06
 1.0E-20
 1.54870E-04
 9.75634E-05
 6.72668E-05
 4.88958E-05
 3.70814E-05
 2.88390E-05
 2.27823E-05
 1.82525E-05
 1.35767E-05
 8.93165E-06
 1.0E-20
 1.56546E-04
 9.97698E-05
 6.91322E-05
 5.03132E-05
 3.81166E-05
 2.95404E-05
 2.33107E-05
 1.86278E-05
 1.38079E-05
 9.04987E-06
 2.86870E-04
 1.57968E-04
 1.01334E-04
 7.03171E-05
 5.11864E-05
 3.86979E-05
 3.00079E-05
 2.36444E-05
 1.88644E-05
 1.39530E-05
 9.11898E-06
 2.94692E-04
 1.60457E-04
 1.02222E-04
 7.07995E-05
 5.14801E-05
 3.89631E-05
 3.01904E-05
 2.37710E-05
 1.89525E-05
 1.40063E-05
 9.14488E-06
 3.20392E-04
 1.62606E-04
 1.02297E-04
 7.05938E-05
 5.12998E-05
 3.88309E-05
 3.00786E-05
 2.36844E-05
 1.88880E-05
 1.39653E-05
 9.12654E-06
 3.12416E-04
 1.62298E-04
 1.01500E-04
 6.97231E-05
 5.05450E-05
 3.82662E-05
 2.96689E-05
 2.33854E-05
 1.86730E-05
 1.38317E-05
 9.06446E-06
 3.03590E-04
 1.59165E-04
 9.94319E-05
 6.80651E-05
 4.92538E-05
 3.72528E-05
 2.89482E-05
 2.28830E-05
 1.83153E-05
 1.36106E-05
 8.95132E-06
 1.0E-20
 1.54244E-04
 9.58970E-05
 6.54747E-05
 4.73696E-05
 3.58988E-05
 2.79611E-05
 2.21739E-05
 1.78286E-05
 1.33032E-05
 8.78516E-06
 2.88514E-04
 1.47259E-04
 9.07641E-05
 6.18888E-05
 4.48917E-05
 3.41815E-05
 2.67631E-05
 2.13287E-05
 1.72044E-05
 1.29056E-05
 8.57635E-06
 2.75260E-04
 1.36923E-04
 8.37891E-05
 5.73333E-05
 4.18871E-05
 3.21587E-05
 2.53742E-05
 2.03297E-05
 1.64730E-05
 1.24195E-05
 8.32386E-06
 2.50157E-04
 1.21491E-04
 7.48860E-05
 5.19701E-05
 3.84875E-05
 2.99128E-05
 2.37811E-05
 1.91806E-05
 1.56364E-05
 1.18768E-05
 8.02922E-06
 1.98190E-04
 1.00357E-04
 6.45347E-05
 4.61053E-05
 3.48522E-05
 2.74254E-05
 2.20238E-05
 1.79194E-05
 1.47196E-05
 1.12809E-05
 7.69765E-06
 1.20094E-04
 7.66204E-05
 5.36712E-05
 4.00585E-05
 3.10740E-05
 2.48121E-05
 2.01775E-05
 1.65912E-05
 1.37504E-05
 1.06470E-05
 7.34517E-06
 1.0E-20
 5.21145E-05
 4.13686E-05
 3.29647E-05
 2.66032E-05
 2.17264E-05
 1.79605E-05
 1.49740E-05
 1.25561E-05
 9.85601E-06
 6.90115E-06
 1.0E-20
 2.56886E-05
 2.37516E-05
 2.11270E-05
 1.84459E-05
 1.59620E-05
 1.37547E-05
 1.18311E-05
 1.01704E-05
 8.21924E-06
 5.96322E-06
 1.0E-20
 2.94699E-05
 2.61469E-05
 2.25698E-05
 1.92688E-05
 1.64198E-05
 1.40021E-05
 1.19547E-05
 1.02089E-05
 8.18479E-06
 5.87672E-06
 1.0E-20
 5.86291E-05
 4.46989E-05
 3.49255E-05
 2.78705E-05
 2.25492E-05
 1.84833E-05
 1.52973E-05
 1.27463E-05
 9.92198E-06
 6.86879E-06
 1.44494E-04
 8.86382E-05
 5.97435E-05
 4.34168E-05
 3.30717E-05
 2.60784E-05
 2.09843E-05
 1.71001E-05
 1.40665E-05
 1.07905E-05
 7.35065E-06
 3.00158E-04
 1.24564E-04
 7.42855E-05
 5.09879E-05
 3.76113E-05
 2.91222E-05
 2.30952E-05
 1.86007E-05
 1.51526E-05
 1.14957E-05
 7.73672E-06
 3.57263E-04
 1.51047E-04
 8.70159E-05
 5.80093E-05
 4.18798E-05
 3.19901E-05
 2.50966E-05
 2.00252E-05
 1.61822E-05
 1.21515E-05
 8.09914E-06
 3.89854E-04
 1.66548E-04
 9.62898E-05
 6.38273E-05
 4.56391E-05
 3.44993E-05
 2.68784E-05
 2.13047E-05
 1.70977E-05
 1.27534E-05
 8.42025E-06
 4.06616E-04
 1.77777E-04
 1.03200E-04
 6.83070E-05
 4.87528E-05
 3.66606E-05
 2.83561E-05
 2.23723E-05
 1.78964E-05
 1.32687E-05
 8.70007E-06
 4.15152E-04
 1.84938E-04
 1.08481E-04
 7.19544E-05
 5.12124E-05
 3.83391E-05
 2.95868E-05
 2.32592E-05
 1.85322E-05
 1.36947E-05
 8.93169E-06
 4.18466E-04
 1.89255E-04
 1.12333E-04
 7.46609E-05
 5.30319E-05
 3.96876E-05
 3.05466E-05
 2.39290E-05
 1.90289E-05
 1.40215E-05
 9.11080E-06
 4.17148E-04
 1.92440E-04
 1.14049E-04
 7.64002E-05
 5.44593E-05
 4.07071E-05
 3.12141E-05
 2.44202E-05
 1.93888E-05
 1.42534E-05
 9.23951E-06
 4.14103E-04
 1.89286E-04
 1.15369E-04
 7.76477E-05
 5.53876E-05
 4.13089E-05
 3.16786E-05
 2.47387E-05
 1.96053E-05
 1.43930E-05
 9.31684E-06
 3.89664E-04
 1.93653E-04
 1.17002E-04
 7.84058E-05
 5.57932E-05
 4.16209E-05
 3.18792E-05
 2.48702E-05
 1.96923E-05
 1.44422E-05
 9.34815E-06
 4.87558E-04
 2.02459E-04
 1.18259E-04
 7.85086E-05
 5.57194E-05
 4.15370E-05
 3.17956E-05
 2.48032E-05
 1.96429E-05
 1.44122E-05
 9.32712E-06
 4.36706E-04
 1.98456E-04
 1.17286E-04
 7.76361E-05
 5.49817E-05
 4.09981E-05
 3.14166E-05
 2.45361E-05
 1.94581E-05
 1.42896E-05
 9.25910E-06
 4.29390E-04
 1.93451E-04
 1.13755E-04
 7.57142E-05
 5.36218E-05
 3.99922E-05
 3.07334E-05
 2.40763E-05
 1.91205E-05
 1.40710E-05
 9.13706E-06
 1.0E-20
 1.88091E-04
 1.09992E-04
 7.26223E-05
 5.16552E-05
 3.86625E-05
 2.97753E-05
 2.33755E-05
 1.86308E-05
 1.37532E-05
 8.95732E-06
 4.09423E-04
 1.79851E-04
 1.04473E-04
 6.90118E-05
 4.91266E-05
 3.68829E-05
 2.85432E-05
 2.24958E-05
 1.79754E-05
 1.33299E-05
 8.72924E-06
 3.91468E-04
 1.67902E-04
 9.72607E-05
 6.44550E-05
 4.60222E-05
 3.47267E-05
 2.70121E-05
 2.14141E-05
 1.71822E-05
 1.28019E-05
 8.45168E-06
 3.58260E-04
 1.51951E-04
 8.77350E-05
 5.85282E-05
 4.22316E-05
 3.22199E-05
 2.52438E-05
 2.01184E-05
 1.62502E-05
 1.22031E-05
 8.12704E-06
 3.00810E-04
 1.25188E-04
 7.48174E-05
 5.14033E-05
 3.79165E-05
 2.93372E-05
 2.32428E-05
 1.87002E-05
 1.52191E-05
 1.15378E-05
 7.76228E-06
 1.44942E-04
 8.90825E-05
 6.01410E-05
 4.37458E-05
 3.33285E-05
 2.62707E-05
 2.11240E-05
 1.71995E-05
 1.41362E-05
 1.08321E-05
 7.37580E-06
 1.0E-20
 5.89375E-05
 4.49856E-05
 3.51747E-05
 2.80759E-05
 2.27118E-05
 1.86081E-05
 1.53908E-05
 1.28152E-05
 9.96576E-06
 6.88974E-06
 1.0E-20
 2.96342E-05
 2.63062E-05
 2.27165E-05
 1.93983E-05
 1.65301E-05
 1.40935E-05
 1.20285E-05
 1.02676E-05
 8.22598E-06
 5.89964E-06
 3.53923E-05
 3.20621E-05
 2.75935E-05
 2.35539E-05
 1.99408E-05
 1.68728E-05
 1.43090E-05
 1.21476E-05
 1.03151E-05
 8.20819E-06
 5.83218E-06
 8.75772E-05
 6.49968E-05
 4.92395E-05
 3.80367E-05
 2.99685E-05
 2.39627E-05
 1.94335E-05
 1.59373E-05
 1.31678E-05
 1.01421E-05
 6.92025E-06
 1.88945E-04
 1.10667E-04
 7.07396E-05
 4.95088E-05
 3.67269E-05
 2.83778E-05
 2.24713E-05
 1.80769E-05
 1.47114E-05
 1.11347E-05
 7.46567E-06
 4.34960E-04
 1.69451E-04
 9.27821E-05
 6.01879E-05
 4.27812E-05
 3.22469E-05
 2.50689E-05
 1.98814E-05
 1.59826E-05
 1.19531E-05
 7.90724E-06
 5.27213E-04
 2.10329E-04
 1.11268E-04
 6.98304E-05
 4.83945E-05
 3.58703E-05
 2.75148E-05
 2.15703E-05
 1.71958E-05
 1.27180E-05
 8.32457E-06
 5.62537E-04
 2.30014E-04
 1.23288E-04
 7.72569E-05
 5.31046E-05
 3.89166E-05
 2.96321E-05
 2.30814E-05
 1.82690E-05
 1.34172E-05
 8.69730E-06
 5.80675E-04
 2.41603E-04
 1.31041E-04
 8.24803E-05
 5.66487E-05
 4.14112E-05
 3.13485E-05
 2.43183E-05
 1.91902E-05
 1.40132E-05
 9.02355E-06
 5.90524E-04
 2.49291E-04
 1.36339E-04
 8.60840E-05
 5.92595E-05
 4.32428E-05
 3.27110E-05
 2.53124E-05
 1.99115E-05
 1.45016E-05
 9.29559E-06
 5.95065E-04
 2.53796E-04
 1.39732E-04
 8.85766E-05
 6.10231E-05
 4.46145E-05
 3.37215E-05
 2.60386E-05
 2.04619E-05
 1.48743E-05
 9.50940E-06
 5.91911E-04
 2.54998E-04
 1.40971E-04
 9.01613E-05
 6.23571E-05
 4.55912E-05
 3.43906E-05
 2.65515E-05
 2.08520E-05
 1.51393E-05
 9.66688E-06
 5.68744E-04
 2.48614E-04
 1.41972E-04
 9.14340E-05
 6.33063E-05
 4.61832E-05
 3.48369E-05
 2.68737E-05
 2.10852E-05
 1.53041E-05
 9.76225E-06
 5.47309E-04
 2.56426E-04
 1.44714E-04
 9.25673E-05
 6.38503E-05
 4.65466E-05
 3.50539E-05
 2.70068E-05
 2.11841E-05
 1.53661E-05
 9.80074E-06
 7.00294E-04
 2.73618E-04
 1.47678E-04
 9.31429E-05
 6.39482E-05
 4.65428E-05
 3.50164E-05
 2.69706E-05
 2.11408E-05
 1.53320E-05
 9.77586E-06
 6.23442E-04
 2.67790E-04
 1.46796E-04
 9.24064E-05
 6.33092E-05
 4.60827E-05
 3.46945E-05
 2.67223E-05
 2.09529E-05
 1.51912E-05
 9.69265E-06
 6.04929E-04
 2.59500E-04
 1.42450E-04
 9.03333E-05
 6.19815E-05
 4.51161E-05
 3.40177E-05
 2.62491E-05
 2.05915E-05
 1.49437E-05
 9.54384E-06
 5.96232E-04
 2.52098E-04
 1.38076E-04
 8.71217E-05
 5.99462E-05
 4.37188E-05
 3.29943E-05
 2.54883E-05
 2.00482E-05
 1.45812E-05
 9.33041E-06
 5.83868E-04
 2.43721E-04
 1.32189E-04
 8.31899E-05
 5.71588E-05
 4.17347E-05
 3.16065E-05
 2.44906E-05
 1.93025E-05
 1.40941E-05
 9.06200E-06
 5.64413E-04
 2.31475E-04
 1.24256E-04
 7.78306E-05
 5.34514E-05
 3.91967E-05
 2.98135E-05
 2.32268E-05
 1.83801E-05
 1.34827E-05
 8.73738E-06
 5.28380E-04
 2.11331E-04
 1.12020E-04
 7.03417E-05
 4.87194E-05
 3.60677E-05
 2.76745E-05
 2.16881E-05
 1.72834E-05
 1.27832E-05
 8.36003E-06
 4.35723E-04
 1.70150E-04
 9.33523E-05
 6.06137E-05
 4.30797E-05
 3.24468E-05
 2.51985E-05
 1.99787E-05
 1.60624E-05
 1.20055E-05
 7.93903E-06
 1.89471E-04
 1.11168E-04
 7.11714E-05
 4.98536E-05
 3.69865E-05
 2.85648E-05
 2.26016E-05
 1.81654E-05
 1.47734E-05
 1.11835E-05
 7.49570E-06
 8.79319E-05
 6.53443E-05
 4.95532E-05
 3.83017E-05
 3.01808E-05
 2.41258E-05
 1.95547E-05
 1.60251E-05
 1.32300E-05
 1.01793E-05
 6.94460E-06
 3.55751E-05
 3.22462E-05
 2.77682E-05
 2.37115E-05
 2.00770E-05
 1.69865E-05
 1.44012E-05
 1.22205E-05
 1.03716E-05
 8.24644E-06
 5.85200E-06
 1.0E-20
 3.36094E-05
 2.87414E-05
 2.44612E-05
 2.06442E-05
 1.73934E-05
 1.46765E-05
 1.23939E-05
 1.04709E-05
 8.27139E-06
 5.81547E-06
 9.43298E-05
 7.18368E-05
 5.45993E-05
 4.18580E-05
 3.26276E-05
 2.57980E-05
 2.06953E-05
 1.68005E-05
 1.37527E-05
 1.04675E-05
 7.04059E-06
 2.13179E-04
 1.29403E-04
 8.24996E-05
 5.67359E-05
 4.12717E-05
 3.13214E-05
 2.44182E-05
 1.93697E-05
 1.55784E-05
 1.16321E-05
 7.67081E-06
 4.85088E-04
 2.02656E-04
 1.11398E-04
 7.07922E-05
 4.91201E-05
 3.62136E-05
 2.76114E-05
 2.15574E-05
 1.71030E-05
 1.26003E-05
 8.18706E-06
 5.93458E-04
 2.54230E-04
 1.35515E-04
 8.33858E-05
 5.63577E-05
 4.07453E-05
 3.06274E-05
 2.36113E-05
 1.85591E-05
 1.35111E-05
 8.67879E-06
 6.33389E-04
 2.78682E-04
 1.50802E-04
 9.27863E-05
 6.22137E-05
 4.45272E-05
 3.32166E-05
 2.54355E-05
 1.98470E-05
 1.43436E-05
 9.12261E-06
 6.51957E-04
 2.91745E-04
 1.59891E-04
 9.89836E-05
 6.64794E-05
 4.75206E-05
 3.52794E-05
 2.69168E-05
 2.09440E-05
 1.50547E-05
 9.51451E-06
 6.62319E-04
 2.99357E-04
 1.65395E-04
 1.02952E-04
 6.94352E-05
 4.96387E-05
 3.68676E-05
 2.80853E-05
 2.18000E-05
 1.56383E-05
 9.84584E-06
 6.66927E-04
 3.03313E-04
 1.68465E-04
 1.05417E-04
 7.12969E-05
 5.11440E-05
 3.80091E-05
 2.89273E-05
 2.24488E-05
 1.60877E-05
 1.01074E-05
 6.61650E-04
 3.03452E-04
 1.69249E-04
 1.06809E-04
 7.26140E-05
 5.21701E-05
 3.87497E-05
 2.95155E-05
 2.29107E-05
 1.64124E-05
 1.02999E-05
 6.34697E-04
 2.96019E-04
 1.70127E-04
 1.08087E-04
 7.35515E-05
 5.27876E-05
 3.92402E-05
 2.98908E-05
 2.31963E-05
 1.66147E-05
 1.04172E-05
 6.17091E-04
 3.05965E-04
 1.73728E-04
 1.09550E-04
 7.42209E-05
 5.31953E-05
 3.94966E-05
 3.00585E-05
 2.33198E-05
 1.66927E-05
 1.04643E-05
 7.79781E-04
 3.26890E-04
 1.77905E-04
 1.10560E-04
 7.45040E-05
 5.32869E-05
 3.94882E-05
 3.00239E-05
 2.32722E-05
 1.66526E-05
 1.04346E-05
 7.00693E-04
 3.21020E-04
 1.77297E-04
 1.10035E-04
 7.40151E-05
 5.28799E-05
 3.91666E-05
 2.97483E-05
 2.30473E-05
 1.64823E-05
 1.03327E-05
 6.78516E-04
 3.11133E-04
 1.72557E-04
 1.07938E-04
 7.26657E-05
 5.18687E-05
 3.84303E-05
 2.92105E-05
 2.26222E-05
 1.61800E-05
 1.01512E-05
 6.67652E-04
 3.02781E-04
 1.67784E-04
 1.04451E-04
 7.04165E-05
 5.02967E-05
 3.72630E-05
 2.83310E-05
 2.19810E-05
 1.57423E-05
 9.89120E-06
 6.55185E-04
 2.93675E-04
 1.61240E-04
 9.99320E-05
 6.71718E-05
 4.79726E-05
 3.56250E-05
 2.71480E-05
 2.10961E-05
 1.51589E-05
 9.56371E-06
 6.35369E-04
 2.80127E-04
 1.51681E-04
 9.34217E-05
 6.26623E-05
 4.48894E-05
 3.34600E-05
 2.56263E-05
 1.99907E-05
 1.44295E-05
 9.17282E-06
 5.94719E-04
 2.55264E-04
 1.36249E-04
 8.38519E-05
 5.66950E-05
 4.09912E-05
 3.08278E-05
 2.37613E-05
 1.86716E-05
 1.35930E-05
 8.72321E-06
 4.85929E-04
 2.03395E-04
 1.11976E-04
 7.12043E-05
 4.93935E-05
 3.64082E-05
 2.77660E-05
 2.16762E-05
 1.72006E-05
 1.26656E-05
 8.22639E-06
 2.13762E-04
 1.29939E-04
 8.29473E-05
 5.70811E-05
 4.15214E-05
 3.14932E-05
 2.45372E-05
 1.94700E-05
 1.56525E-05
 1.16902E-05
 7.70689E-06
 9.47246E-05
 7.22128E-05
 5.49297E-05
 4.21295E-05
 3.28386E-05
 2.59548E-05
 2.08076E-05
 1.68783E-05
 1.38146E-05
 1.05108E-05
 7.06930E-06
 3.81862E-05
 3.38095E-05
 2.89275E-05
 2.46258E-05
 2.07837E-05
 1.75074E-05
 1.47668E-05
 1.24636E-05
 1.05233E-05
 8.30520E-06
 5.83621E-06
 1.0E-20
 3.47901E-05
 2.97947E-05
 2.53687E-05
 2.13880E-05
 1.79695E-05
 1.51016E-05
 1.26934E-05
 1.06711E-05
 8.37107E-06
 5.82797E-06
 1.0E-20
 7.74254E-05
 5.95022E-05
 4.56696E-05
 3.54303E-05
 2.78095E-05
 2.21225E-05
 1.77947E-05
 1.44453E-05
 1.08796E-05
 7.22045E-06
 1.0E-20
 1.41713E-04
 9.20411E-05
 6.34656E-05
 4.58842E-05
 3.44657E-05
 2.65587E-05
 2.08427E-05
 1.65965E-05
 1.22420E-05
 7.95213E-06
 5.05971E-04
 2.22187E-04
 1.25607E-04
 8.03223E-05
 5.53970E-05
 4.03652E-05
 3.03985E-05
 2.34533E-05
 1.84064E-05
 1.33834E-05
 8.55719E-06
 6.20891E-04
 2.79680E-04
 1.53763E-04
 9.53944E-05
 6.41440E-05
 4.58484E-05
 3.40254E-05
 2.59116E-05
 2.01383E-05
 1.44637E-05
 9.13787E-06
 6.63912E-04
 3.07554E-04
 1.71658E-04
 1.06578E-04
 7.11839E-05
 5.04085E-05
 3.71343E-05
 2.80907E-05
 2.16746E-05
 1.54537E-05
 9.66764E-06
 6.83431E-04
 3.22006E-04
 1.82071E-04
 1.13846E-04
 7.62364E-05
 5.39640E-05
 3.95974E-05
 2.98596E-05
 2.29815E-05
 1.63044E-05
 1.01385E-05
 6.93787E-04
 3.29854E-04
 1.88059E-04
 1.18321E-04
 7.96377E-05
 5.64435E-05
 4.14682E-05
 3.12464E-05
 2.40063E-05
 1.70075E-05
 1.05369E-05
 1.0E-20
 3.33484E-04
 1.91104E-04
 1.20933E-04
 8.17086E-05
 5.81596E-05
 4.27976E-05
 3.22476E-05
 2.47873E-05
 1.75516E-05
 1.08521E-05
 6.92077E-04
 3.33142E-04
 1.91642E-04
 1.22312E-04
 8.31134E-05
 5.93072E-05
 4.36636E-05
 3.29529E-05
 2.53456E-05
 1.79444E-05
 1.10838E-05
 6.64708E-04
 3.25570E-04
 1.92504E-04
 1.23609E-04
 8.41189E-05
 6.00126E-05
 4.42485E-05
 3.34050E-05
 2.56919E-05
 1.81893E-05
 1.12257E-05
 6.48375E-04
 3.36422E-04
 1.96579E-04
 1.25285E-04
 8.48910E-05
 6.05045E-05
 4.45599E-05
 3.36108E-05
 2.58427E-05
 1.82851E-05
 1.12825E-05
 1.0E-20
 3.58638E-04
 2.01396E-04
 1.26604E-04
 8.53192E-05
 6.06349E-05
 4.45609E-05
 3.35736E-05
 2.57883E-05
 1.82374E-05
 1.12471E-05
 1.0E-20
 3.53049E-04
 2.01069E-04
 1.26264E-04
 8.48893E-05
 6.02146E-05
 4.41887E-05
 3.32472E-05
 2.55186E-05
 1.80329E-05
 1.11240E-05
 1.0E-20
 3.42737E-04
 1.96220E-04
 1.24084E-04
 8.34431E-05
 5.90947E-05
 4.33417E-05
 3.26042E-05
 2.50058E-05
 1.76678E-05
 1.09057E-05
 1.0E-20
 3.33953E-04
 1.91039E-04
 1.20248E-04
 8.09026E-05
 5.72821E-05
 4.19776E-05
 3.15644E-05
 2.42338E-05
 1.71374E-05
 1.05935E-05
 6.86517E-04
 3.24155E-04
 1.83717E-04
 1.15048E-04
 7.71196E-05
 5.45510E-05
 4.00355E-05
 3.01536E-05
 2.31761E-05
 1.64337E-05
 1.01993E-05
 6.65882E-04
 3.08908E-04
 1.72650E-04
 1.07350E-04
 7.17496E-05
 5.08625E-05
 3.74462E-05
 2.83312E-05
 2.18539E-05
 1.55619E-05
 9.72889E-06
 6.22186E-04
 2.80695E-04
 1.54443E-04
 9.59120E-05
 6.45481E-05
 4.61525E-05
 3.42731E-05
 2.60984E-05
 2.02787E-05
 1.45642E-05
 9.19220E-06
 5.06852E-04
 2.22935E-04
 1.26168E-04
 8.07023E-05
 5.56912E-05
 4.05945E-05
 3.05838E-05
 2.35979E-05
 1.85247E-05
 1.34633E-05
 8.60497E-06
 2.26085E-04
 1.42266E-04
 9.24883E-05
 6.37978E-05
 4.61138E-05
 3.46433E-05
 2.66966E-05
 2.09599E-05
 1.66850E-05
 1.23112E-05
 7.99509E-06
 9.96763E-05
 7.78185E-05
 5.98389E-05
 4.59386E-05
 3.56329E-05
 2.79543E-05
 2.22289E-05
 1.78821E-05
 1.45160E-05
 1.09302E-05
 7.25428E-06
 3.96609E-05
 3.50019E-05
 2.99880E-05
 2.55364E-05
 2.15273E-05
 1.80806E-05
 1.51874E-05
 1.27575E-05
 1.07176E-05
 8.40516E-06
 5.85102E-06
 4.04755E-05
 3.57265E-05
 3.07042E-05
 2.62002E-05
 2.20953E-05
 1.85352E-05
 1.55324E-05
 1.30077E-05
 1.08877E-05
 8.49064E-06
 5.86477E-06
 1.02676E-04
 8.14938E-05
 6.33942E-05
 4.89465E-05
 3.79964E-05
 2.97365E-05
 2.35274E-05
 1.88114E-05
 1.51751E-05
 1.13343E-05
 7.44263E-06
 2.32260E-04
 1.49442E-04
 9.89359E-05
 6.89228E-05
 4.99388E-05
 3.73944E-05
 2.86511E-05
 2.23312E-05
 1.76567E-05
 1.29044E-05
 8.28495E-06
 5.16301E-04
 2.33554E-04
 1.35386E-04
 8.77887E-05
 6.08035E-05
 4.41989E-05
 3.30991E-05
 2.53573E-05
 1.97564E-05
 1.42277E-05
 8.98721E-06
 6.34193E-04
 2.94222E-04
 1.66092E-04
 1.04696E-04
 7.08118E-05
 5.05347E-05
 3.73057E-05
 2.82159E-05
 2.17702E-05
 1.54874E-05
 9.66572E-06
 6.79026E-04
 3.24207E-04
 1.85824E-04
 1.17299E-04
 7.88728E-05
 5.58128E-05
 4.09188E-05
 3.07525E-05
 2.35642E-05
 1.66459E-05
 1.02878E-05
 6.99389E-04
 3.39716E-04
 1.97337E-04
 1.25500E-04
 8.46525E-05
 5.99136E-05
 4.37853E-05
 3.28202E-05
 2.50945E-05
 1.76487E-05
 1.08412E-05
 7.09722E-04
 3.47965E-04
 2.03847E-04
 1.30497E-04
 8.85140E-05
 6.27721E-05
 4.59578E-05
 3.44440E-05
 2.63053E-05
 1.84782E-05
 1.13100E-05
 7.13620E-04
 3.51577E-04
 2.07044E-04
 1.33351E-04
 9.08494E-05
 6.47366E-05
 4.75042E-05
 3.56280E-05
 2.72290E-05
 1.91212E-05
 1.16816E-05
 7.07600E-04
 3.51039E-04
 2.07570E-04
 1.34832E-04
 9.24077E-05
 6.60502E-05
 4.85263E-05
 3.64607E-05
 2.78886E-05
 1.95855E-05
 1.19548E-05
 6.80251E-04
 3.43473E-04
 2.08454E-04
 1.36217E-04
 9.35313E-05
 6.68768E-05
 4.92114E-05
 3.69934E-05
 2.82984E-05
 1.98751E-05
 1.21225E-05
 6.64349E-04
 3.54683E-04
 2.12751E-04
 1.38032E-04
 9.44150E-05
 6.74439E-05
 4.95754E-05
 3.72370E-05
 2.84770E-05
 1.99892E-05
 1.21893E-05
 8.29591E-04
 3.77370E-04
 2.17886E-04
 1.39523E-04
 9.49037E-05
 6.75945E-05
 4.95778E-05
 3.71934E-05
 2.84137E-05
 1.99330E-05
 1.21478E-05
 7.50730E-04
 3.72004E-04
 2.17746E-04
 1.39248E-04
 9.44555E-05
 6.71152E-05
 4.91436E-05
 3.68102E-05
 2.80954E-05
 1.96919E-05
 1.20023E-05
 7.27428E-04
 3.61646E-04
 2.12808E-04
 1.36945E-04
 9.28663E-05
 6.58465E-05
 4.81561E-05
 3.60517E-05
 2.74899E-05
 1.92607E-05
 1.17451E-05
 7.15752E-04
 3.52553E-04
 2.07265E-04
 1.32760E-04
 9.00145E-05
 6.37682E-05
 4.65705E-05
 3.48297E-05
 2.65774E-05
 1.86336E-05
 1.13780E-05
 7.02504E-04
 3.42118E-04
 1.99242E-04
 1.26923E-04
 8.57070E-05
 6.06249E-05
 4.43108E-05
 3.31746E-05
 2.53308E-05
 1.78030E-05
 1.09138E-05
 6.80937E-04
 3.25636E-04
 1.86955E-04
 1.18204E-04
 7.95521E-05
 5.63562E-05
 4.12980E-05
 3.10423E-05
 2.37792E-05
 1.67766E-05
 1.03604E-05
 6.35482E-04
 2.95192E-04
 1.66826E-04
 1.05289E-04
 7.12864E-05
 5.08989E-05
 3.76018E-05
 2.84402E-05
 2.19391E-05
 1.56069E-05
 9.73032E-06
 5.17195E-04
 2.34289E-04
 1.35915E-04
 8.82011E-05
 6.11390E-05
 4.44665E-05
 3.33174E-05
 2.55290E-05
 1.98964E-05
 1.43229E-05
 9.04385E-06
 2.32897E-04
 1.49996E-04
 9.93702E-05
 6.92327E-05
 5.01851E-05
 3.75950E-05
 2.88103E-05
 2.24671E-05
 1.77610E-05
 1.29854E-05
 8.33525E-06
 1.03117E-04
 8.18939E-05
 6.37286E-05
 4.92061E-05
 3.81848E-05
 2.98830E-05
 2.36456E-05
 1.89100E-05
 1.52559E-05
 1.13931E-05
 7.48202E-06
 4.07062E-05
 3.59456E-05
 3.09005E-05
 2.63672E-05
 2.22309E-05
 1.86408E-05
 1.56112E-05
 1.30649E-05
 1.09363E-05
 8.52790E-06
 5.89050E-06
 1.0E-20
 3.64263E-05
 3.14094E-05
 2.68667E-05
 2.26793E-05
 1.90152E-05
 1.59075E-05
 1.32837E-05
 1.10868E-05
 8.61008E-06
 5.91604E-06
 1.0E-20
 8.43199E-05
 6.62412E-05
 5.14922E-05
 4.00939E-05
 3.13752E-05
 2.47731E-05
 1.97414E-05
 1.58638E-05
 1.17846E-05
 7.68536E-06
 1.0E-20
 1.54326E-04
 1.03673E-04
 7.29783E-05
 5.31678E-05
 3.98614E-05
 3.04920E-05
 2.36891E-05
 1.86552E-05
 1.35577E-05
 8.64137E-06
 1.0E-20
 2.40395E-04
 1.41862E-04
 9.32176E-05
 6.50552E-05
 4.74016E-05
 3.54643E-05
 2.70904E-05
 2.10264E-05
 1.50585E-05
 9.44324E-06
 6.41491E-04
 3.02828E-04
 1.74148E-04
 1.11405E-04
 7.60253E-05
 5.44370E-05
 4.01748E-05
 3.03128E-05
 2.33060E-05
 1.64944E-05
 1.02191E-05
 1.0E-20
 3.34070E-04
 1.95116E-04
 1.25044E-04
 8.48924E-05
 6.03197E-05
 4.42349E-05
 3.31801E-05
 2.53467E-05
 1.78192E-05
 1.09325E-05
 1.0E-20
 3.50368E-04
 2.07449E-04
 1.33981E-04
 9.12795E-05
 6.48994E-05
 4.74709E-05
 3.55313E-05
 2.70949E-05
 1.89684E-05
 1.15679E-05
 7.18785E-04
 3.59000E-04
 2.14423E-04
 1.39443E-04
 9.55592E-05
 6.81116E-05
 4.99328E-05
 3.73864E-05
 2.84838E-05
 1.99203E-05
 1.21065E-05
 1.0E-20
 3.62728E-04
 2.17839E-04
 1.42564E-04
 9.81662E-05
 7.03277E-05
 5.16964E-05
 3.87447E-05
 2.95446E-05
 2.06598E-05
 1.25343E-05
 7.16540E-04
 3.62182E-04
 2.18456E-04
 1.44198E-04
 9.99054E-05
 7.18178E-05
 5.28685E-05
 3.97002E-05
 3.03023E-05
 2.11941E-05
 1.28488E-05
 6.89220E-04
 3.54615E-04
 2.19413E-04
 1.45703E-04
 1.01160E-04
 7.27587E-05
 5.36488E-05
 4.03101E-05
 3.07736E-05
 2.15275E-05
 1.30424E-05
 6.73476E-04
 3.65964E-04
 2.23821E-04
 1.47631E-04
 1.02128E-04
 7.33882E-05
 5.40593E-05
 4.05884E-05
 3.09783E-05
 2.16593E-05
 1.31191E-05
 8.38911E-04
 3.88852E-04
 2.29106E-04
 1.49184E-04
 1.02643E-04
 7.35445E-05
 5.40569E-05
 4.05358E-05
 3.09051E-05
 2.15942E-05
 1.30714E-05
 7.60151E-04
 3.83637E-04
 2.29026E-04
 1.48892E-04
 1.02135E-04
 7.29982E-05
 5.35583E-05
 4.00954E-05
 3.05383E-05
 2.13167E-05
 1.29033E-05
 7.36866E-04
 3.73242E-04
 2.23985E-04
 1.46445E-04
 1.00383E-04
 7.15705E-05
 5.24351E-05
 3.92250E-05
 2.98427E-05
 2.08204E-05
 1.26072E-05
 1.0E-20
 3.63905E-04
 2.18137E-04
 1.41946E-04
 9.72375E-05
 6.92332E-05
 5.06316E-05
 3.78306E-05
 2.87956E-05
 2.00991E-05
 1.21854E-05
 7.11517E-04
 3.52967E-04
 2.09553E-04
 1.35578E-04
 9.24726E-05
 6.57147E-05
 4.80717E-05
 3.59392E-05
 2.73689E-05
 1.91459E-05
 1.16518E-05
 6.89287E-04
 3.35608E-04
 1.96368E-04
 1.26064E-04
 8.56700E-05
 6.09418E-05
 4.46743E-05
 3.35148E-05
 2.55947E-05
 1.79712E-05
 1.10161E-05
 6.42755E-04
 3.03819E-04
 1.74952E-04
 1.12070E-04
 7.65652E-05
 5.48568E-05
 4.05159E-05
 3.05725E-05
 2.35021E-05
 1.66323E-05
 1.02938E-05
 5.22974E-04
 2.41105E-04
 1.42414E-04
 9.36714E-05
 6.54317E-05
 4.77064E-05
 3.57145E-05
 2.72883E-05
 2.11874E-05
 1.51688E-05
 9.50871E-06
 2.36977E-04
 1.54871E-04
 1.04086E-04
 7.33052E-05
 5.34385E-05
 4.00857E-05
 3.06727E-05
 2.38436E-05
 1.87751E-05
 1.36505E-05
 8.69907E-06
 1.05452E-04
 8.47191E-05
 6.65667E-05
 5.17369E-05
 4.02867E-05
 3.15345E-05
 2.49039E-05
 1.98516E-05
 1.59549E-05
 1.18517E-05
 7.73046E-06
 1.0E-20
 3.66485E-05
 3.16050E-05
 2.70298E-05
 2.28084E-05
 1.91126E-05
 1.59817E-05
 1.33444E-05
 1.11390E-05
 8.65080E-06
 5.94466E-06
 1.0E-20
 3.68681E-05
 3.18618E-05
 2.73038E-05
 2.30716E-05
 1.93454E-05
 1.61659E-05
 1.34820E-05
 1.12353E-05
 8.70701E-06
 5.97085E-06
 1.0E-20
 8.61950E-05
 6.81728E-05
 5.32845E-05
 4.16241E-05
 3.26210E-05
 2.57541E-05
 2.04994E-05
 1.64452E-05
 1.21874E-05
 7.92820E-06
 1.0E-20
 1.57417E-04
 1.06786E-04
 7.57813E-05
 5.55188E-05
 4.17408E-05
 3.19518E-05
 2.48069E-05
 1.95080E-05
 1.41465E-05
 8.99437E-06
 1.0E-20
 2.44609E-04
 1.46031E-04
 9.69357E-05
 6.81364E-05
 4.98407E-05
 3.73453E-05
 2.85235E-05
 2.21166E-05
 1.58103E-05
 9.89016E-06
 6.45805E-04
 3.08042E-04
 1.79312E-04
 1.15985E-04
 7.98007E-05
 5.74133E-05
 4.24635E-05
 3.20543E-05
 2.46307E-05
 1.74072E-05
 1.07579E-05
 6.92312E-04
 3.40094E-04
 2.01092E-04
 1.30347E-04
 8.92664E-05
 6.37707E-05
 4.68923E-05
 3.52062E-05
 2.68908E-05
 1.88817E-05
 1.15574E-05
 7.13574E-04
 3.56942E-04
 2.14009E-04
 1.39830E-04
 9.61261E-05
 6.87404E-05
 5.04423E-05
 3.78054E-05
 2.88302E-05
 2.01637E-05
 1.22701E-05
 7.24309E-04
 3.65892E-04
 2.21356E-04
 1.45669E-04
 1.00753E-04
 7.22557E-05
 5.31566E-05
 3.98613E-05
 3.03770E-05
 2.12272E-05
 1.28750E-05
 1.0E-20
 3.69772E-04
 2.24987E-04
 1.49034E-04
 1.03606E-04
 7.46963E-05
 5.51084E-05
 4.13730E-05
 3.15607E-05
 2.20551E-05
 1.33561E-05
 7.22100E-04
 3.69286E-04
 2.25728E-04
 1.50831E-04
 1.05517E-04
 7.63406E-05
 5.64124E-05
 4.24376E-05
 3.24068E-05
 2.26539E-05
 1.37100E-05
 6.94777E-04
 3.61753E-04
 2.26775E-04
 1.52454E-04
 1.06883E-04
 7.73797E-05
 5.72758E-05
 4.31160E-05
 3.29335E-05
 2.30277E-05
 1.39282E-05
 6.79093E-04
 3.73152E-04
 2.31270E-04
 1.54459E-04
 1.07913E-04
 7.80581E-05
 5.77245E-05
 4.34240E-05
 3.31612E-05
 2.31755E-05
 1.40143E-05
 8.44613E-04
 3.96144E-04
 2.36599E-04
 1.56034E-04
 1.08435E-04
 7.82115E-05
 5.77141E-05
 4.33615E-05
 3.30780E-05
 2.31018E-05
 1.39605E-05
 7.65929E-04
 3.90981E-04
 2.36507E-04
 1.55687E-04
 1.07863E-04
 7.76006E-05
 5.71555E-05
 4.28683E-05
 3.26666E-05
 2.27902E-05
 1.37708E-05
 7.42660E-04
 3.80531E-04
 2.31356E-04
 1.53095E-04
 1.05956E-04
 7.60339E-05
 5.59127E-05
 4.18981E-05
 3.18893E-05
 2.22338E-05
 1.34376E-05
 7.30764E-04
 3.70997E-04
 2.25260E-04
 1.48333E-04
 1.02557E-04
 7.34704E-05
 5.39223E-05
 4.03527E-05
 3.07219E-05
 2.14263E-05
 1.29638E-05
 7.16953E-04
 3.59681E-04
 2.16254E-04
 1.41554E-04
 9.74231E-05
 6.96364E-05
 5.11035E-05
 3.82575E-05
 2.91364E-05
 2.03616E-05
 1.23645E-05
 6.94276E-04
 3.41722E-04
 2.02440E-04
 1.31457E-04
 9.01222E-05
 6.44566E-05
 4.73817E-05
 3.55790E-05
 2.71675E-05
 1.90528E-05
 1.16512E-05
 6.47041E-04
 3.09086E-04
 1.80176E-04
 1.16709E-04
 8.03954E-05
 5.78801E-05
 4.28432E-05
 3.23447E-05
 2.48508E-05
 1.75618E-05
 1.08420E-05
 5.26426E-04
 2.45319E-04
 1.46619E-04
 9.74270E-05
 6.85492E-05
 5.01782E-05
 3.76236E-05
 2.87448E-05
 2.22967E-05
 1.59344E-05
 9.96401E-06
 1.0E-20
 1.57946E-04
 1.07207E-04
 7.61301E-05
 5.58121E-05
 4.19867E-05
 3.21521E-05
 2.49784E-05
 1.96423E-05
 1.42503E-05
 9.05918E-06
 1.07002E-04
 8.65875E-05
 6.84848E-05
 5.35302E-05
 4.18287E-05
 3.27926E-05
 2.58968E-05
 2.06206E-05
 1.65461E-05
 1.22625E-05
 7.97887E-06
 1.0E-20
 3.70897E-05
 3.20533E-05
 2.74600E-05
 2.31919E-05
 1.94385E-05
 1.62433E-05
 1.35461E-05
 1.12910E-05
 8.75119E-06
 6.00240E-06
 4.18423E-05
 3.70347E-05
 3.20279E-05
 2.74680E-05
 2.32240E-05
 1.94725E-05
 1.62712E-05
 1.35676E-05
 1.13055E-05
 8.76311E-06
 6.01997E-06
 1.0E-20
 8.73117E-05
 6.93176E-05
 5.43529E-05
 4.25680E-05
 3.34168E-05
 2.64061E-05
 2.10267E-05
 1.68715E-05
 1.25094E-05
 8.15359E-06
 2.40448E-04
 1.59279E-04
 1.08650E-04
 7.75095E-05
 5.70192E-05
 4.29873E-05
 3.29611E-05
 2.56153E-05
 2.01559E-05
 1.46295E-05
 9.31964E-06
 5.27668E-04
 2.47124E-04
 1.48551E-04
 9.92509E-05
 7.01296E-05
 5.14849E-05
 3.86691E-05
 2.95790E-05
 2.29594E-05
 1.64330E-05
 1.03004E-05
 6.48422E-04
 3.11181E-04
 1.82451E-04
 1.18859E-04
 8.22670E-05
 5.94428E-05
 4.40949E-05
 3.33538E-05
 2.56663E-05
 1.81665E-05
 1.12511E-05
 6.95327E-04
 3.43748E-04
 2.04754E-04
 1.33703E-04
 9.21505E-05
 6.61478E-05
 4.88068E-05
 3.67325E-05
 2.81047E-05
 1.97685E-05
 1.21286E-05
 7.16883E-04
 3.60972E-04
 2.18069E-04
 1.43568E-04
 9.93526E-05
 7.14122E-05
 5.26018E-05
 3.95284E-05
 3.02009E-05
 2.11640E-05
 1.29115E-05
 7.27799E-04
 3.70164E-04
 2.25691E-04
 1.49687E-04
 1.04245E-04
 7.51632E-05
 5.55130E-05
 4.17456E-05
 3.18782E-05
 2.23236E-05
 1.35766E-05
 7.31819E-04
 3.74183E-04
 2.29500E-04
 1.53251E-04
 1.07295E-04
 7.77785E-05
 5.76143E-05
 4.33820E-05
 3.31644E-05
 2.32279E-05
 1.41064E-05
 7.25704E-04
 3.73773E-04
 2.30359E-04
 1.55189E-04
 1.09341E-04
 7.95447E-05
 5.90241E-05
 4.45360E-05
 3.40847E-05
 2.38826E-05
 1.44961E-05
 6.98374E-04
 3.66288E-04
 2.31498E-04
 1.56904E-04
 1.10793E-04
 8.06607E-05
 5.99540E-05
 4.52704E-05
 3.46578E-05
 2.42914E-05
 1.47368E-05
 6.82708E-04
 3.77734E-04
 2.36048E-04
 1.58959E-04
 1.11866E-04
 8.13751E-05
 6.04320E-05
 4.56020E-05
 3.49044E-05
 2.44530E-05
 1.48314E-05
 8.48274E-04
 4.00757E-04
 2.41391E-04
 1.60540E-04
 1.12386E-04
 8.15222E-05
 6.04130E-05
 4.55302E-05
 3.48122E-05
 2.43715E-05
 1.47720E-05
 7.69637E-04
 3.95595E-04
 2.41254E-04
 1.60140E-04
 1.11758E-04
 8.08570E-05
 5.98042E-05
 4.49927E-05
 3.43626E-05
 2.40300E-05
 1.45623E-05
 7.46353E-04
 3.85082E-04
 2.35999E-04
 1.57421E-04
 1.09731E-04
 7.91802E-05
 5.84649E-05
 4.39402E-05
 3.35166E-05
 2.34214E-05
 1.41952E-05
 7.34369E-04
 3.75393E-04
 2.29715E-04
 1.52455E-04
 1.06133E-04
 7.64429E-05
 5.63272E-05
 4.22726E-05
 3.22491E-05
 2.25393E-05
 1.36741E-05
 7.20350E-04
 3.63807E-04
 2.20410E-04
 1.45378E-04
 1.00722E-04
 7.23664E-05
 5.33079E-05
 4.00147E-05
 3.05326E-05
 2.13788E-05
 1.30151E-05
 6.97350E-04
 3.45443E-04
 2.06171E-04
 1.34879E-04
 9.30635E-05
 6.68812E-05
 4.93344E-05
 3.71354E-05
 2.84046E-05
 1.99556E-05
 1.22315E-05
 6.49683E-04
 3.12268E-04
 1.83362E-04
 1.19629E-04
 8.29035E-05
 5.99459E-05
 4.45049E-05
 3.36689E-05
 2.59061E-05
 1.83353E-05
 1.13438E-05
 5.28530E-04
 2.47859E-04
 1.49168E-04
 9.97722E-05
 7.05710E-05
 5.18485E-05
 3.89701E-05
 2.98196E-05
 2.31555E-05
 1.65691E-05
 1.03819E-05
 2.41078E-04
 1.59798E-04
 1.09087E-04
 7.78766E-05
 5.73310E-05
 4.32508E-05
 3.31775E-05
 2.58011E-05
 2.03025E-05
 1.47430E-05
 9.39101E-06
 1.07967E-04
 8.76932E-05
 6.96220E-05
 5.46075E-05
 4.27825E-05
 3.35986E-05
 2.65588E-05
 2.11572E-05
 1.69809E-05
 1.25917E-05
 8.20948E-06
 1.0E-20
 3.72525E-05
 3.22126E-05
 2.76149E-05
 2.33380E-05
 1.95677E-05
 1.63512E-05
 1.36348E-05
 1.13645E-05
 8.81050E-06
 6.05436E-06
 4.17856E-05
 3.69010E-05
 3.18767E-05
 2.73250E-05
 2.30960E-05
 1.93698E-05
 1.61951E-05
 1.35174E-05
 1.12792E-05
 8.76623E-06
 6.05770E-06
 1.08008E-04
 8.77652E-05
 6.97329E-05
 5.47377E-05
 4.29199E-05
 3.37359E-05
 2.66951E-05
 2.12901E-05
 1.71143E-05
 1.27305E-05
 8.34852E-06
 2.41326E-04
 1.60170E-04
 1.09490E-04
 7.82786E-05
 5.77067E-05
 4.35916E-05
 3.34895E-05
 2.60789E-05
 2.05666E-05
 1.49805E-05
 9.60204E-06
 5.28894E-04
 2.48414E-04
 1.49771E-04
 1.00363E-04
 7.11153E-05
 5.23422E-05
 3.94095E-05
 3.02199E-05
 2.35175E-05
 1.68957E-05
 1.06570E-05
 6.49959E-04
 3.12849E-04
 1.84033E-04
 1.20301E-04
 8.35422E-05
 6.05481E-05
 4.50454E-05
 3.41703E-05
 2.63685E-05
 1.87386E-05
 1.16802E-05
 6.97151E-04
 3.45735E-04
 2.06649E-04
 1.35437E-04
 9.36867E-05
 6.74816E-05
 4.99526E-05
 3.77112E-05
 2.89412E-05
 2.04430E-05
 1.26259E-05
 7.18931E-04
 3.63202E-04
 2.20210E-04
 1.45540E-04
 1.01110E-04
 7.29438E-05
 5.39162E-05
 4.06492E-05
 3.11561E-05
 2.19301E-05
 1.34703E-05
 7.29989E-04
 3.72559E-04
 2.28012E-04
 1.51842E-04
 1.06180E-04
 7.68528E-05
 5.69650E-05
 4.29842E-05
 3.29332E-05
 2.31675E-05
 1.41883E-05
 7.34085E-04
 3.76683E-04
 2.31947E-04
 1.55545E-04
 1.09360E-04
 7.95872E-05
 5.91719E-05
 4.47125E-05
 3.42982E-05
 2.41342E-05
 1.47609E-05
 7.28018E-04
 3.76337E-04
 2.32898E-04
 1.57578E-04
 1.11497E-04
 8.14373E-05
 6.06571E-05
 4.59328E-05
 3.52759E-05
 2.48347E-05
 1.51822E-05
 7.00696E-04
 3.68901E-04
 2.34098E-04
 1.59353E-04
 1.13006E-04
 8.26060E-05
 6.16343E-05
 4.67087E-05
 3.58849E-05
 2.52721E-05
 1.54426E-05
 6.85029E-04
 3.80381E-04
 2.38681E-04
 1.61438E-04
 1.14106E-04
 8.33442E-05
 6.21326E-05
 4.70575E-05
 3.61460E-05
 2.54448E-05
 1.55448E-05
 8.50623E-04
 4.03412E-04
 2.44028E-04
 1.63019E-04
 1.14623E-04
 8.34853E-05
 6.21064E-05
 4.69781E-05
 3.60463E-05
 2.53567E-05
 1.54802E-05
 7.71998E-04
 3.98231E-04
 2.43857E-04
 1.62581E-04
 1.13956E-04
 8.27814E-05
 6.14610E-05
 4.64070E-05
 3.55666E-05
 2.49905E-05
 1.52529E-05
 7.48701E-04
 3.87665E-04
 2.38521E-04
 1.59779E-04
 1.11847E-04
 8.10285E-05
 6.00527E-05
 4.52934E-05
 3.46673E-05
 2.43390E-05
 1.48559E-05
 7.36638E-04
 3.77867E-04
 2.32108E-04
 1.54673E-04
 1.08120E-04
 7.81737E-05
 5.78113E-05
 4.35359E-05
 3.33230E-05
 2.33962E-05
 1.42931E-05
 7.22462E-04
 3.66101E-04
 2.22612E-04
 1.47404E-04
 1.02526E-04
 7.39360E-05
 5.46529E-05
 4.11596E-05
 3.15068E-05
 2.21582E-05
 1.35818E-05
 6.99220E-04
 3.47478E-04
 2.08112E-04
 1.36655E-04
 9.46370E-05
 6.82469E-05
 5.05067E-05
 3.81357E-05
 2.92585E-05
 2.06428E-05
 1.27367E-05
 6.51250E-04
 3.13968E-04
 1.84976E-04
 1.21102E-04
 8.42067E-05
 6.10761E-05
 4.54768E-05
 3.45035E-05
 2.66234E-05
 1.89189E-05
 1.17804E-05
 5.29758E-04
 2.49169E-04
 1.50408E-04
 1.00905E-04
 7.15762E-05
 5.27239E-05
 3.97268E-05
 3.04749E-05
 2.37259E-05
 1.70417E-05
 1.07452E-05
 2.41944E-04
 1.60699E-04
 1.09938E-04
 7.86580E-05
 5.80311E-05
 4.38675E-05
 3.37176E-05
 2.62754E-05
 2.07228E-05
 1.51021E-05
 9.67925E-06
 1.08447E-04
 8.81322E-05
 7.00419E-05
 5.49981E-05
 4.31410E-05
 3.39248E-05
 2.68550E-05
 2.14277E-05
 1.72304E-05
 1.28187E-05
 8.40912E-06
 1.0E-20
 3.71120E-05
 3.20518E-05
 2.74615E-05
 2.32102E-05
 1.94661E-05
 1.62770E-05
 1.35869E-05
 1.13408E-05
 8.81639E-06
 6.09474E-06
 4.14303E-05
 3.64279E-05
 3.13683E-05
 2.68368E-05
 2.26666E-05
 1.90173E-05
 1.59230E-05
 1.33209E-05
 1.11492E-05
 8.71212E-06
 6.08212E-06
 1.08005E-04
 8.75551E-05
 6.94283E-05
 5.44330E-05
 4.26702E-05
 3.35663E-05
 2.66090E-05
 2.12791E-05
 1.71650E-05
 1.28434E-05
 8.50849E-06
 2.41607E-04
 1.60180E-04
 1.09363E-04
 7.81249E-05
 5.75963E-05
 4.35551E-05
 3.35314E-05
 2.61898E-05
 2.07310E-05
 1.51912E-05
 9.83682E-06
 5.29406E-04
 2.48631E-04
 1.49807E-04
 1.00349E-04
 7.11322E-05
 5.24267E-05
 3.95672E-05
 3.04397E-05
 2.37805E-05
 1.71903E-05
 1.09552E-05
 6.50709E-04
 3.13262E-04
 1.84227E-04
 1.20424E-04
 8.36860E-05
 6.07546E-05
 4.53195E-05
 3.44969E-05
 2.67285E-05
 1.91154E-05
 1.20402E-05
 6.98110E-04
 3.46313E-04
 2.06979E-04
 1.35682E-04
 9.39484E-05
 6.78032E-05
 5.03344E-05
 3.81374E-05
 2.93918E-05
 2.08972E-05
 1.30441E-05
 7.20040E-04
 3.63902E-04
 2.20648E-04
 1.45888E-04
 1.01475E-04
 7.33644E-05
 5.43920E-05
 4.11633E-05
 3.16876E-05
 2.24537E-05
 1.39411E-05
 7.31191E-04
 3.73341E-04
 2.28529E-04
 1.52275E-04
 1.06627E-04
 7.73535E-05
 5.75184E-05
 4.35721E-05
 3.35331E-05
 2.37505E-05
 1.47044E-05
 7.35336E-04
 3.77516E-04
 2.32524E-04
 1.56038E-04
 1.09868E-04
 8.01489E-05
 5.97856E-05
 4.53584E-05
 3.49527E-05
 2.47650E-05
 1.53136E-05
 7.29292E-04
 3.77206E-04
 2.33517E-04
 1.58112E-04
 1.12047E-04
 8.20423E-05
 6.13142E-05
 4.66210E-05
 3.59702E-05
 2.55006E-05
 1.57622E-05
 7.02000E-04
 3.69799E-04
 2.34743E-04
 1.59913E-04
 1.13583E-04
 8.32383E-05
 6.23187E-05
 4.74234E-05
 3.66043E-05
 2.59601E-05
 1.60396E-05
 6.86339E-04
 3.81298E-04
 2.39342E-04
 1.62012E-04
 1.14696E-04
 8.39885E-05
 6.28285E-05
 4.77830E-05
 3.68752E-05
 2.61413E-05
 1.61480E-05
 8.51934E-04
 4.04335E-04
 2.44691E-04
 1.63593E-04
 1.15211E-04
 8.41262E-05
 6.27978E-05
 4.76984E-05
 3.67701E-05
 2.60478E-05
 1.60791E-05
 7.73328E-04
 3.99142E-04
 2.44507E-04
 1.63140E-04
 1.14526E-04
 8.34021E-05
 6.21309E-05
 4.71055E-05
 3.62693E-05
 2.56625E-05
 1.58365E-05
 7.50017E-04
 3.88547E-04
 2.39136E-04
 1.60301E-04
 1.12379E-04
 8.16100E-05
 6.06828E-05
 4.59528E-05
 3.53328E-05
 2.49779E-05
 1.54137E-05
 7.37900E-04
 3.78696E-04
 2.32662E-04
 1.55135E-04
 1.08592E-04
 7.86954E-05
 5.83825E-05
 4.41387E-05
 3.39353E-05
 2.39886E-05
 1.48152E-05
 7.23619E-04
 3.66840E-04
 2.23080E-04
 1.47778E-04
 1.02914E-04
 7.43762E-05
 5.51459E-05
 4.16886E-05
 3.20509E-05
 2.26917E-05
 1.40590E-05
 7.00213E-04
 3.48083E-04
 2.08466E-04
 1.36920E-04
 9.49172E-05
 6.85853E-05
 5.09036E-05
 3.85754E-05
 2.97210E-05
 2.11065E-05
 1.31615E-05
 6.52021E-04
 3.14399E-04
 1.85185E-04
 1.21238E-04
 8.43642E-05
 6.12957E-05
 4.57633E-05
 3.48416E-05
 2.69938E-05
 1.93044E-05
 1.21467E-05
 5.30282E-04
 2.49396E-04
 1.50453E-04
 1.00899E-04
 7.16025E-05
 5.28179E-05
 3.98941E-05
 3.07038E-05
 2.39976E-05
 1.73438E-05
 1.10491E-05
 2.42215E-04
 1.60714E-04
 1.09815E-04
 7.85091E-05
 5.79263E-05
 4.38373E-05
 3.37662E-05
 2.63933E-05
 2.08941E-05
 1.53190E-05
 9.91908E-06
 1.08432E-04
 8.79155E-05
 6.97375E-05
 5.46945E-05
 4.28936E-05
 3.37585E-05
 2.67730E-05
 2.14213E-05
 1.72860E-05
 1.29364E-05
 8.57324E-06
 4.16614E-05
 3.66294E-05
 3.15314E-05
 2.69702E-05
 2.27794E-05
 1.91131E-05
 1.60053E-05
 1.33916E-05
 1.12126E-05
 8.76450E-06
 6.12156E-06
 1.0E-20
 3.55467E-05
 3.04489E-05
 2.59707E-05
 2.19157E-05
 1.84066E-05
 1.54540E-05
 1.29812E-05
 1.09202E-05
 8.60553E-06
 6.09513E-06
 1.07407E-04
 8.65790E-05
 6.83235E-05
 5.33897E-05
 4.17984E-05
 3.29063E-05
 2.61560E-05
 2.10053E-05
 1.70350E-05
 1.28557E-05
 8.63785E-06
 2.41180E-04
 1.59210E-04
 1.08185E-04
 7.70003E-05
 5.66723E-05
 4.28836E-05
 3.31026E-05
 2.59655E-05
 2.06637E-05
 1.52724E-05
 1.00299E-05
 5.29150E-04
 2.47679E-04
 1.48575E-04
 9.91612E-05
 7.01703E-05
 5.17514E-05
 3.91642E-05
 3.02595E-05
 2.37680E-05
 1.73308E-05
 1.12021E-05
 6.50610E-04
 3.12324E-04
 1.82944E-04
 1.19179E-04
 8.26923E-05
 6.00806E-05
 4.49430E-05
 3.43610E-05
 2.67703E-05
 1.93141E-05
 1.23397E-05
 6.98126E-04
 3.45377E-04
 2.05648E-04
 1.34388E-04
 9.29313E-05
 6.71319E-05
 4.99837E-05
 3.80435E-05
 2.94849E-05
 2.11508E-05
 1.33930E-05
 7.20122E-04
 3.62953E-04
 2.19273E-04
 1.44556E-04
 1.00439E-04
 7.26963E-05
 5.40648E-05
 4.11074E-05
 3.18270E-05
 2.27569E-05
 1.43347E-05
 7.31295E-04
 3.72370E-04
 2.27118E-04
 1.50912E-04
 1.05574E-04
 7.66885E-05
 5.72113E-05
 4.35485E-05
 3.37120E-05
 2.40964E-05
 1.51365E-05
 7.35435E-04
 3.76521E-04
 2.31085E-04
 1.54650E-04
 1.08803E-04
 7.94866E-05
 5.94947E-05
 4.53608E-05
 3.51634E-05
 2.51453E-05
 1.57771E-05
 7.29380E-04
 3.76197E-04
 2.32057E-04
 1.56707E-04
 1.10973E-04
 8.13821E-05
 6.10352E-05
 4.66425E-05
 3.62044E-05
 2.59064E-05
 1.62488E-05
 7.02088E-04
 3.68784E-04
 2.33270E-04
 1.58496E-04
 1.12504E-04
 8.25794E-05
 6.20471E-05
 4.74569E-05
 3.68532E-05
 2.63817E-05
 1.65407E-05
 6.86443E-04
 3.80285E-04
 2.37866E-04
 1.60591E-04
 1.13615E-04
 8.33304E-05
 6.25601E-05
 4.78213E-05
 3.71299E-05
 2.65691E-05
 1.66546E-05
 8.52056E-04
 4.03332E-04
 2.43221E-04
 1.62176E-04
 1.14131E-04
 8.34683E-05
 6.25281E-05
 4.77342E-05
 3.70214E-05
 2.64717E-05
 1.65817E-05
 7.73468E-04
 3.98154E-04
 2.43052E-04
 1.61734E-04
 1.13452E-04
 8.27436E-05
 6.18552E-05
 4.71313E-05
 3.65080E-05
 2.60723E-05
 1.63261E-05
 7.50170E-04
 3.87574E-04
 2.37701E-04
 1.58913E-04
 1.11314E-04
 8.09502E-05
 6.03965E-05
 4.59610E-05
 3.55496E-05
 2.53637E-05
 1.58813E-05
 7.38048E-04
 3.77742E-04
 2.31254E-04
 1.53771E-04
 1.07539E-04
 7.80332E-05
 5.80806E-05
 4.41216E-05
 3.41212E-05
 2.43409E-05
 1.52522E-05
 7.23731E-04
 3.65903E-04
 2.21707E-04
 1.46445E-04
 1.01877E-04
 7.37109E-05
 5.48238E-05
 4.16392E-05
 3.21974E-05
 2.30017E-05
 1.44580E-05
 7.00248E-04
 3.47153E-04
 2.07134E-04
 1.35625E-04
 9.38997E-05
 6.79163E-05
 5.05576E-05
 3.84877E-05
 2.98209E-05
 2.13669E-05
 1.35158E-05
 6.51931E-04
 3.13462E-04
 1.83899E-04
 1.19991E-04
 8.33697E-05
 6.06234E-05
 4.53907E-05
 3.47110E-05
 2.70417E-05
 1.95093E-05
 1.24514E-05
 5.30028E-04
 2.48441E-04
 1.49217E-04
 9.97083E-05
 7.06390E-05
 5.21433E-05
 3.94938E-05
 3.05279E-05
 2.39902E-05
 1.74897E-05
 1.13009E-05
 2.41786E-04
 1.59739E-04
 1.08633E-04
 7.73805E-05
 5.70001E-05
 4.31656E-05
 3.33392E-05
 2.61721E-05
 2.08309E-05
 1.54048E-05
 1.01165E-05
 1.07817E-04
 8.69335E-05
 6.86271E-05
 5.36467E-05
 4.20189E-05
 3.30974E-05
 2.63205E-05
 2.11494E-05
 1.71588E-05
 1.29522E-05
 8.70622E-06
 4.09286E-05
 3.57356E-05
 3.06021E-05
 2.60995E-05
 2.20251E-05
 1.85003E-05
 1.55354E-05
 1.30520E-05
 1.09844E-05
 8.65957E-06
 6.13674E-06
 1.0E-20
 3.41579E-05
 2.90469E-05
 2.46919E-05
 2.08346E-05
 1.75460E-05
 1.48046E-05
 1.25170E-05
 1.06099E-05
 8.46016E-06
 6.10406E-06
 1.05987E-04
 8.46117E-05
 6.62496E-05
 5.15203E-05
 4.02823E-05
 3.17729E-05
 2.53697E-05
 2.05055E-05
 1.67558E-05
 1.27911E-05
 8.74948E-06
 2.39765E-04
 1.56941E-04
 1.05715E-04
 7.47791E-05
 5.49039E-05
 4.15996E-05
 3.22478E-05
 2.54523E-05
 2.04064E-05
 1.52548E-05
 1.01974E-05
 5.27776E-04
 2.45162E-04
 1.45767E-04
 9.66404E-05
 6.81895E-05
 5.03437E-05
 3.82528E-05
 2.97366E-05
 2.35306E-05
 1.73536E-05
 1.14167E-05
 6.49257E-04
 3.09567E-04
 1.79815E-04
 1.16375E-04
 8.05128E-05
 5.85555E-05
 4.39786E-05
 3.38300E-05
 2.65531E-05
 1.93769E-05
 1.26002E-05
 6.96750E-04
 3.42394E-04
 2.02235E-04
 1.31337E-04
 9.05754E-05
 6.55018E-05
 4.89721E-05
 3.75062E-05
 2.92875E-05
 2.12514E-05
 1.36967E-05
 7.18676E-04
 3.59768E-04
 2.15624E-04
 1.41300E-04
 9.79350E-05
 7.09777E-05
 5.30136E-05
 4.05656E-05
 3.16478E-05
 2.28918E-05
 1.46774E-05
 7.29754E-04
 3.69015E-04
 2.23285E-04
 1.47495E-04
 1.02954E-04
 7.48993E-05
 5.61285E-05
 4.30037E-05
 3.35489E-05
 2.42608E-05
 1.55130E-05
 7.33797E-04
 3.73036E-04
 2.27115E-04
 1.51114E-04
 1.06095E-04
 7.76440E-05
 5.83880E-05
 4.48144E-05
 3.50134E-05
 2.53338E-05
 1.61808E-05
 7.27667E-04
 3.72618E-04
 2.27989E-04
 1.53086E-04
 1.08203E-04
 7.95017E-05
 5.99116E-05
 4.60951E-05
 3.60643E-05
 2.61127E-05
 1.66728E-05
 7.00340E-04
 3.65148E-04
 2.29141E-04
 1.54823E-04
 1.09695E-04
 8.06754E-05
 6.09132E-05
 4.69090E-05
 3.67192E-05
 2.65992E-05
 1.69773E-05
 6.84699E-04
 3.76629E-04
 2.33709E-04
 1.56893E-04
 1.10788E-04
 8.14162E-05
 6.14218E-05
 4.72732E-05
 3.69984E-05
 2.67907E-05
 1.70959E-05
 8.50347E-04
 3.99693E-04
 2.39072E-04
 1.58484E-04
 1.11310E-04
 8.15577E-05
 6.13915E-05
 4.71860E-05
 3.68883E-05
 2.66905E-05
 1.70197E-05
 7.71809E-04
 3.94565E-04
 2.38950E-04
 1.58081E-04
 1.10660E-04
 8.08517E-05
 6.07271E-05
 4.65835E-05
 3.63695E-05
 2.62813E-05
 1.67527E-05
 7.48575E-04
 3.84070E-04
 2.33690E-04
 1.55339E-04
 1.08580E-04
 7.90935E-05
 5.92842E-05
 4.54141E-05
 3.54019E-05
 2.55559E-05
 1.62886E-05
 7.36529E-04
 3.74363E-04
 2.27380E-04
 1.50317E-04
 1.04893E-04
 7.62296E-05
 5.69920E-05
 4.35766E-05
 3.39608E-05
 2.45097E-05
 1.56329E-05
 7.22289E-04
 3.62691E-04
 2.18021E-04
 1.43156E-04
 9.93501E-05
 7.19792E-05
 5.37673E-05
 4.10973E-05
 3.20211E-05
 2.31413E-05
 1.48053E-05
 6.98865E-04
 3.44145E-04
 2.03690E-04
 1.32546E-04
 9.15243E-05
 6.62750E-05
 4.95414E-05
 3.79504E-05
 2.96264E-05
 2.14721E-05
 1.38242E-05
 6.50567E-04
 3.10682E-04
 1.80746E-04
 1.17166E-04
 8.11745E-05
 5.90889E-05
 4.44224E-05
 3.41800E-05
 2.68271E-05
 1.95764E-05
 1.27165E-05
 5.28640E-04
 2.45905E-04
 1.46389E-04
 9.71702E-05
 6.86456E-05
 5.07279E-05
 3.85791E-05
 3.00049E-05
 2.37550E-05
 1.75164E-05
 1.15198E-05
 2.40358E-04
 1.57454E-04
 1.06147E-04
 7.51455E-05
 5.52215E-05
 4.18753E-05
 3.24814E-05
 2.56587E-05
 2.05752E-05
 1.53904E-05
 1.02878E-05
 1.0E-20
 8.49530E-05
 6.65404E-05
 5.17665E-05
 4.04946E-05
 3.19587E-05
 2.55316E-05
 2.06491E-05
 1.68807E-05
 1.28901E-05
 8.82107E-06
 3.97166E-05
 3.43312E-05
 2.91917E-05
 2.48136E-05
 2.09384E-05
 1.76358E-05
 1.48835E-05
 1.25868E-05
 1.06742E-05
 8.51537E-06
 6.14765E-06
 1.0E-20
 3.21310E-05
 2.70927E-05
 2.29807E-05
 1.94383E-05
 1.64684E-05
 1.40129E-05
 1.19647E-05
 1.02496E-05
 8.29770E-06
 6.12097E-06
 1.03285E-04
 8.12313E-05
 6.29481E-05
 4.87281E-05
 3.81306E-05
 3.02245E-05
 2.43225E-05
 1.98456E-05
 1.63828E-05
 1.26883E-05
 8.86358E-06
 1.0E-20
 1.52708E-04
 1.01529E-04
 7.12947E-05
 5.22887E-05
 3.97766E-05
 3.10582E-05
 2.47362E-05
 2.00303E-05
 1.51873E-05
 1.03642E-05
 1.0E-20
 2.40191E-04
 1.40807E-04
 9.25544E-05
 6.51766E-05
 4.82865E-05
 3.69431E-05
 2.89742E-05
 2.31532E-05
 1.73167E-05
 1.16279E-05
 6.45691E-04
 3.03893E-04
 1.74125E-04
 1.11721E-04
 7.71218E-05
 5.62746E-05
 4.25542E-05
 3.30237E-05
 2.61752E-05
 1.93701E-05
 1.28545E-05
 6.92871E-04
 3.36099E-04
 1.95913E-04
 1.26187E-04
 8.68492E-05
 6.30203E-05
 4.74441E-05
 3.66605E-05
 2.89098E-05
 2.12732E-05
 1.39915E-05
 7.14472E-04
 3.52964E-04
 2.08800E-04
 1.35749E-04
 9.39311E-05
 6.83266E-05
 5.13967E-05
 3.96858E-05
 3.12707E-05
 2.29394E-05
 1.50089E-05
 7.25251E-04
 3.61824E-04
 2.16084E-04
 1.41638E-04
 9.87329E-05
 7.21127E-05
 5.44394E-05
 4.20961E-05
 3.31727E-05
 2.43306E-05
 1.58759E-05
 1.0E-20
 3.65563E-04
 2.19644E-04
 1.45034E-04
 1.01713E-04
 7.47550E-05
 5.66434E-05
 4.38853E-05
 3.46382E-05
 2.54215E-05
 1.65693E-05
 1.0E-20
 3.64951E-04
 2.20333E-04
 1.46853E-04
 1.03709E-04
 7.65402E-05
 5.81275E-05
 4.51506E-05
 3.56900E-05
 2.62137E-05
 1.70802E-05
 1.0E-20
 3.57355E-04
 2.21365E-04
 1.48491E-04
 1.05129E-04
 7.76685E-05
 5.91044E-05
 4.59550E-05
 3.63456E-05
 2.67086E-05
 1.73965E-05
 1.0E-20
 3.68777E-04
 2.25870E-04
 1.50512E-04
 1.06190E-04
 7.83893E-05
 5.96027E-05
 4.63154E-05
 3.66250E-05
 2.69033E-05
 1.75195E-05
 1.0E-20
 3.91850E-04
 2.31233E-04
 1.52106E-04
 1.06718E-04
 7.85373E-05
 5.95770E-05
 4.62303E-05
 3.65148E-05
 2.68011E-05
 1.74401E-05
 1.0E-20
 3.86809E-04
 2.31189E-04
 1.51770E-04
 1.06120E-04
 7.78665E-05
 5.89326E-05
 4.56357E-05
 3.59955E-05
 2.63845E-05
 1.71624E-05
 1.0E-20
 3.76492E-04
 2.26101E-04
 1.49171E-04
 1.04144E-04
 7.61754E-05
 5.75265E-05
 4.44808E-05
 3.50272E-05
 2.56466E-05
 1.66803E-05
 1.0E-20
 3.67068E-04
 2.20071E-04
 1.44376E-04
 1.00618E-04
 7.34133E-05
 5.52889E-05
 4.26644E-05
 3.35851E-05
 2.45829E-05
 1.59997E-05
 1.0E-20
 3.55799E-04
 2.11107E-04
 1.37534E-04
 9.52991E-05
 6.93008E-05
 5.21371E-05
 4.02130E-05
 3.16446E-05
 2.31924E-05
 1.51410E-05
 1.0E-20
 3.37780E-04
 1.97299E-04
 1.27341E-04
 8.77596E-05
 6.37702E-05
 4.80016E-05
 3.71005E-05
 2.92491E-05
 2.14973E-05
 1.41235E-05
 1.0E-20
 3.04955E-04
 1.75003E-04
 1.12468E-04
 7.77531E-05
 5.67891E-05
 4.29881E-05
 3.33702E-05
 2.64496E-05
 1.95728E-05
 1.29751E-05
 1.0E-20
 2.40894E-04
 1.41391E-04
 9.30522E-05
 6.56092E-05
 4.86557E-05
 3.72612E-05
 2.92394E-05
 2.33778E-05
 1.74823E-05
 1.17349E-05
 1.0E-20
 1.53191E-04
 1.01932E-04
 7.16370E-05
 5.25882E-05
 4.00403E-05
 3.12851E-05
 2.49399E-05
 2.01993E-05
 1.53253E-05
 1.04582E-05
 1.0E-20
 8.15507E-05
 6.32184E-05
 4.89570E-05
 3.83297E-05
 3.04013E-05
 2.44790E-05
 1.99869E-05
 1.65076E-05
 1.27892E-05
 8.93818E-06
 1.0E-20
 3.22892E-05
 2.72262E-05
 2.30926E-05
 1.95344E-05
 1.65526E-05
 1.40882E-05
 1.20326E-05
 1.03134E-05
 8.35375E-06
 6.16645E-06
 1.0E-20
 2.93221E-05
 2.45406E-05
 2.08613E-05
 1.77863E-05
 1.52428E-05
 1.31436E-05
 1.13792E-05
 9.88243E-06
 8.14759E-06
 6.16137E-06
 9.83908E-05
 7.57566E-05
 5.81218E-05
 4.49880E-05
 3.54444E-05
 2.83956E-05
 2.31387E-05
 1.91281E-05
 1.59949E-05
 1.25991E-05
 9.00566E-06
 2.30509E-04
 1.45257E-04
 9.50565E-05
 6.64564E-05
 4.89485E-05
 3.75894E-05
 2.96979E-05
 2.39504E-05
 1.96366E-05
 1.51348E-05
 1.05614E-05
 5.17187E-04
 2.30954E-04
 1.32857E-04
 8.67471E-05
 6.12688E-05
 4.57923E-05
 3.54339E-05
 2.81321E-05
 2.27560E-05
 1.72961E-05
 1.18716E-05
 6.37321E-04
 2.92995E-04
 1.64796E-04
 1.05001E-04
 7.26736E-05
 5.34864E-05
 4.09021E-05
 3.21279E-05
 2.57752E-05
 1.93809E-05
 1.31433E-05
 6.83487E-04
 3.23835E-04
 1.85440E-04
 1.18686E-04
 8.19251E-05
 5.99675E-05
 4.56613E-05
 3.57150E-05
 2.85072E-05
 2.13133E-05
 1.43226E-05
 7.04238E-04
 3.39683E-04
 1.97460E-04
 1.27631E-04
 8.86165E-05
 6.50497E-05
 4.95006E-05
 3.86964E-05
 3.08656E-05
 2.30056E-05
 1.53779E-05
 7.14374E-04
 3.47838E-04
 2.04132E-04
 1.33064E-04
 9.31168E-05
 6.86562E-05
 5.24497E-05
 4.10695E-05
 3.27650E-05
 2.44189E-05
 1.62775E-05
 1.0E-20
 3.51114E-04
 2.07280E-04
 1.36140E-04
 9.58761E-05
 7.11623E-05
 5.45811E-05
 4.28290E-05
 3.42282E-05
 2.55274E-05
 1.69972E-05
 7.11069E-04
 3.50199E-04
 2.07698E-04
 1.37742E-04
 9.77183E-05
 7.28512E-05
 5.60128E-05
 4.40728E-05
 3.52782E-05
 2.63325E-05
 1.75275E-05
 6.83419E-04
 3.42393E-04
 2.08544E-04
 1.39237E-04
 9.90403E-05
 7.39189E-05
 5.69572E-05
 4.48639E-05
 3.59328E-05
 2.68355E-05
 1.78560E-05
 6.67698E-04
 3.53663E-04
 2.12924E-04
 1.41177E-04
 1.00053E-04
 7.46133E-05
 5.74424E-05
 4.52193E-05
 3.62121E-05
 2.70334E-05
 1.79835E-05
 8.33463E-04
 3.76678E-04
 2.18248E-04
 1.42763E-04
 1.00587E-04
 7.47700E-05
 5.74231E-05
 4.51375E-05
 3.61026E-05
 2.69294E-05
 1.79010E-05
 7.55150E-04
 3.71740E-04
 2.18302E-04
 1.42516E-04
 1.00059E-04
 7.41461E-05
 5.68058E-05
 4.45548E-05
 3.55846E-05
 2.65059E-05
 1.76124E-05
 7.32308E-04
 3.61726E-04
 2.13481E-04
 1.40121E-04
 9.82247E-05
 7.25442E-05
 5.54484E-05
 4.34202E-05
 3.46180E-05
 2.57558E-05
 1.71118E-05
 7.20924E-04
 3.52824E-04
 2.07903E-04
 1.35662E-04
 9.49231E-05
 6.99172E-05
 5.32822E-05
 4.16326E-05
 3.31781E-05
 2.46749E-05
 1.64055E-05
 7.07643E-04
 3.42326E-04
 1.99605E-04
 1.29303E-04
 8.99163E-05
 6.59874E-05
 5.02243E-05
 3.92181E-05
 3.12398E-05
 2.32624E-05
 1.55146E-05
 6.85432E-04
 3.25380E-04
 1.86708E-04
 1.19754E-04
 8.27807E-05
 6.06863E-05
 4.62037E-05
 3.61497E-05
 2.88467E-05
 2.15410E-05
 1.44591E-05
 6.38500E-04
 2.93963E-04
 1.65591E-04
 1.05686E-04
 7.32624E-05
 5.39754E-05
 4.13228E-05
 3.24693E-05
 2.60495E-05
 1.95869E-05
 1.32683E-05
 5.17953E-04
 2.31591E-04
 1.33382E-04
 8.71991E-05
 6.16693E-05
 4.61413E-05
 3.57410E-05
 2.83928E-05
 2.29803E-05
 1.74645E-05
 1.19827E-05
 2.31028E-04
 1.45693E-04
 9.54179E-05
 6.67654E-05
 4.92239E-05
 3.78374E-05
 2.99158E-05
 2.41501E-05
 1.98051E-05
 1.52752E-05
 1.06591E-05
 9.87321E-05
 7.60448E-05
 5.83640E-05
 4.51938E-05
 3.56262E-05
 2.85606E-05
 2.32882E-05
 1.92661E-05
 1.61191E-05
 1.27017E-05
 9.08334E-06
 3.51249E-05
 2.94647E-05
 2.46598E-05
 2.09612E-05
 1.78729E-05
 1.53201E-05
 1.32145E-05
 1.14447E-05
 9.94541E-06
 8.20440E-06
 6.20881E-06
 1.0E-20
 2.56493E-05
 2.14404E-05
 1.84477E-05
 1.60049E-05
 1.39818E-05
 1.22886E-05
 1.08310E-05
 9.56093E-06
 8.04408E-06
 6.24245E-06
 8.95388E-05
 6.73064E-05
 5.16625E-05
 4.05221E-05
 3.25058E-05
 2.65301E-05
 2.20047E-05
 1.84889E-05
 1.56892E-05
 1.25831E-05
 9.20354E-06
 2.17310E-04
 1.32513E-04
 8.59146E-05
 6.05455E-05
 4.52794E-05
 3.53754E-05
 2.84182E-05
 2.32732E-05
 1.93496E-05
 1.51720E-05
 1.08230E-05
 4.99937E-04
 2.14102E-04
 1.21240E-04
 7.95495E-05
 5.69649E-05
 4.32822E-05
 3.40336E-05
 2.74258E-05
 2.24870E-05
 1.73793E-05
 1.21867E-05
 6.16371E-04
 2.72473E-04
 1.50911E-04
 9.65951E-05
 6.77641E-05
 5.06909E-05
 3.93850E-05
 3.13933E-05
 2.55240E-05
 1.95090E-05
 1.35105E-05
 6.59698E-04
 3.00587E-04
 1.69756E-04
 1.09260E-04
 7.64803E-05
 5.69110E-05
 4.40343E-05
 3.49523E-05
 2.82713E-05
 2.14828E-05
 1.47383E-05
 6.78545E-04
 3.14636E-04
 1.80494E-04
 1.17417E-04
 8.27304E-05
 6.17670E-05
 4.77738E-05
 3.79060E-05
 3.06415E-05
 2.32114E-05
 1.58370E-05
 6.87515E-04
 3.21689E-04
 1.86317E-04
 1.22282E-04
 8.68883E-05
 6.51879E-05
 5.06371E-05
 4.02532E-05
 3.25491E-05
 2.46549E-05
 1.67738E-05
 1.0E-20
 3.24343E-04
 1.88934E-04
 1.24968E-04
 8.93959E-05
 6.75505E-05
 5.26991E-05
 4.19903E-05
 3.40176E-05
 2.57871E-05
 1.75234E-05
 6.83174E-04
 3.23095E-04
 1.89023E-04
 1.26308E-04
 9.10625E-05
 6.91366E-05
 5.40800E-05
 4.32170E-05
 3.50708E-05
 2.66093E-05
 1.80758E-05
 6.55188E-04
 3.15016E-04
 1.89627E-04
 1.27627E-04
 9.22726E-05
 7.01403E-05
 5.49931E-05
 4.39977E-05
 3.57276E-05
 2.71229E-05
 1.84179E-05
 6.39093E-04
 3.25889E-04
 1.93786E-04
 1.29459E-04
 9.32316E-05
 7.08087E-05
 5.54670E-05
 4.43500E-05
 3.60084E-05
 2.73253E-05
 1.85506E-05
 8.04603E-04
 3.48557E-04
 1.98981E-04
 1.31022E-04
 9.37745E-05
 7.09776E-05
 5.54564E-05
 4.42725E-05
 3.58996E-05
 2.72192E-05
 1.84646E-05
 7.26332E-04
 3.43681E-04
 1.99129E-04
 1.30875E-04
 9.33254E-05
 7.04058E-05
 5.48672E-05
 4.37005E-05
 3.53810E-05
 2.67868E-05
 1.81638E-05
 7.03982E-04
 3.34176E-04
 1.94676E-04
 1.28731E-04
 9.16533E-05
 6.88989E-05
 5.35575E-05
 4.25823E-05
 3.44119E-05
 2.60209E-05
 1.76423E-05
 6.93502E-04
 3.26143E-04
 1.89739E-04
 1.24692E-04
 8.86059E-05
 6.64123E-05
 5.14580E-05
 4.08160E-05
 3.29665E-05
 2.49168E-05
 1.69069E-05
 6.81588E-04
 3.16938E-04
 1.82394E-04
 1.18943E-04
 8.39531E-05
 6.26693E-05
 4.84845E-05
 3.84260E-05
 3.10192E-05
 2.34740E-05
 1.59791E-05
 6.61414E-04
 3.01916E-04
 1.70859E-04
 1.10220E-04
 7.72735E-05
 5.75983E-05
 4.45636E-05
 3.53842E-05
 2.86132E-05
 2.17157E-05
 1.48801E-05
 6.17404E-04
 2.73302E-04
 1.51595E-04
 9.72019E-05
 6.83046E-05
 5.11535E-05
 3.97936E-05
 3.17313E-05
 2.57997E-05
 1.97193E-05
 1.36405E-05
 5.00608E-04
 2.14648E-04
 1.21690E-04
 7.99459E-05
 5.73288E-05
 4.36097E-05
 3.43301E-05
 2.76829E-05
 2.27121E-05
 1.75514E-05
 1.23025E-05
 2.17766E-04
 1.32888E-04
 8.62239E-05
 6.08147E-05
 4.55272E-05
 3.56063E-05
 2.86271E-05
 2.34695E-05
 1.95182E-05
 1.53152E-05
 1.09248E-05
 8.98386E-05
 6.75550E-05
 5.18703E-05
 4.07007E-05
 3.26679E-05
 2.66822E-05
 2.21469E-05
 1.86236E-05
 1.58131E-05
 1.26877E-05
 9.28462E-06
 3.12678E-05
 2.57733E-05
 2.15431E-05
 1.85340E-05
 1.60811E-05
 1.40518E-05
 1.23548E-05
 1.08940E-05
 9.62320E-06
 8.10183E-06
 6.29202E-06
 2.60527E-05
 2.12498E-05
 1.80381E-05
 1.59844E-05
 1.42946E-05
 1.28372E-05
 1.15577E-05
 1.03980E-05
 9.34073E-06
 8.02173E-06
 6.38078E-06
 1.0E-20
 5.55799E-05
 4.42368E-05
 3.60377E-05
 2.98402E-05
 2.49811E-05
 2.11532E-05
 1.80814E-05
 1.55680E-05
 1.26995E-05
 9.47545E-06
 1.0E-20
 1.12757E-04
 7.51301E-05
 5.47059E-05
 4.20797E-05
 3.36421E-05
 2.75380E-05
 2.29074E-05
 1.93006E-05
 1.53726E-05
 1.11581E-05
 1.0E-20
 1.86092E-04
 1.07321E-04
 7.25217E-05
 5.33182E-05
 4.14035E-05
 3.31376E-05
 2.71010E-05
 2.25028E-05
 1.76526E-05
 1.25737E-05
 5.56791E-04
 2.37486E-04
 1.34138E-04
 8.84373E-05
 6.36804E-05
 4.86662E-05
 3.84707E-05
 3.11069E-05
 2.56021E-05
 1.98528E-05
 1.39488E-05
 5.92916E-04
 2.61015E-04
 1.50770E-04
 1.00121E-04
 7.19847E-05
 5.47366E-05
 4.30926E-05
 3.46957E-05
 2.84044E-05
 2.18914E-05
 1.52274E-05
 6.08091E-04
 2.72387E-04
 1.59974E-04
 1.07496E-04
 7.78693E-05
 5.94444E-05
 4.67952E-05
 3.76679E-05
 3.08192E-05
 2.36762E-05
 1.63765E-05
 6.15270E-04
 2.77978E-04
 1.64812E-04
 1.11782E-04
 8.17239E-05
 6.27287E-05
 4.96162E-05
 4.00234E-05
 3.27605E-05
 2.51660E-05
 1.73581E-05
 1.0E-20
 2.79953E-04
 1.66837E-04
 1.14061E-04
 8.39955E-05
 6.49759E-05
 5.16373E-05
 4.17620E-05
 3.42528E-05
 2.63340E-05
 1.81461E-05
 6.10662E-04
 2.78542E-04
 1.66574E-04
 1.15122E-04
 8.54923E-05
 6.64757E-05
 5.29857E-05
 4.29879E-05
 3.53223E-05
 2.71820E-05
 1.87251E-05
 5.83348E-04
 2.70329E-04
 1.66906E-04
 1.16257E-04
 8.65987E-05
 6.74283E-05
 5.38800E-05
 4.37686E-05
 3.59894E-05
 2.77118E-05
 1.90827E-05
 5.65207E-04
 2.80280E-04
 1.70778E-04
 1.17992E-04
 8.75207E-05
 6.80827E-05
 5.43509E-05
 4.41235E-05
 3.62756E-05
 2.79209E-05
 1.92204E-05
 7.27160E-04
 3.01780E-04
 1.75775E-04
 1.19554E-04
 8.80896E-05
 6.82720E-05
 5.43517E-05
 4.40505E-05
 3.61670E-05
 2.78118E-05
 1.91289E-05
 6.49182E-04
 2.96919E-04
 1.76009E-04
 1.19519E-04
 8.77254E-05
 6.77504E-05
 5.37852E-05
 4.34830E-05
 3.56422E-05
 2.73664E-05
 1.88123E-05
 6.28646E-04
 2.88315E-04
 1.71985E-04
 1.17629E-04
 8.62032E-05
 6.63216E-05
 5.25062E-05
 4.23668E-05
 3.46586E-05
 2.65765E-05
 1.82650E-05
 6.20029E-04
 2.81576E-04
 1.67800E-04
 1.14013E-04
 8.33809E-05
 6.39409E-05
 5.04426E-05
 4.05969E-05
 3.31890E-05
 2.54373E-05
 1.74976E-05
 6.10498E-04
 2.74199E-04
 1.61581E-04
 1.08876E-04
 7.90314E-05
 6.03282E-05
 4.75061E-05
 3.81954E-05
 3.12065E-05
 2.39478E-05
 1.65253E-05
 5.94282E-04
 2.62057E-04
 1.51680E-04
 1.00971E-04
 7.27243E-05
 5.54030E-05
 4.36181E-05
 3.51318E-05
 2.87537E-05
 2.21324E-05
 1.53759E-05
 5.57619E-04
 2.38140E-04
 1.34695E-04
 8.89639E-05
 6.41768E-05
 4.91085E-05
 3.88732E-05
 3.14465E-05
 2.58831E-05
 2.00700E-05
 1.40850E-05
 4.53777E-04
 1.86527E-04
 1.07686E-04
 7.28603E-05
 5.36473E-05
 4.17130E-05
 3.34272E-05
 2.73579E-05
 2.27313E-05
 1.78302E-05
 1.26950E-05
 1.87534E-04
 1.13060E-04
 7.53815E-05
 5.49334E-05
 4.23006E-05
 3.38579E-05
 2.77401E-05
 2.31024E-05
 1.94714E-05
 1.55201E-05
 1.12646E-05
 7.41822E-05
 5.57830E-05
 4.44070E-05
 3.61878E-05
 2.99827E-05
 2.51212E-05
 2.12893E-05
 1.82143E-05
 1.56929E-05
 1.28072E-05
 9.56053E-06
 1.0E-20
 2.13532E-05
 1.81231E-05
 1.60565E-05
 1.43602E-05
 1.28999E-05
 1.16196E-05
 1.04590E-05
 9.40281E-06
 8.08090E-06
 6.43285E-06
 2.01793E-05
 1.66849E-05
 1.48208E-05
 1.38265E-05
 1.28971E-05
 1.19701E-05
 1.10580E-05
 1.01525E-05
 9.27123E-06
 8.09531E-06
 6.55017E-06
 1.0E-20
 4.32927E-05
 3.79446E-05
 3.27583E-05
 2.81276E-05
 2.41345E-05
 2.07651E-05
 1.79525E-05
 1.55983E-05
 1.28560E-05
 9.71366E-06
 1.0E-20
 9.24783E-05
 6.70676E-05
 5.11067E-05
 4.04246E-05
 3.28497E-05
 2.71747E-05
 2.27979E-05
 1.93518E-05
 1.55545E-05
 1.14238E-05
 1.0E-20
 1.58139E-04
 9.79417E-05
 6.87792E-05
 5.17384E-05
 4.06255E-05
 3.27800E-05
 2.70008E-05
 2.25685E-05
 1.78539E-05
 1.28601E-05
 4.08753E-04
 2.02641E-04
 1.23321E-04
 8.44643E-05
 6.21699E-05
 4.79288E-05
 3.81327E-05
 3.10239E-05
 2.56865E-05
 2.00749E-05
 1.42555E-05
 4.31977E-04
 2.21360E-04
 1.38478E-04
 9.57627E-05
 7.04423E-05
 5.40821E-05
 4.28078E-05
 3.46490E-05
 2.85187E-05
 2.21392E-05
 1.55601E-05
 1.0E-20
 2.29889E-04
 1.46457E-04
 1.02685E-04
 7.62065E-05
 5.88083E-05
 4.65836E-05
 3.76821E-05
 3.09783E-05
 2.39641E-05
 1.67318E-05
 4.46862E-04
 2.33938E-04
 1.50414E-04
 1.06546E-04
 7.98977E-05
 6.20642E-05
 4.94405E-05
 4.01006E-05
 3.29910E-05
 2.54973E-05
 1.77369E-05
 4.48570E-04
 2.35206E-04
 1.51834E-04
 1.08466E-04
 8.20036E-05
 6.42619E-05
 5.14734E-05
 4.19066E-05
 3.45420E-05
 2.67111E-05
 1.85482E-05
 4.44178E-04
 2.33576E-04
 1.51107E-04
 1.09243E-04
 8.33660E-05
 6.57160E-05
 5.28651E-05
 4.31575E-05
 3.56457E-05
 2.75955E-05
 1.91491E-05
 4.24268E-04
 2.24969E-04
 1.51073E-04
 1.10212E-04
 8.44028E-05
 6.67016E-05
 5.37531E-05
 4.39476E-05
 3.63299E-05
 2.81457E-05
 1.95251E-05
 4.00860E-04
 2.34062E-04
 1.54899E-04
 1.11963E-04
 8.53640E-05
 6.73264E-05
 5.42118E-05
 4.42999E-05
 3.66185E-05
 2.83600E-05
 1.96684E-05
 5.40750E-04
 2.54892E-04
 1.60097E-04
 1.13663E-04
 8.59658E-05
 6.75013E-05
 5.42008E-05
 4.42159E-05
 3.64995E-05
 2.82417E-05
 1.95699E-05
 4.70015E-04
 2.49809E-04
 1.60441E-04
 1.13768E-04
 8.57036E-05
 6.70105E-05
 5.36275E-05
 4.36305E-05
 3.59520E-05
 2.77729E-05
 1.92337E-05
 4.55353E-04
 2.42010E-04
 1.56676E-04
 1.12050E-04
 8.42788E-05
 6.56663E-05
 5.23633E-05
 4.24876E-05
 3.49325E-05
 2.69453E-05
 1.86639E-05
 4.49803E-04
 2.36620E-04
 1.53089E-04
 1.08717E-04
 8.15756E-05
 6.33135E-05
 5.03010E-05
 4.06977E-05
 3.34109E-05
 2.57606E-05
 1.78730E-05
 4.43464E-04
 2.31180E-04
 1.47821E-04
 1.03982E-04
 7.73585E-05
 5.97082E-05
 4.73169E-05
 3.82309E-05
 3.13838E-05
 2.42315E-05
 1.68777E-05
 4.32917E-04
 2.22099E-04
 1.39216E-04
 9.65344E-05
 7.11576E-05
 5.47502E-05
 4.33455E-05
 3.51001E-05
 2.88826E-05
 2.23923E-05
 1.57064E-05
 4.09344E-04
 2.03112E-04
 1.23760E-04
 8.49267E-05
 6.26389E-05
 4.83652E-05
 3.85401E-05
 3.13730E-05
 2.59784E-05
 2.03022E-05
 1.43951E-05
 3.39000E-04
 1.58459E-04
 9.82253E-05
 6.90683E-05
 5.20421E-05
 4.09259E-05
 3.30699E-05
 2.72632E-05
 2.28046E-05
 1.80395E-05
 1.29882E-05
 1.28413E-04
 9.27062E-05
 6.72629E-05
 5.12969E-05
 4.06241E-05
 3.30556E-05
 2.73747E-05
 2.29955E-05
 1.95276E-05
 1.57083E-05
 1.15362E-05
 5.15653E-05
 4.34486E-05
 3.80775E-05
 3.28820E-05
 2.82534E-05
 2.42657E-05
 2.08980E-05
 1.80861E-05
 1.57261E-05
 1.29683E-05
 9.80354E-06
 1.0E-20
 1.67670E-05
 1.48881E-05
 1.38848E-05
 1.29529E-05
 1.20266E-05
 1.11167E-05
 1.02126E-05
 9.33404E-06
 8.15663E-06
 6.60520E-06
 1.0E-20
 1.28320E-05
 1.23484E-05
 1.23110E-05
 1.20142E-05
 1.14698E-05
 1.07864E-05
 1.00224E-05
 9.24205E-06
 8.15799E-06
 6.68501E-06
 3.38973E-05
 3.66706E-05
 3.45270E-05
 3.07324E-05
 2.68260E-05
 2.33094E-05
 2.02695E-05
 1.76813E-05
 1.54796E-05
 1.28805E-05
 9.85082E-06
 1.0E-20
 8.02863E-05
 6.08679E-05
 4.76640E-05
 3.83933E-05
 3.15977E-05
 2.64221E-05
 2.23738E-05
 1.91421E-05
 1.55359E-05
 1.15529E-05
 1.0E-20
 1.33649E-04
 8.79930E-05
 6.37753E-05
 4.89377E-05
 3.89554E-05
 3.17870E-05
 2.64342E-05
 2.22736E-05
 1.77942E-05
 1.29811E-05
 3.01041E-04
 1.72614E-04
 1.10871E-04
 7.82437E-05
 5.87220E-05
 4.58919E-05
 3.69235E-05
 3.03271E-05
 2.53128E-05
 1.99865E-05
 1.43665E-05
 3.16353E-04
 1.90931E-04
 1.25463E-04
 8.90044E-05
 6.66205E-05
 5.18022E-05
 4.14439E-05
 3.38593E-05
 2.81020E-05
 2.20230E-05
 1.56625E-05
 3.21931E-04
 1.97988E-04
 1.33225E-04
 9.59110E-05
 7.22759E-05
 5.64246E-05
 4.51739E-05
 3.68653E-05
 3.05315E-05
 2.38313E-05
 1.68282E-05
 3.24875E-04
 2.00871E-04
 1.36685E-04
 9.96530E-05
 7.60226E-05
 5.97756E-05
 4.80508E-05
 3.92828E-05
 3.25396E-05
 2.53596E-05
 1.78298E-05
 3.25959E-04
 2.01227E-04
 1.37519E-04
 1.01511E-04
 7.82884E-05
 6.20572E-05
 5.01473E-05
 4.11210E-05
 3.41065E-05
 2.65784E-05
 1.86396E-05
 3.21419E-04
 1.98109E-04
 1.37304E-04
 1.02433E-04
 7.96590E-05
 6.35442E-05
 5.15888E-05
 4.24240E-05
 3.52391E-05
 2.74739E-05
 1.92396E-05
 2.97295E-04
 1.94090E-04
 1.37526E-04
 1.03352E-04
 8.06521E-05
 6.45199E-05
 5.24898E-05
 4.32384E-05
 3.59518E-05
 2.80370E-05
 1.96133E-05
 3.06149E-04
 2.01309E-04
 1.40612E-04
 1.04832E-04
 8.15056E-05
 6.51019E-05
 5.29340E-05
 4.35891E-05
 3.62445E-05
 2.82581E-05
 1.97533E-05
 3.73845E-04
 2.15479E-04
 1.44624E-04
 1.06220E-04
 8.19976E-05
 6.52255E-05
 5.28921E-05
 4.34829E-05
 3.61081E-05
 2.81267E-05
 1.96557E-05
 3.45978E-04
 2.14079E-04
 1.45133E-04
 1.06315E-04
 8.17079E-05
 6.46991E-05
 5.22789E-05
 4.28573E-05
 3.55226E-05
 2.76401E-05
 1.93200E-05
 3.29795E-04
 2.08130E-04
 1.42812E-04
 1.04843E-04
 8.03344E-05
 6.33310E-05
 5.09619E-05
 4.16576E-05
 3.44700E-05
 2.67987E-05
 1.87499E-05
 3.26328E-04
 2.03153E-04
 1.39427E-04
 1.01986E-04
 7.76895E-05
 6.09313E-05
 4.88496E-05
 3.98399E-05
 3.29335E-05
 2.56087E-05
 1.79601E-05
 3.22764E-04
 1.98938E-04
 1.34511E-04
 9.72443E-05
 7.34931E-05
 5.73602E-05
 4.58735E-05
 3.73835E-05
 3.09156E-05
 2.40859E-05
 1.69684E-05
 3.16898E-04
 1.91437E-04
 1.26104E-04
 8.97607E-05
 6.73571E-05
 5.25028E-05
 4.20138E-05
 3.43072E-05
 2.84502E-05
 2.22658E-05
 1.58039E-05
 3.01407E-04
 1.72932E-04
 1.11228E-04
 7.86756E-05
 5.91906E-05
 4.63422E-05
 3.73498E-05
 3.06953E-05
 2.56126E-05
 2.02065E-05
 1.45022E-05
 1.0E-20
 1.33869E-04
 8.82136E-05
 6.40332E-05
 4.92321E-05
 3.92593E-05
 3.20869E-05
 2.67089E-05
 2.25222E-05
 1.79861E-05
 1.31065E-05
 1.0E-20
 8.04462E-05
 6.10165E-05
 4.78272E-05
 3.85808E-05
 3.18019E-05
 2.66266E-05
 2.25789E-05
 1.93267E-05
 1.56983E-05
 1.16654E-05
 1.0E-20
 3.67825E-05
 3.46276E-05
 3.08350E-05
 2.69403E-05
 2.34365E-05
 2.04033E-05
 1.78187E-05
 1.56130E-05
 1.29990E-05
 9.94641E-06
 1.0E-20
 1.28937E-05
 1.23994E-05
 1.23574E-05
 1.20622E-05
 1.15220E-05
 1.08436E-05
 1.00830E-05
 9.30679E-06
 8.22235E-06
 6.74355E-06
 1.0E-20
 9.93291E-06
 1.06721E-05
 1.11236E-05
 1.11632E-05
 1.08763E-05
 1.03771E-05
 9.75866E-06
 9.08842E-06
 8.11978E-06
 6.75252E-06
 2.47310E-05
 2.90104E-05
 2.90103E-05
 2.69422E-05
 2.42577E-05
 2.15760E-05
 1.91139E-05
 1.69148E-05
 1.49849E-05
 1.26485E-05
 9.84141E-06
 1.0E-20
 5.43762E-05
 4.75871E-05
 4.02392E-05
 3.39386E-05
 2.87981E-05
 2.46313E-05
 2.12139E-05
 1.84006E-05
 1.51720E-05
 1.14866E-05
 1.0E-20
 8.16644E-05
 6.57982E-05
 5.25920E-05
 4.26409E-05
 3.51653E-05
 2.94180E-05
 2.49235E-05
 2.13218E-05
 1.73099E-05
 1.28632E-05
 1.15760E-04
 1.03903E-04
 8.17806E-05
 6.38730E-05
 5.07849E-05
 4.11981E-05
 3.40267E-05
 2.85065E-05
 2.41536E-05
 1.93858E-05
 1.41973E-05
 1.27396E-04
 1.17073E-04
 9.30024E-05
 7.26453E-05
 5.75522E-05
 4.64567E-05
 3.81463E-05
 3.17704E-05
 2.67653E-05
 2.13187E-05
 1.54449E-05
 1.31551E-04
 1.23519E-04
 9.96480E-05
 7.86798E-05
 6.26672E-05
 5.06764E-05
 4.15951E-05
 3.45818E-05
 2.90581E-05
 2.30415E-05
 1.65664E-05
 1.33046E-04
 1.25875E-04
 1.03144E-04
 8.24293E-05
 6.62248E-05
 5.38440E-05
 4.43186E-05
 3.68777E-05
 3.09725E-05
 2.45055E-05
 1.75292E-05
 1.32694E-04
 1.26241E-04
 1.04543E-04
 8.45377E-05
 6.85531E-05
 5.60982E-05
 4.63575E-05
 3.86528E-05
 3.24827E-05
 2.56770E-05
 1.83052E-05
 1.30701E-04
 1.25366E-04
 1.04913E-04
 8.56786E-05
 7.00412E-05
 5.76357E-05
 4.77975E-05
 3.99340E-05
 3.35832E-05
 2.65370E-05
 1.88771E-05
 1.27690E-04
 1.24859E-04
 1.05493E-04
 8.65789E-05
 7.10301E-05
 5.86278E-05
 4.87175E-05
 4.07450E-05
 3.42754E-05
 2.70732E-05
 1.92332E-05
 1.32638E-04
 1.28149E-04
 1.07283E-04
 8.76162E-05
 7.17234E-05
 5.91472E-05
 4.91471E-05
 4.10900E-05
 3.45537E-05
 2.72803E-05
 1.93661E-05
 1.42789E-04
 1.33043E-04
 1.09319E-04
 8.84373E-05
 7.20024E-05
 5.91743E-05
 4.90441E-05
 4.09505E-05
 3.44102E-05
 2.71526E-05
 1.92719E-05
 1.41539E-04
 1.33488E-04
 1.09677E-04
 8.83487E-05
 7.15703E-05
 5.85476E-05
 4.83649E-05
 4.03011E-05
 3.38291E-05
 2.66846E-05
 1.89506E-05
 1.37443E-04
 1.31190E-04
 1.08257E-04
 8.70133E-05
 7.01501E-05
 5.71324E-05
 4.70397E-05
 3.91133E-05
 3.28009E-05
 2.58740E-05
 1.84064E-05
 1.34063E-04
 1.28463E-04
 1.05534E-04
 8.43044E-05
 6.75921E-05
 5.48136E-05
 4.50026E-05
 3.73634E-05
 3.13214E-05
 2.47301E-05
 1.76493E-05
 1.31954E-04
 1.24444E-04
 1.01076E-04
 7.99658E-05
 6.37158E-05
 5.14885E-05
 4.22091E-05
 3.50419E-05
 2.94029E-05
 2.32734E-05
 1.66966E-05
 1.27646E-04
 1.17455E-04
 9.36417E-05
 7.34752E-05
 5.83090E-05
 4.70919E-05
 3.86591E-05
 3.21758E-05
 2.70827E-05
 2.15424E-05
 1.55771E-05
 1.15940E-04
 1.04111E-04
 8.21077E-05
 6.43144E-05
 5.12950E-05
 4.16746E-05
 3.44353E-05
 2.88463E-05
 2.44311E-05
 1.95909E-05
 1.43252E-05
 1.0E-20
 8.18004E-05
 6.59785E-05
 5.28396E-05
 4.29480E-05
 3.54949E-05
 2.97337E-05
 2.51986E-05
 2.15558E-05
 1.74909E-05
 1.29824E-05
 1.0E-20
 5.44747E-05
 4.76984E-05
 4.03885E-05
 3.41244E-05
 2.90131E-05
 2.48529E-05
 2.14313E-05
 1.85925E-05
 1.53273E-05
 1.15945E-05
 1.0E-20
 2.90793E-05
 2.90823E-05
 2.70288E-05
 2.43665E-05
 2.17057E-05
 1.92557E-05
 1.70578E-05
 1.51297E-05
 1.27741E-05
 9.93419E-06
 1.0E-20
 9.97326E-06
 1.07068E-05
 1.11599E-05
 1.12049E-05
 1.09262E-05
 1.04352E-05
 9.82263E-06
 9.15642E-06
 8.18954E-06
 6.81585E-06
 1.0E-20
 6.64387E-06
 7.72698E-06
 8.50520E-06
 8.91627E-06
 9.01568E-06
 8.88344E-06
 8.59383E-06
 8.20417E-06
 7.55106E-06
 6.50946E-06
 1.0E-20
 1.54810E-05
 1.71963E-05
 1.76182E-05
 1.72030E-05
 1.63205E-05
 1.52283E-05
 1.40593E-05
 1.28944E-05
 1.13136E-05
 9.20213E-06
 1.0E-20
 2.31720E-05
 2.45420E-05
 2.40702E-05
 2.26568E-05
 2.08818E-05
 1.90193E-05
 1.72120E-05
 1.55229E-05
 1.33560E-05
 1.06063E-05
 1.0E-20
 3.03960E-05
 3.12433E-05
 2.98158E-05
 2.74628E-05
 2.48463E-05
 2.22843E-05
 1.99065E-05
 1.77538E-05
 1.50737E-05
 1.17716E-05
 3.11875E-05
 3.69225E-05
 3.74297E-05
 3.52523E-05
 3.20496E-05
 2.86607E-05
 2.54419E-05
 2.25194E-05
 1.99189E-05
 1.67386E-05
 1.28936E-05
 1.0E-20
 4.18602E-05
 4.24717E-05
 3.98728E-05
 3.60794E-05
 3.20913E-05
 2.83275E-05
 2.49322E-05
 2.19302E-05
 1.82902E-05
 1.39379E-05
 1.0E-20
 4.51960E-05
 4.61519E-05
 4.34715E-05
 3.93722E-05
 3.49920E-05
 3.08257E-05
 2.70533E-05
 2.37151E-05
 1.96748E-05
 1.48741E-05
 3.87056E-05
 4.72036E-05
 4.86270E-05
 4.60893E-05
 4.19063E-05
 3.73138E-05
 3.28782E-05
 2.88252E-05
 2.52206E-05
 2.08530E-05
 1.56764E-05
 3.90839E-05
 4.82697E-05
 5.01874E-05
 4.79011E-05
 4.37644E-05
 3.90787E-05
 3.44728E-05
 3.02185E-05
 2.64161E-05
 2.17976E-05
 1.63241E-05
 3.91267E-05
 4.87756E-05
 5.11531E-05
 4.91251E-05
 4.50690E-05
 4.03397E-05
 3.56188E-05
 3.12283E-05
 2.72886E-05
 2.24913E-05
 1.68019E-05
 3.92890E-05
 4.91710E-05
 5.18250E-05
 4.99509E-05
 4.59218E-05
 4.11379E-05
 3.63375E-05
 3.18592E-05
 2.78328E-05
 2.29235E-05
 1.70991E-05
 3.99048E-05
 4.97788E-05
 5.23699E-05
 5.04531E-05
 4.63467E-05
 4.14956E-05
 3.66387E-05
 3.21124E-05
 2.80447E-05
 2.30872E-05
 1.72089E-05
 4.06360E-05
 5.03591E-05
 5.26856E-05
 5.05301E-05
 4.63056E-05
 4.13943E-05
 3.65118E-05
 3.19802E-05
 2.79185E-05
 2.29781E-05
 1.71282E-05
 4.08190E-05
 5.04096E-05
 5.24417E-05
 5.00521E-05
 4.57139E-05
 4.07862E-05
 3.59305E-05
 3.14489E-05
 2.74472E-05
 2.25939E-05
 1.68574E-05
 4.04413E-05
 4.97231E-05
 5.14575E-05
 4.88968E-05
 4.45050E-05
 3.96182E-05
 3.48641E-05
 3.05038E-05
 2.66260E-05
 2.19367E-05
 1.64013E-05
 3.96197E-05
 4.82779E-05
 4.96609E-05
 4.69731E-05
 4.26128E-05
 3.78590E-05
 3.32922E-05
 2.91381E-05
 2.54576E-05
 2.10148E-05
 1.57693E-05
 3.80943E-05
 4.59272E-05
 4.69160E-05
 4.41777E-05
 3.99769E-05
 3.54865E-05
 3.12196E-05
 2.73630E-05
 2.39573E-05
 1.98460E-05
 1.49763E-05
 3.54115E-05
 4.23405E-05
 4.30098E-05
 4.04048E-05
 3.65640E-05
 3.25097E-05
 2.86769E-05
 2.52179E-05
 2.21612E-05
 1.84596E-05
 1.40435E-05
 1.0E-20
 3.71486E-05
 3.78000E-05
 3.56402E-05
 3.24228E-05
 2.89993E-05
 2.57373E-05
 2.27704E-05
 2.01286E-05
 1.68984E-05
 1.29977E-05
 1.0E-20
 3.04983E-05
 3.14543E-05
 3.00939E-05
 2.77434E-05
 2.51124E-05
 2.25260E-05
 2.01193E-05
 1.79373E-05
 1.52189E-05
 1.18706E-05
 1.0E-20
 2.32278E-05
 2.46532E-05
 2.42445E-05
 2.28647E-05
 2.10870E-05
 1.92126E-05
 1.73880E-05
 1.56792E-05
 1.34843E-05
 1.06978E-05
 1.0E-20
 1.55132E-05
 1.72506E-05
 1.77089E-05
 1.73286E-05
 1.64688E-05
 1.53735E-05
 1.41964E-05
 1.30202E-05
 1.14211E-05
 9.28280E-06
 1.0E-20
 6.65857E-06
 7.74501E-06
 8.53313E-06
 8.95695E-06
 9.07043E-06
 8.95088E-06
 8.67044E-06
 8.28075E-06
 7.62134E-06
 6.56744E-06
