 6.99165
 2.23510
 2.04008
 1.85395
 3.53683
 3.01778
 3.47021
 4.38986
 3.48877
 3.03824
 1.44031
 1.99521
 4.47242
 2.75386
 3.36038
 6.31363
 5.99336
 5.27089
 3.88940
 4.53235
 1.30480
 1.35713
 1.49018
 1.55518
 1.82087
 1.68845
 1.71440
 2.17083
 1.91731
 2.00589
 1.31274
 1.32814
 1.27869
 1.32041
 1.29237
 1.37861
 1.32343
 1.34028
 1.46169
 1.33240
 1.20639
 1.28683
 1.32290
 1.37819
 1.45282
 1.37185
 1.41589
 1.35361
 1.37505
 1.50667
 1.15967
 1.09992
 1.06598
 1.11621
 1.12769
 1.13469
 1.40627
 1.60848
 2.22238
 2.16975
 1.31874
 1.30509
 1.29300
 1.28181
 1.27119
 1.26103
 1.25131
 1.01271
 1.12690
 2.73974
 1.28028
 1.26715
 1.25566
 1.24511
 1.23535
 1.22627
 1.21759
 1.20934
 1.20144
 1.19388
 1.25554
 1.24157
 1.23003
 1.21975
 1.21050
 1.20176
 1.19346
 1.18552
 1.17802
 1.17086
 5.18083
 2.44890
 3.09937
 2.85750
 1.81804
 2.92979
 3.97114
 5.19054
 5.39063
 6.55354
 1.83181
 2.28929
 2.50237
 1.84921
 2.77553
 3.36379
 3.75322
 2.33758
 2.73940
 3.20014
 1.26211
 1.33054
 1.40117
 1.43069
 1.50543
 1.70763
 1.61693
 1.76809
 1.70189
 1.79879
 1.26844
 1.30565
 1.31739
 1.27651
 1.26683
 1.41529
 1.28746
 1.29082
 1.38474
 1.39766
 1.20690
 1.19069
 1.15419
 1.14614
 1.25818
 1.40807
 1.38376
 1.27088
 1.26072
 1.25614
 1.19817
 1.10200
 1.04955
 1.02181
 1.00483
 1.05268
 1.09295
 1.13678
 1.39957
 1.76899
 1.29701
 1.28000
 1.26491
 1.25112
 1.23842
 0.93233
 0.87021
 0.85368
 0.87347
 0.87751
 1.26036
 1.24433
 1.23008
 1.21718
 1.20535
 1.19447
 1.18419
 1.17457
 1.16559
 1.15712
 1.23579
 1.21897
 1.20484
 1.19228
 1.18088
 1.17035
 1.16048
 1.15135
 1.14279
 1.13463
 4.71069
 2.65636
 3.37539
 2.79309
 2.42148
 2.48551
 3.11328
 2.56097
 2.33923
 3.18115
 1.60622
 1.71943
 1.76274
 1.74857
 1.58005
 2.55364
 2.59041
 2.76461
 2.42791
 2.57226
 1.32898
 1.24349
 1.28651
 1.33575
 1.36859
 1.39422
 1.54038
 1.43380
 1.59040
 1.54031
 1.21683
 1.29916
 1.35293
 1.27293
 1.31965
 1.28404
 1.26676
 1.25061
 1.35511
 1.37779
 1.22246
 1.22654
 1.17829
 1.13840
 1.13291
 1.13056
 1.13618
 1.12716
 1.09475
 1.10136
 1.21182
 1.18711
 1.12853
 1.07682
 1.02233
 0.98189
 0.94725
 0.92903
 0.93926
 1.01279
 1.29054
 1.27407
 1.25925
 1.24588
 1.15172
 1.07052
 1.02121
 0.94799
 0.90321
 0.86326
 1.25425
 1.23852
 1.22448
 1.21177
 1.20034
 1.19002
 1.18056
 1.17178
 1.16369
 1.15620
 1.23091
 1.21325
 1.19873
 1.18616
 1.17493
 1.16475
 1.15542
 1.14685
 1.13895
 1.13162
 2.53503
 2.61878
 2.24592
 2.36807
 2.46669
 2.02546
 3.33441
 3.48569
 2.65506
 2.43473
 1.98679
 1.72340
 1.72497
 1.89431
 2.07825
 2.86245
 2.12611
 2.11050
 2.01786
 2.20935
 1.37593
 1.33833
 1.28214
 1.30895
 1.27712
 1.28493
 1.31438
 1.31545
 1.24092
 1.25680
 1.18726
 1.17995
 1.17866
 1.20350
 1.24277
 1.24137
 1.24807
 1.18153
 1.19033
 1.19242
 1.19660
 1.18302
 1.17052
 1.15489
 1.15512
 1.14411
 1.13130
 1.11340
 1.08848
 1.10037
 1.21719
 1.19305
 1.17291
 1.13481
 1.11924
 1.08381
 1.07091
 1.03884
 1.00424
 0.99077
 1.29694
 1.28354
 1.27189
 1.26134
 1.21257
 1.16743
 1.15690
 1.11343
 1.07156
 1.03125
 1.26053
 1.24691
 1.23594
 1.22617
 1.21726
 1.20914
 1.20186
 1.19530
 1.18937
 1.18400
 1.24073
 1.22401
 1.21120
 1.20052
 1.19127
 1.18313
 1.17577
 1.16919
 1.16317
 1.15766
 2.80963
 2.80525
 3.25262
 5.06391
 2.71085
 3.23017
 3.17674
 2.62892
 3.29460
 4.49094
 1.57229
 1.44559
 1.50724
 1.96631
 1.92167
 1.88643
 2.08020
 2.00870
 1.96123
 1.33582
 1.37015
 1.36909
 1.35441
 1.33095
 1.32767
 1.28865
 1.29942
 1.29045
 1.31666
 1.36259
 1.19613
 1.17250
 1.21008
 1.18358
 1.18640
 1.18882
 1.19403
 1.19319
 1.18673
 1.17693
 1.22628
 1.21344
 1.19098
 1.18300
 1.17480
 1.16882
 1.15274
 1.14805
 1.13188
 1.13252
 1.25119
 1.23730
 1.20451
 1.19217
 1.18123
 1.15391
 1.14468
 1.13707
 1.11234
 1.10588
 1.31609
 1.30601
 1.29806
 1.26005
 1.25384
 1.21953
 1.21391
 1.18231
 1.17655
 1.17166
 1.28125
 1.27032
 1.26210
 1.25563
 1.25042
 1.24619
 1.24252
 1.23917
 1.23629
 1.23365
 1.26651
 1.25238
 1.24198
 1.23395
 1.22758
 1.22239
 1.21811
 1.21436
 1.21112
 1.20836
 3.35321
 3.45790
 2.20850
 2.79088
 2.63153
 3.84644
 3.28982
 4.13270
 2.65865
 3.86231
 1.64379
 1.66902
 1.59272
 2.19477
 1.70138
 1.50369
 2.22441
 1.93092
 1.94911
 2.05882
 1.32458
 1.34720
 1.34007
 1.34909
 1.31240
 1.31507
 1.32739
 1.31169
 1.33534
 1.35477
 1.29261
 1.18447
 1.19410
 1.22585
 1.21035
 1.19050
 1.21521
 1.21982
 1.20360
 1.23100
 1.25607
 1.23622
 1.23575
 1.23456
 1.23471
 1.21890
 1.21849
 1.21794
 1.20984
 1.21068
 1.27103
 1.26848
 1.26649
 1.26480
 1.24533
 1.24468
 1.24414
 1.22689
 1.22755
 1.22798
 1.34878
 1.32273
 1.31945
 1.29728
 1.29580
 1.29465
 1.27596
 1.27579
 1.27620
 1.25959
 1.31931
 1.31337
 1.30941
 1.30677
 1.30497
 1.30391
 1.30336
 1.30315
 1.30327
 1.30366
 1.30865
 1.30003
 1.29431
 1.29030
 1.28739
 1.28534
 1.28396
 1.28308
 1.28258
 1.28245
 2.15615
 1.94539
 1.58841
 2.05651
 2.47495
 1.66816
 5.36306
 4.37994
 3.88256
 3.78166
 1.46601
 1.71437
 1.71734
 1.77701
 1.72395
 1.51277
 2.22742
 1.82071
 1.93922
 1.90293
 1.30851
 1.32363
 1.34350
 1.32958
 1.39663
 1.38245
 1.35882
 1.36582
 1.43342
 1.39932
 1.30840
 1.27458
 1.24423
 1.24427
 1.23883
 1.22707
 1.20838
 1.20827
 1.21293
 1.25865
 1.27315
 1.28243
 1.28730
 1.27260
 1.27674
 1.28063
 1.28450
 1.28117
 1.28397
 1.28706
 1.31224
 1.32052
 1.30928
 1.31682
 1.32400
 1.33072
 1.31985
 1.32633
 1.33216
 1.33808
 1.37257
 1.37717
 1.36613
 1.37122
 1.37627
 1.36677
 1.37203
 1.37736
 1.36921
 1.37458
 1.36703
 1.36897
 1.37155
 1.37464
 1.37795
 1.38131
 1.38477
 1.38827
 1.39184
 1.39529
 1.36347
 1.36242
 1.36296
 1.36428
 1.36624
 1.36839
 1.37090
 1.37361
 1.37639
 1.37925
 2.01550
 2.68976
 3.06061
 2.55160
 3.54964
 2.00641
 3.53860
 3.61179
 3.90785
 2.80519
 1.75452
 1.66482
 1.98556
 1.64811
 1.60710
 1.47846
 1.79328
 1.48284
 1.71511
 1.54532
 1.34328
 1.34193
 1.39028
 1.34946
 1.41329
 1.51178
 1.46945
 1.51229
 1.51067
 1.50382
 1.29727
 1.25595
 1.26020
 1.24937
 1.26774
 1.29110
 1.27996
 1.32268
 1.34559
 1.35299
 1.31446
 1.32849
 1.32168
 1.33277
 1.34142
 1.34081
 1.35248
 1.36200
 1.35314
 1.36431
 1.35376
 1.35233
 1.36863
 1.38339
 1.38014
 1.39313
 1.40542
 1.41685
 1.41452
 1.42559
 1.41582
 1.41603
 1.42979
 1.44248
 1.44158
 1.45299
 1.46363
 1.46225
 1.47198
 1.48121
 1.41743
 1.42875
 1.43922
 1.44892
 1.45802
 1.46654
 1.47457
 1.48213
 1.48926
 1.49607
 1.42305
 1.43130
 1.43934
 1.44706
 1.45448
 1.46159
 1.46842
 1.47498
 1.48128
 1.48733
 2.52592
 2.48196
 1.78539
 2.18452
 3.04268
 2.66655
 2.39155
 2.18379
 4.98166
 4.37335
 1.66446
 1.85454
 1.95381
 2.13982
 2.11913
 1.79077
 1.90456
 1.50665
 1.58704
 1.68294
 1.35491
 1.39064
 1.36680
 1.47714
 1.46091
 1.50439
 1.50977
 1.47420
 1.47995
 1.47575
 1.27834
 1.27439
 1.30926
 1.35226
 1.38850
 1.43096
 1.42197
 1.42343
 1.46376
 1.49351
 1.34922
 1.35034
 1.36874
 1.38936
 1.40176
 1.42004
 1.43777
 1.43636
 1.45255
 1.46624
 1.37173
 1.39829
 1.42202
 1.42695
 1.44761
 1.46650
 1.48414
 1.48918
 1.50615
 1.51941
 1.44123
 1.46556
 1.48740
 1.49521
 1.51333
 1.52973
 1.53508
 1.54936
 1.56252
 1.57484
 1.46495
 1.48613
 1.50478
 1.52139
 1.53632
 1.54989
 1.56232
 1.57375
 1.58426
 1.59410
 1.47973
 1.49790
 1.51395
 1.52831
 1.54130
 1.55315
 1.56406
 1.57415
 1.58355
 1.59233
