 1.40186
 1.30571
 1.19690
 1.15661
 1.20921
 1.12718
 1.00605
 0.99881
 1.11811
 1.56865
 1.50902
 1.38069
 1.33156
 1.23680
 1.27156
 0.96776
 0.98108
 0.92918
 0.90689
 1.18879
 1.32626
 1.32623
 1.33797
 1.35035
 1.35035
 1.35035
 1.35035
 1.35035
 1.35036
 1.35036
 0.36292
 0.32329
 0.30563
 0.29372
 0.28448
 0.27623
 0.26852
 0.26101
 0.25407
 0.24749
 0.39096
 0.33198
 0.28006
 0.36591
 0.32823
 0.29468
 0.26441
 0.12821
 0.11723
 0.37444
 0.59014
 0.47804
 0.39700
 0.42881
 0.37994
 0.34158
 0.24380
 0.23997
 0.24064
 0.27032
 0.85556
 0.64686
 0.53885
 0.47129
 0.39064
 0.39687
 0.44652
 0.51077
 0.62087
 1.37591
 1.40376
 1.15048
 0.89084
 0.71295
 0.56189
 0.53253
 0.52017
 0.62551
 0.76976
 1.62201
 1.71014
 1.67385
 1.64313
 1.61665
 1.59303
 1.57225
 1.55340
 1.53608
 1.52037
 1.50555
 1.71881
 1.67401
 1.48552
 1.53752
 1.53551
 1.53106
 1.35484
 1.28047
 1.10999
 2.30727
 2.62870
 1.64701
 1.28549
 1.26561
 1.21078
 0.95887
 0.83558
 0.74602
 0.73631
 0.97083
 1.32104
 1.32809
 1.34297
 1.06688
 0.99112
 0.48963
 0.59373
 0.53661
 0.12904
 0.40970
 0.37917
 0.35370
 0.34735
 0.34789
 0.35267
 0.36401
 0.22141
 0.21323
 0.21645
 0.24897
 0.40210
 0.34928
 0.31030
 0.27676
 0.33811
 0.31788
 0.30011
 0.28453
 0.27107
 0.25944
 0.69491
 0.50507
 0.43295
 0.38205
 0.34337
 0.31527
 0.25109
 0.25368
 0.26097
 0.27396
 0.87482
 0.69253
 0.59100
 0.52201
 0.43455
 0.40022
 0.41690
 0.45181
 0.50342
 0.56299
 1.27754
 1.03633
 0.87798
 0.66012
 0.59781
 0.52691
 0.52094
 0.55786
 0.60911
 0.67232
 1.66743
 1.62570
 1.59109
 1.56160
 1.53610
 1.51368
 1.49385
 1.47621
 1.46036
 0.70624
 1.21663
 1.67492
 1.73447
 1.49133
 1.91217
 1.82699
 2.78112
 9.55844
 8.78929
15.15799
 1.68415
 1.32216
 1.39025
 1.30029
 1.44351
 1.28183
 1.44157
 1.28392
 1.32771
 1.10489
 1.33090
 1.21848
 1.20596
 0.62788
 0.82251
 0.75346
 0.79248
 1.07376
 0.49948
 0.49887
 0.33060
 0.33122
 0.33079
 0.34740
 0.26743
 0.25577
 0.19128
 0.38894
 0.43850
 0.44431
 0.50224
 0.44844
 0.41259
 0.46435
 0.44294
 0.42601
 0.41573
 0.41119
 0.40977
 0.40998
 0.81456
 0.73034
 0.58644
 0.53116
 0.49153
 0.46183
 0.43954
 0.45483
 0.44149
 0.43178
 1.04913
 0.91012
 0.78023
 0.65383
 0.59697
 0.55692
 0.52721
 0.46698
 0.42874
 0.41854
 1.38915
 1.18798
 1.05945
 0.94097
 0.82949
 0.72329
 0.63379
 0.60691
 0.55448
 0.52846
 1.65882
 1.61704
 1.58310
 1.55491
 1.53100
 1.51049
 1.49279
 0.78917
 0.66022
 0.61177
 1.63371
 2.00297
 3.09385
 3.16606
 2.72394
 6.10576
 6.10172
 2.81315
 2.79675
 1.97767
 1.44528
 1.44790
 1.62672
 1.45684
 1.55381
 1.57938
 1.50741
 1.43628
 1.63999
 1.65760
 1.31028
 1.32306
 1.25576
 0.74626
 1.17456
 0.93411
 0.75052
 0.71099
 0.76121
 0.88193
 0.55521
 0.61883
 0.47279
 0.27585
 0.48266
 0.46667
 0.45956
 0.45687
 0.40768
 0.46399
 0.74825
 0.61279
 0.78499
 0.77171
 0.63205
 0.62802
 0.62943
 0.63767
 0.53769
 0.53464
 1.03627
 0.97981
 0.87547
 0.83735
 0.74463
 0.80808
 0.78853
 0.77249
 0.68021
 0.66795
 1.28907
 1.18640
 1.09226
 1.00544
 0.96679
 0.89069
 0.81756
 0.78607
 0.81020
 0.79007
 1.52382
 1.41870
 1.32208
 1.23336
 1.15043
 1.07227
 0.99945
 0.97056
 0.90474
 0.88034
 1.68204
 1.64518
 1.61596
 1.59217
 1.57251
 1.55605
 1.27195
 1.18656
 1.10743
 1.03418
 2.13036
 2.00577
 2.63407
 2.31914
 2.42662
 6.30331
18.99586
15.27437
 7.47636
 4.11304
 1.34746
 1.41712
 1.65319
 1.58136
 1.43841
 1.56922
 1.44787
 1.47026
 1.67212
 1.82510
 1.37477
 1.24246
 1.29339
 1.53032
 0.99858
 0.85592
 1.07207
 1.26552
 1.22314
 1.18698
 0.59182
 0.71535
 0.68036
 0.62664
 0.56047
 0.56530
 0.55775
 0.56948
 0.62336
 0.52617
 0.89693
 0.89429
 0.96518
 0.97337
 0.97942
 0.87586
 0.88817
 0.90127
 0.91581
 0.82237
 1.25085
 1.22004
 1.15184
 1.13416
 1.19771
 1.12562
 1.11909
 1.11486
 1.05228
 1.04955
 1.46408
 1.39726
 1.33875
 1.31430
 1.29505
 1.24923
 1.23527
 1.25284
 1.20575
 1.19803
 1.61373
 1.57765
 1.51303
 1.48815
 1.43343
 1.38439
 1.36878
 1.32568
 1.31375
 1.30366
 1.72945
 1.70101
 1.67868
 1.66106
 1.64699
 1.63562
 1.55325
 1.48838
 1.47795
 1.42385
 2.00599
 2.02348
 2.88992
 2.63548
 3.92301
 3.41982
 3.72015
 3.66553
 3.49070
 3.78315
 1.44537
 1.74939
 1.46065
 1.62789
 1.66839
 1.76016
 1.35307
 1.82195
 1.82417
 1.80521
 1.35312
 1.19861
 1.43233
 1.05637
 0.95377
 1.12967
 1.25865
 1.19801
 1.41855
 1.45761
 0.74526
 0.74186
 0.73869
 0.73676
 0.74737
 0.77589
 0.76915
 0.75321
 0.75121
 0.81449
 1.04420
 1.07038
 1.15227
 1.17171
 1.18711
 1.13262
 1.13947
 1.15149
 1.16438
 1.17731
 1.42330
 1.38720
 1.38622
 1.35734
 1.39613
 1.39895
 1.40306
 1.36921
 1.37448
 1.38097
 1.59112
 1.57451
 1.54422
 1.53530
 1.51097
 1.50642
 1.51377
 1.51316
 1.48985
 1.49073
 1.70955
 1.68940
 1.67454
 1.64207
 1.63320
 1.60704
 1.60182
 1.59834
 1.57700
 1.57533
 1.79355
 1.77484
 1.76096
 1.75073
 1.74308
 1.73741
 1.73324
 1.69025
 1.68731
 1.65612
 2.15704
 2.15638
 2.51095
 2.32822
 4.65773
 6.82892
 5.66273
 3.43619
 3.31919
 3.14585
 1.97313
 1.96049
 1.47135
 1.57562
 1.66625
 1.62996
 1.46486
 1.75265
 2.13609
 1.74493
 1.18076
 1.49278
 1.65248
 1.37995
 1.68155
 1.44415
 1.49554
 1.60233
 1.72300
 1.50867
 0.81556
 0.78727
 0.78671
 0.82799
 0.78826
 0.88587
 0.95043
 0.83079
 0.89816
 1.04240
 1.16564
 1.26241
 1.30375
 1.33373
 1.36115
 1.33456
 1.36108
 1.38843
 1.41582
 1.44745
 1.52471
 1.51959
 1.53884
 1.58175
 1.56855
 1.58397
 1.59947
 1.59388
 1.60423
 1.61595
 1.69091
 1.69523
 1.68729
 1.69357
 1.70061
 1.70875
 1.70164
 1.70945
 1.71750
 1.71274
 1.79827
 1.79504
 1.79400
 1.78276
 1.78474
 1.78778
 1.78021
 1.78433
 1.78889
 1.78277
 1.86612
 1.85914
 1.85496
 1.85284
 1.85203
 1.85222
 1.85327
 1.84122
 1.84351
 1.84610
 2.15109
 2.60354
 2.32878
 2.67752
 3.92035
 3.92427
 3.29975
 3.59569
 3.34221
 2.24442
 1.48038
 1.47242
 1.73440
 1.65389
 1.83690
 1.73913
 2.00271
 2.11229
 2.15537
 1.99038
 1.55654
 1.60102
 1.56817
 1.55261
 1.56433
 1.75904
 1.77691
 1.75774
 1.64810
 1.62326
 0.84907
 0.83745
 0.96028
 0.86391
 1.10309
 1.11687
 1.16831
 1.27394
 1.35774
 1.35876
 1.27040
 1.37209
 1.42164
 1.46609
 1.46975
 1.51512
 1.55872
 1.59874
 1.63851
 1.65451
 1.58579
 1.62615
 1.66233
 1.70414
 1.71213
 1.73511
 1.75557
 1.76559
 1.78495
 1.80275
 1.77131
 1.79256
 1.80154
 1.81972
 1.83399
 1.84004
 1.85455
 1.86823
 1.87291
 1.88512
 1.87530
 1.88703
 1.89827
 1.90047
 1.91095
 1.92113
 1.92302
 1.93253
 1.94159
 1.94282
 1.93961
 1.94520
 1.95114
 1.95726
 1.96342
 1.96963
 1.97569
 1.97911
 1.98550
 1.99170
 2.42448
 3.30560
 3.22191
 2.46051
 3.90380
 3.28520
 2.96323
 2.87123
 3.22359
 3.47032
 1.45109
 1.51582
 2.02082
 2.22484
 1.73898
 1.67046
 1.87406
 1.82716
 2.05696
 2.38262
 1.52841
 1.57662
 1.66209
 1.61081
 1.69483
 1.84809
 1.64184
 1.60480
 1.62063
 1.67331
 0.92389
 0.98632
 1.04195
 1.11035
 1.22993
 1.34343
 1.45983
 1.45913
 1.54543
 1.50026
 1.30489
 1.46120
 1.53035
 1.59292
 1.62578
 1.68264
 1.73388
 1.77595
 1.80711
 1.84091
 1.65706
 1.71561
 1.76955
 1.79686
 1.83231
 1.86379
 1.88538
 1.91065
 1.93320
 1.94876
 1.83898
 1.87502
 1.89752
 1.92206
 1.94565
 1.95974
 1.97858
 1.99541
 2.00492
 2.01917
 1.94281
 1.96693
 1.98762
 1.99929
 2.01581
 2.02458
 2.03826
 2.05086
 2.05653
 2.06725
 2.00906
 2.02603
 2.04084
 2.05401
 2.06588
 2.07669
 2.08361
 2.09309
 2.10191
 2.10557
