 2.17595
 2.27063
 3.33972
 2.25883
 4.25731
 5.73675
 5.13578
 4.27319
 5.48553
 6.75387
 1.55800
 1.48759
 1.53053
 1.52999
 1.99329
 2.26732
 2.47653
 2.10914
 2.23721
 1.98078
 1.40128
 1.39418
 1.40352
 1.40915
 1.38965
 1.43309
 1.39972
 1.50341
 1.91294
 1.79797
 1.29026
 1.38046
 1.32182
 1.32432
 1.30735
 1.32221
 1.34582
 1.34314
 1.28046
 0.95356
 0.97314
 0.86456
 0.86187
 0.86492
 0.85406
 0.93552
 0.98290
 1.09652
 1.63854
 1.59611
 1.15494
 1.14965
 1.14406
 1.13454
 1.12620
 1.18619
 1.65563
 2.16597
 2.17859
 2.44156
 1.34756
 1.23386
 1.21904
 1.21149
 1.18744
 1.17531
 1.17711
 1.14715
 1.17834
 1.39614
 1.57986
 1.55556
 1.53524
 1.51817
 1.50368
 1.49087
 1.47967
 1.46972
 1.46099
 1.45316
 1.60036
 1.57410
 1.55275
 1.53483
 1.51952
 1.50654
 1.49508
 1.48460
 1.47531
 1.46688
 3.02563
 5.20730
 3.94704
 4.66770
 6.35867
11.27955
 8.97583
 4.12356
 4.57950
 7.90586
 1.54132
 1.77238
 1.53073
 1.64672
 1.64962
 2.18205
 2.64871
 1.52169
 1.64146
 1.83211
 1.38979
 1.41006
 1.41553
 1.37496
 1.38225
 1.40026
 1.40105
 1.43943
 1.57727
 1.48491
 1.33064
 1.33426
 1.27999
 1.19114
 1.13127
 1.10396
 1.13144
 0.90880
 1.07136
 1.12109
 1.00462
 0.97737
 0.95874
 0.97448
 0.96197
 0.86257
 0.97079
 1.00319
 0.96592
 1.05124
 1.14634
 1.14078
 1.10391
 1.09730
 1.08187
 1.07814
 1.04895
 1.58178
 2.12999
 2.15685
 1.33338
 1.25507
 1.20799
 1.19706
 1.16685
 1.13989
 1.11726
 1.11118
 1.13015
 1.19110
 1.55644
 1.52942
 1.50755
 1.48921
 1.47383
 1.46078
 1.44959
 1.43966
 1.43090
 1.19021
 1.57477
 1.54556
 1.52231
 1.50324
 1.48720
 1.47339
 1.46124
 1.45052
 1.44091
 1.43225
 3.34368
 3.42665
 2.63454
 3.11368
 2.88864
 2.16965
 2.03965
 2.65138
 8.06470
 5.92393
 1.60629
 1.66240
 1.84920
 2.38375
 1.72514
 1.54798
 1.49303
 1.56471
 1.44399
 2.23703
 1.41882
 1.42684
 1.41364
 1.40207
 1.43017
 1.41001
 1.42142
 1.42406
 1.33099
 1.39343
 1.33570
 1.32062
 1.17984
 1.21153
 1.17210
 1.21639
 1.09710
 1.15000
 1.20531
 1.16478
 1.08152
 1.02519
 0.97460
 0.96572
 0.97491
 0.96411
 0.95453
 0.93657
 0.90929
 0.90234
 1.17846
 1.13689
 1.12777
 1.11795
 1.09025
 1.08514
 1.05810
 1.04044
 1.00390
 0.95942
 1.38879
 1.31115
 1.24457
 1.22201
 1.18097
 1.17146
 1.14077
 1.11070
 1.08547
 1.07040
 1.55267
 1.52512
 1.50294
 1.48482
 1.47000
 1.45763
 1.44706
 1.43797
 1.43019
 1.16219
 1.56822
 1.53838
 1.51502
 1.49611
 1.48040
 1.46702
 1.45545
 1.44533
 1.43639
 1.42843
 2.05956
 2.54102
 3.15781
 2.04421
 2.09537
 2.78237
 2.36051
 2.76286
 3.56864
 2.82410
 1.70092
 1.61778
 1.93068
 1.98930
 2.04115
 1.90496
 2.26425
 1.55940
 1.97875
 1.89633
 1.41076
 1.41432
 1.43992
 1.46882
 1.49374
 1.44942
 1.44013
 1.44946
 1.45821
 1.37692
 1.24574
 1.31165
 1.24874
 1.12668
 1.10303
 1.14169
 1.06006
 1.03800
 1.05722
 1.03751
 1.08857
 1.06258
 1.03974
 1.03438
 0.99153
 1.00167
 0.99664
 0.97013
 0.96794
 0.96912
 1.21865
 1.19445
 1.12536
 1.11385
 1.10357
 1.09360
 1.05554
 1.05079
 1.02042
 1.02224
 1.45542
 1.38882
 1.35605
 1.28489
 1.22049
 1.20359
 1.19137
 1.14766
 1.11054
 1.10561
 1.56582
 1.54097
 1.52049
 1.50420
 1.49102
 1.48019
 1.47118
 1.46365
 1.45730
 1.30150
 1.58013
 1.55273
 1.53118
 1.51390
 1.49971
 1.48784
 1.47775
 1.46908
 1.46156
 1.45500
 2.24218
 3.10099
 2.85703
 2.01112
 2.23027
 3.01639
 2.66135
 2.89462
 4.38507
 4.15485
 1.58564
 1.72161
 1.60718
 1.51380
 1.48346
 1.54837
 1.52491
 1.88628
 1.85722
 1.53193
 1.43957
 1.44240
 1.47972
 1.45277
 1.43954
 1.43787
 1.35574
 1.41171
 1.37597
 1.37538
 1.28959
 1.26241
 1.27405
 1.18009
 1.16439
 1.16295
 1.17441
 1.18579
 1.18620
 1.18282
 1.18132
 1.16234
 1.11066
 1.10108
 1.09160
 1.08211
 1.07474
 1.07424
 1.07357
 1.03865
 1.32919
 1.29526
 1.24303
 1.22281
 1.20821
 1.17070
 1.16479
 1.13318
 1.12933
 1.12713
 1.49835
 1.47311
 1.42570
 1.40027
 1.35501
 1.33790
 1.32528
 1.28362
 1.27645
 1.24232
 1.59311
 1.57382
 1.55859
 1.54593
 1.53553
 1.52729
 1.52045
 1.51494
 1.51053
 1.43892
 1.60906
 1.58665
 1.56971
 1.55599
 1.54460
 1.53521
 1.52740
 1.52083
 1.51525
 1.51052
 1.90416
 3.06616
 3.20927
 2.83694
 2.05914
 1.76328
 2.87728
 2.38179
 2.36816
 2.09166
 1.56403
 1.56676
 1.58243
 1.67041
 1.41693
 1.65525
 1.49679
 1.47345
 1.74719
 1.69028
 1.43622
 1.48469
 1.46572
 1.44432
 1.44822
 1.41026
 1.41809
 1.43035
 1.41836
 1.41425
 1.28778
 1.29506
 1.27316
 1.24900
 1.27326
 1.23290
 1.27392
 1.22521
 1.21614
 1.22336
 1.28347
 1.28083
 1.25649
 1.25776
 1.26239
 1.23832
 1.26942
 1.27174
 1.24631
 1.25176
 1.43213
 1.40474
 1.39638
 1.39007
 1.36992
 1.36750
 1.35028
 1.35012
 1.35111
 1.33605
 1.55605
 1.54331
 1.53254
 1.50188
 1.49522
 1.47000
 1.46515
 1.46180
 1.44137
 1.44004
 1.63321
 1.61982
 1.61152
 1.60514
 1.59882
 1.59433
 1.59092
 1.58855
 1.58634
 1.58485
 1.65417
 1.63888
 1.62719
 1.61801
 1.61096
 1.60500
 1.60018
 1.59635
 1.59329
 1.59088
 1.71512
 1.86951
 2.03352
 2.16204
 3.34425
 2.09334
 2.19435
 1.99747
 2.62867
 1.94816
 1.54035
 1.63443
 1.68398
 1.60067
 1.63774
 1.44545
 1.52613
 1.58517
 1.80998
 1.79696
 1.47935
 1.54844
 1.49065
 1.56676
 1.47549
 1.48835
 1.48269
 1.49489
 1.53662
 1.52339
 1.29630
 1.33778
 1.28207
 1.30689
 1.29198
 1.33161
 1.33385
 1.41523
 1.47301
 1.48335
 1.36762
 1.38259
 1.39693
 1.39787
 1.41352
 1.44247
 1.43783
 1.44923
 1.46012
 1.45693
 1.51646
 1.50738
 1.51260
 1.51839
 1.51307
 1.51988
 1.52694
 1.52343
 1.53072
 1.53741
 1.63151
 1.62695
 1.62428
 1.61040
 1.61059
 1.61167
 1.60327
 1.60564
 1.60831
 1.60205
 1.69446
 1.68771
 1.68258
 1.67940
 1.67743
 1.67635
 1.67594
 1.67604
 1.67657
 1.67747
 1.71692
 1.70830
 1.70240
 1.69831
 1.69540
 1.69306
 1.69145
 1.69040
 1.68963
 1.68928
 2.08246
 1.86184
 2.13919
 1.80784
 2.44275
 1.85570
 1.98615
 2.04774
 1.53189
 1.73088
 1.65698
 1.66767
 1.58169
 1.72102
 1.35126
 1.60930
 1.74646
 1.71890
 1.69509
 1.69727
 1.61962
 1.61386
 1.56909
 1.55392
 1.59644
 1.61696
 1.65263
 1.65601
 1.60216
 1.65287
 1.47121
 1.41614
 1.45313
 1.41264
 1.52038
 1.55925
 1.58450
 1.66262
 1.66480
 1.58941
 1.46024
 1.49235
 1.51934
 1.54304
 1.56276
 1.58600
 1.59610
 1.61013
 1.62335
 1.63140
 1.60066
 1.60935
 1.62636
 1.63273
 1.64647
 1.65857
 1.66223
 1.67264
 1.68035
 1.68914
 1.70702
 1.71435
 1.71259
 1.71921
 1.72547
 1.73130
 1.73039
 1.73585
 1.74113
 1.74049
 1.76393
 1.76570
 1.76774
 1.76995
 1.77226
 1.77469
 1.77716
 1.77964
 1.78215
 1.78466
 1.79254
 1.79200
 1.79216
 1.79273
 1.79354
 1.79454
 1.79572
 1.79699
 1.79834
 1.79979
 1.79857
 2.29101
 2.21233
 2.10897
 1.97251
 1.66867
 1.59933
 1.72613
 2.44868
 2.24276
 1.63577
 1.61095
 1.89431
 1.50861
 1.67937
 1.67854
 1.64442
 1.68888
 1.66701
 1.71412
 1.61479
 1.61251
 1.63134
 1.70277
 1.72213
 1.68927
 1.51342
 1.67667
 1.69246
 1.61331
 1.45217
 1.56387
 1.61756
 1.66948
 1.66686
 1.67639
 1.72382
 1.72453
 1.73552
 1.75567
 1.54462
 1.60072
 1.63959
 1.67043
 1.69485
 1.71604
 1.73128
 1.74710
 1.76044
 1.77027
 1.66916
 1.70093
 1.72664
 1.74157
 1.75942
 1.77450
 1.78252
 1.79286
 1.80280
 1.81165
 1.77591
 1.79349
 1.80152
 1.81377
 1.82417
 1.82861
 1.83685
 1.84412
 1.85070
 1.85285
 1.83213
 1.84289
 1.85151
 1.85872
 1.86491
 1.87037
 1.87525
 1.87972
 1.88380
 1.88756
 1.86733
 1.87464
 1.88046
 1.88533
 1.88952
 1.89323
 1.89657
 1.89964
 1.90248
 1.90514
