 2.18544
 2.18455
 1.80921
 1.41634
 2.06629
 2.43870
 1.88120
 1.75273
 2.65144
 2.40942
 1.65558
 1.76171
 1.27455
 1.71452
 1.60752
 2.29221
 2.05070
 2.65363
 2.84223
 2.55522
 1.23693
 1.10747
 1.11859
 1.02128
 1.02657
 1.18021
 1.12038
 1.14299
 1.10637
 1.10864
 0.93199
 1.07011
 1.06775
 0.79681
 0.66036
 0.66958
 0.73778
 0.62588
 0.64448
 0.90678
 0.84845
 0.79791
 1.31172
 1.32504
 1.21634
 1.28584
 1.32096
 1.35981
 1.41620
 1.57219
 0.73548
 0.62356
 1.50884
 1.52468
 1.51266
 1.60480
 1.95911
 2.01326
 2.06913
 2.10706
 0.84393
 0.78431
 0.69101
 0.61019
 0.62721
 1.74341
 2.08973
 2.17715
 2.45459
 2.56739
 1.09029
 0.95507
 0.89486
 0.78494
 0.75792
 0.69579
 0.69571
 0.73884
 0.80772
 1.00786
 1.36693
 1.33862
 1.31531
 1.29524
 1.27778
 1.26215
 1.24824
 1.23565
 1.09878
 1.08329
 2.32408
 1.30534
 1.25667
 1.77441
 2.15829
 1.27694
 1.34832
 2.07044
 1.81433
 1.96782
 1.56794
 1.11833
 1.34804
 1.56552
 1.13887
 2.08859
 1.81906
 2.08018
 1.66247
 2.35877
 1.13065
 1.10832
 1.12538
 1.09253
 1.09297
 1.03001
 1.03105
 1.06505
 1.05787
 1.00153
 0.96760
 0.88573
 0.95398
 0.78416
 0.87335
 0.73204
 0.91648
 0.91893
 0.63211
 0.67885
 0.69592
 0.80180
 1.31197
 1.24995
 1.24881
 1.27424
 1.23191
 1.54061
 1.40687
 1.55782
 0.77527
 0.69364
 0.71764
 1.49571
 1.46681
 1.44500
 1.47901
 1.50425
 1.80144
 1.63927
 0.86121
 0.79938
 0.71802
 0.64564
 0.59460
 0.62407
 1.52595
 1.69744
 1.90706
 1.96920
 1.07812
 0.94899
 0.82876
 0.78904
 0.72220
 0.68112
 0.68021
 0.73737
 0.78153
 0.91308
 1.34229
 1.31086
 1.28533
 1.26382
 1.24536
 0.99794
 0.88115
 0.76152
 0.75826
 0.79479
 1.39346
 1.86724
 1.45166
 1.52753
 1.40506
 1.70542
 1.76627
 1.55199
 1.46505
 1.69071
 1.11833
 1.38977
 1.56301
 1.41863
 1.46925
 1.42519
 1.45368
 1.61189
 1.40551
 1.18735
 1.11282
 1.16805
 1.24866
 1.09531
 1.19047
 1.23005
 1.19590
 1.07380
 0.81326
 1.05328
 0.94977
 1.04388
 0.97683
 0.80307
 0.93475
 0.84422
 0.97472
 1.15356
 0.79075
 0.97265
 0.76199
 0.71931
 0.79919
 0.79057
 1.26923
 1.29543
 1.35083
 1.40772
 1.52461
 1.41882
 0.80279
 0.78069
 0.74203
 0.75449
 0.71849
 1.48602
 1.48459
 1.49693
 1.72211
 1.74228
 0.95074
 0.87396
 0.78720
 0.76086
 0.70195
 0.65475
 0.62075
 0.74775
 0.75534
 1.61421
 1.12844
 1.02121
 0.96439
 0.86600
 0.83196
 0.76694
 0.71938
 0.71474
 0.68191
 0.69525
 1.34461
 1.31403
 1.28972
 1.17414
 1.06536
 0.96522
 0.94240
 0.86152
 0.80382
 0.77028
 2.24772
 1.64233
 1.41173
 1.63498
 1.19515
 1.08171
 1.17956
 1.16223
 2.10203
 2.07898
 1.59868
 1.34668
 2.26552
 1.92363
 2.11917
 1.36180
 1.68733
 1.67201
 1.52607
 1.56666
 1.18270
 1.15949
 1.20154
 1.16153
 1.17410
 1.41652
 1.77603
 1.73091
 1.54858
 2.07300
 0.89843
 0.95252
 0.96886
 0.68849
 0.78761
 0.91338
 0.90439
 0.73103
 0.81629
 0.93756
 0.76964
 0.77082
 0.74012
 0.71655
 0.71399
 0.68337
 0.66141
 0.65828
 0.68152
 0.69897
 0.89840
 0.85781
 0.80227
 0.78881
 0.78401
 0.75545
 0.75070
 0.74093
 0.72763
 0.68193
 1.09680
 1.01134
 0.96656
 0.89406
 0.86600
 0.81183
 0.80054
 0.75989
 0.76262
 0.73856
 1.24114
 1.16289
 1.08876
 1.05269
 0.98408
 0.95700
 0.89714
 0.88226
 0.83453
 0.79402
 1.37062
 1.34402
 1.32332
 1.23409
 1.21604
 1.13636
 1.06479
 1.00051
 0.98787
 0.93358
 1.94837
 1.52502
 1.62521
 1.17568
 1.57797
 1.41035
 1.67911
 1.70516
 1.74705
 2.53429
 1.77779
 1.65419
 2.30260
 2.18119
 1.98787
 2.44902
 1.67855
 1.56886
 1.91580
 1.78982
 1.17946
 1.18954
 1.20170
 1.19824
 1.17846
 1.13979
 1.13940
 1.26589
 1.25338
 1.29061
 1.12976
 1.14275
 0.68743
 0.68081
 0.65524
 0.64619
 0.73139
 0.76744
 0.75417
 0.77279
 0.87656
 0.82613
 0.82768
 0.83342
 0.79899
 0.80770
 0.81651
 0.79033
 0.79917
 0.81069
 1.05905
 1.00187
 0.97969
 0.93658
 0.92765
 0.92468
 0.92761
 0.89436
 0.89607
 0.89917
 1.20908
 1.17644
 1.14997
 1.10500
 1.08603
 1.04568
 1.03277
 0.99689
 0.99109
 0.95982
 1.32098
 1.26979
 1.24457
 1.22437
 1.18255
 1.16772
 1.12981
 1.11867
 1.08365
 1.07609
 1.41328
 1.39302
 1.37754
 1.36551
 1.30548
 1.25571
 1.24625
 1.20347
 1.19644
 1.15877
 1.73538
 1.77103
 1.58459
 1.51140
 1.88712
 1.54452
 1.13696
 2.09681
 1.82130
 2.85992
 1.35012
 1.45880
 1.34211
 1.30323
 1.91078
 1.57883
 1.80141
 2.20067
 1.47655
 1.97807
 1.18785
 1.21446
 1.21487
 1.20223
 1.16507
 1.22840
 1.17535
 1.18093
 1.18360
 1.17192
 0.79709
 0.77212
 0.77063
 0.76904
 0.80128
 0.88399
 0.88927
 0.87882
 0.88038
 0.90247
 0.98777
 0.98908
 0.95539
 0.96583
 0.94503
 0.95664
 0.96727
 0.94989
 0.96439
 0.99167
 1.16680
 1.15950
 1.13500
 1.13487
 1.13541
 1.11602
 1.11938
 1.12409
 1.10829
 1.11400
 1.31726
 1.28956
 1.28012
 1.27342
 1.25228
 1.24909
 1.24737
 1.22961
 1.22988
 1.23105
 1.39843
 1.38426
 1.35846
 1.34973
 1.34331
 1.32272
 1.31892
 1.31643
 1.29869
 1.29795
 1.46534
 1.45300
 1.44404
 1.43749
 1.40602
 1.40146
 1.37688
 1.37407
 1.37232
 1.35229
 2.00666
 1.80839
 1.61153
 1.62796
 1.82167
 1.90259
 2.32356
 2.30978
 2.80897
 3.02744
 1.51046
 1.76993
 1.73985
 1.40215
 1.41865
 1.33846
 1.24225
 1.28651
 1.50309
 1.26128
 1.21080
 1.17590
 1.19728
 1.27180
 1.38390
 1.27408
 1.27698
 1.25663
 1.34067
 1.32449
 0.93377
 0.93945
 1.00674
 1.00635
 1.02187
 0.98724
 0.96322
 1.01244
 1.02630
 1.14772
 1.07481
 1.09627
 1.07898
 1.09676
 1.09356
 1.11415
 1.13459
 1.16094
 1.14962
 1.16836
 1.24708
 1.25781
 1.25157
 1.26366
 1.27585
 1.27195
 1.28394
 1.29534
 1.30669
 1.31497
 1.38934
 1.37949
 1.38341
 1.38825
 1.38078
 1.38638
 1.39232
 1.38582
 1.39186
 1.39788
 1.46641
 1.46482
 1.46510
 1.45587
 1.45783
 1.46043
 1.45264
 1.45586
 1.45936
 1.45235
 1.52224
 1.51867
 1.51684
 1.51621
 1.50587
 1.50671
 1.50810
 1.50024
 1.50229
 1.50467
 2.20595
 2.30812
 2.17979
 1.82943
 1.98289
 2.15327
 2.05566
 2.14883
 2.04889
 2.23905
 1.50655
 2.24432
 1.42843
 1.50335
 1.62493
 1.66451
 1.25362
 1.24471
 2.28297
 1.47266
 1.20536
 1.17273
 1.21730
 1.28228
 1.35409
 1.26176
 1.28845
 1.26163
 1.24791
 1.35726
 1.00808
 1.04441
 1.08291
 1.08379
 1.13884
 1.21040
 1.24607
 1.19670
 1.21008
 1.19951
 1.14465
 1.15447
 1.18604
 1.19524
 1.23380
 1.26514
 1.29100
 1.29641
 1.31836
 1.33811
 1.31210
 1.33874
 1.34866
 1.37180
 1.39234
 1.39894
 1.41676
 1.43304
 1.44485
 1.44767
 1.45056
 1.45550
 1.46961
 1.48266
 1.48531
 1.49658
 1.50713
 1.50798
 1.51743
 1.52641
 1.52721
 1.53610
 1.54466
 1.54494
 1.55278
 1.56034
 1.55989
 1.56685
 1.57360
 1.57251
 1.58122
 1.58638
 1.59158
 1.59671
 1.59724
 1.60250
 1.60769
 1.60691
 1.61186
 1.61668
 2.38899
 1.67013
 1.80410
 1.63375
 2.00991
 2.87840
 2.08511
 1.89917
 2.44461
 1.91799
 1.42010
 1.85292
 1.68566
 1.34594
 2.08561
 1.73701
 1.55702
 1.59950
 1.26961
 1.45986
 1.21344
 1.18030
 1.24783
 1.30283
 1.23796
 1.28575
 1.38067
 1.22960
 1.22283
 1.44574
 1.22228
 1.26852
 1.21283
 1.26627
 1.28318
 1.31228
 1.33810
 1.35929
 1.39326
 1.39449
 1.21182
 1.23087
 1.27856
 1.30464
 1.34694
 1.38196
 1.39722
 1.42594
 1.45139
 1.46232
 1.37036
 1.41057
 1.43405
 1.46496
 1.48153
 1.50554
 1.52384
 1.54285
 1.55131
 1.56676
 1.50489
 1.52238
 1.54442
 1.56350
 1.57314
 1.58812
 1.60157
 1.60705
 1.61850
 1.62723
 1.58177
 1.59939
 1.61436
 1.62158
 1.63356
 1.64440
 1.64847
 1.65757
 1.66599
 1.66830
 1.63769
 1.65066
 1.66183
 1.67171
 1.67619
 1.68438
 1.69194
 1.69421
 1.70074
 1.70690
