90 0  50000
90 0  1
992
  -104.7059021   -104.4117737            210    -2.0141605    20.040283
  -84.41177368   -104.4117737            210     24.989107    20.499782
  -64.11765289   -104.4117737            210     53.700687    21.074014
  -43.82352829   -104.4117737            210     48.184167    20.963683
  -23.52941132   -104.4117737            210     102.34011    22.046802
  -3.235290527   -104.4117737            210     94.889019     21.89778
   17.05882454   -104.4117737            210     152.90605    23.058121
   37.35293961   -104.4117737            210     212.84534    24.256907
   57.64707184   -104.4117737            210     234.82708    24.696542
   77.94117737   -104.4117737            210     283.84643    25.676929
   98.23529816   -104.4117737            210     336.81402     26.73628
   118.5294037   -104.4117737            210     376.83447    27.536689
   138.8235016   -104.4117737            210     454.68757    29.093751
   159.1175995   -104.4117737            210      471.5282    29.430564
   179.4118042   -104.4117737            210     461.91404    29.238281
   199.7059021   -104.4117737            210     513.19248     30.26385
           220   -104.4117737            210     446.71134    28.934227
   240.2940979   -104.4117737            210      456.4234    29.128468
   260.5881958   -104.4117737            210     518.11172    30.362234
   280.8823853   -104.4117737            210     378.35097    27.567019
   301.1765137   -104.4117737            210      387.8637    27.757274
   321.4706116   -104.4117737            210     287.53757    25.750751
   341.7647095   -104.4117737            210     286.39922    25.727984
   362.0588074   -104.4117737            210      180.9269    23.618538
   382.3529053   -104.4117737            210      189.9233    23.798466
   402.6470947   -104.4117737            210     141.88954    22.837791
   422.9411926   -104.4117737            210      86.56416    21.731283
   443.2352905   -104.4117737            210     47.654812    20.953096
   463.5293884   -104.4117737            210     30.594598    20.611892
   483.8234863   -104.4117737            210     6.7264153    20.134528
   504.1176147   -104.4117737            210     19.321395    20.386428
   524.4118042   -104.4117737            210     -47.24872    20.944974
  -104.7059021   -84.11765289            210     8.3115168     20.16623
  -84.41177368   -84.11765289            210     12.672469    20.253449
  -64.11765289   -84.11765289            210     8.6858747    20.173717
  -43.82352829   -84.11765289            210     74.451388    21.489028
  -23.52941132   -84.11765289            210     69.670942    21.393419
  -3.235290527   -84.11765289            210     90.791498     21.81583
   17.05882454   -84.11765289            210     152.41001      23.0482
   37.35293961   -84.11765289            210     193.72759    23.874552
   57.64707184   -84.11765289            210     274.34092    25.486818
   77.94117737   -84.11765289            210     306.59244    26.131849
   98.23529816   -84.11765289            210     374.62123    27.492425
   118.5294037   -84.11765289            210     361.13579    27.222716
   138.8235016   -84.11765289            210     436.83458    28.736692
   159.1175995   -84.11765289            210     436.75606    28.735121
   179.4118042   -84.11765289            210     460.76803    29.215361
   199.7059021   -84.11765289            210     496.88395    29.937679
           220   -84.11765289            210     520.67578    30.413516
   240.2940979   -84.11765289            210     459.36782    29.187356
   260.5881958   -84.11765289            210     523.60451     30.47209
   280.8823853   -84.11765289            210     440.59832    28.811966
   301.1765137   -84.11765289            210      346.7804    26.935608
   321.4706116   -84.11765289            210     296.13596    25.922719
   341.7647095   -84.11765289            210     296.61517    25.932303
   362.0588074   -84.11765289            210      190.0668    23.801336
   382.3529053   -84.11765289            210     158.30351     23.16607
   402.6470947   -84.11765289            210     147.39645    22.947929
   422.9411926   -84.11765289            210     107.74467    22.154893
   443.2352905   -84.11765289            210     51.288465    21.025769
   463.5293884   -84.11765289            210     38.024222    20.760484
   483.8234863   -84.11765289            210     28.471513     20.56943
   504.1176147   -84.11765289            210    -25.064131    20.501283
   524.4118042   -84.11765289            210    -1.8166493    20.036333
  -104.7059021   -63.82352829            210    -19.938731    20.398775
  -84.41177368   -63.82352829            210     24.042923    20.480858
  -64.11765289   -63.82352829            210     10.670236    20.213405
  -43.82352829   -63.82352829            210      80.15819    21.603164
  -23.52941132   -63.82352829            210      111.5061    22.230122
  -3.235290527   -63.82352829            210     76.949498     21.53899
   17.05882454   -63.82352829            210     190.59874    23.811975
   37.35293961   -63.82352829            210     192.75235    23.855047
   57.64707184   -63.82352829            210     292.11188    25.842238
   77.94117737   -63.82352829            210     308.08091    26.161618
   98.23529816   -63.82352829            210     376.89028    27.537806
   118.5294037   -63.82352829            210     414.28567    28.285713
   138.8235016   -63.82352829            210      480.0323    29.600646
   159.1175995   -63.82352829            210     584.20093    31.684019
   179.4118042   -63.82352829            210     580.38535    31.607707
   199.7059021   -63.82352829            210     546.36345    30.927269
           220   -63.82352829            210     603.29766    32.065953
   240.2940979   -63.82352829            210     530.07417    30.601483
   260.5881958   -63.82352829            210     490.23956    29.804791
   280.8823853   -63.82352829            210     363.61517    27.272303
   301.1765137   -63.82352829            210     424.96099     28.49922
   321.4706116   -63.82352829            210     294.87909    25.897582
   341.7647095   -63.82352829            210     283.36569    25.667314
   362.0588074   -63.82352829            210     249.71884    24.994377
   382.3529053   -63.82352829            210     239.71208    24.794242
   402.6470947   -63.82352829            210     127.85127    22.557025
   422.9411926   -63.82352829            210     105.24137    22.104827
   443.2352905   -63.82352829            210     16.470554    20.329411
   463.5293884   -63.82352829            210     21.981842    20.439637
   483.8234863   -63.82352829            210     1.7826041    20.035652
   504.1176147   -63.82352829            210      1.716737    20.034335
   524.4118042   -63.82352829            210     21.544621    20.430892
  -104.7059021   -43.52941132            210    -8.6217299    20.172435
  -84.41177368   -43.52941132            210      24.97567    20.499513
  -64.11765289   -43.52941132            210     71.147518     21.42295
  -43.82352829   -43.52941132            210     79.627133    21.592543
  -23.52941132   -43.52941132            210     53.205198    21.064104
  -3.235290527   -43.52941132            210     142.67155    22.853431
   17.05882454   -43.52941132            210     155.96511    23.119302
   37.35293961   -43.52941132            210     240.76178    24.815236
   57.64707184   -43.52941132            210     303.55384    26.071077
   77.94117737   -43.52941132            210     351.95032    27.039006
   98.23529816   -43.52941132            210      381.2384    27.624768
   118.5294037   -43.52941132            210     465.34321    29.306864
   138.8235016   -43.52941132            210     506.38728    30.127746
   159.1175995   -43.52941132            210     531.18084    30.623617
   179.4118042   -43.52941132            210     539.77638    30.795528
   199.7059021   -43.52941132            210     673.52822    33.470564
           220   -43.52941132            210     599.06982    31.981396
   240.2940979   -43.52941132            210     588.61739    31.772348
   260.5881958   -43.52941132            210     555.57241    31.111448
   280.8823853   -43.52941132            210     510.06726    30.201345
   301.1765137   -43.52941132            210     383.48644    27.669729
   321.4706116   -43.52941132            210     363.75185    27.275037
   341.7647095   -43.52941132            210     330.96913    26.619383
   362.0588074   -43.52941132            210     232.64928    24.652986
   382.3529053   -43.52941132            210     214.21082    24.284216
   402.6470947   -43.52941132            210       155.822     23.11644
   422.9411926   -43.52941132            210     108.82942    22.176588
   443.2352905   -43.52941132            210     82.290384    21.645808
   463.5293884   -43.52941132            210     53.025892    21.060518
   483.8234863   -43.52941132            210    0.81037038    20.016207
   504.1176147   -43.52941132            210     5.6972386    20.113945
   524.4118042   -43.52941132            210    -34.708203    20.694164
  -104.7059021   -23.23529053            210    -3.6009185    20.072018
  -84.41177368   -23.23529053            210    -3.9925119     20.07985
  -64.11765289   -23.23529053            210     63.439023     21.26878
  -43.82352829   -23.23529053            210     58.515448    21.170309
  -23.52941132   -23.23529053            210     103.74591    22.074918
  -3.235290527   -23.23529053            210     120.98622    22.419724
   17.05882454   -23.23529053            210      173.7405     23.47481
   37.35293961   -23.23529053            210     277.21204    25.544241
   57.64707184   -23.23529053            210     332.68789    26.653758
   77.94117737   -23.23529053            210     375.75502      27.5151
   98.23529816   -23.23529053            210     472.65471    29.453094
   118.5294037   -23.23529053            210     492.69753    29.853951
   138.8235016   -23.23529053            210     571.22764    31.424553
   159.1175995   -23.23529053            210     656.05331    33.121066
   179.4118042   -23.23529053            210     714.66893    34.293379
   199.7059021   -23.23529053            210     670.46066    33.409213
           220   -23.23529053            210     629.55946    32.591189
   240.2940979   -23.23529053            210     606.58516    32.131703
   260.5881958   -23.23529053            210     544.19142    30.883828
   280.8823853   -23.23529053            210     558.00548     31.16011
   301.1765137   -23.23529053            210     545.20936    30.904187
   321.4706116   -23.23529053            210     374.49452     27.48989
   341.7647095   -23.23529053            210     322.59064    26.451813
   362.0588074   -23.23529053            210     217.88553    24.357711
   382.3529053   -23.23529053            210      190.4477    23.808954
   402.6470947   -23.23529053            210     152.37128    23.047426
   422.9411926   -23.23529053            210      135.5909    22.711818
   443.2352905   -23.23529053            210     93.147672    21.862953
   463.5293884   -23.23529053            210     58.503623    21.170072
   483.8234863   -23.23529053            210     2.8365648    20.056731
   504.1176147   -23.23529053            210    -4.5636746    20.091273
   524.4118042   -23.23529053            210   -0.26613469    20.005323
  -104.7059021   -2.941174984            210    -15.781756    20.315635
  -84.41177368   -2.941174984            210     22.885267    20.457705
  -64.11765289   -2.941174984            210     27.182109    20.543642
  -43.82352829   -2.941174984            210     88.920355    21.778407
  -23.52941132   -2.941174984            210     62.153668    21.243073
  -3.235290527   -2.941174984            210      169.1305     23.38261
   17.05882454   -2.941174984            210     212.22616    24.244523
   37.35293961   -2.941174984            210     248.43963    24.968793
   57.64707184   -2.941174984            210     338.51766    26.770353
   77.94117737   -2.941174984            210     440.07536    28.801507
   98.23529816   -2.941174984            210     483.00012    29.660002
   118.5294037   -2.941174984            210     550.70072    31.014014
   138.8235016   -2.941174984            210     641.01912    32.820382
   159.1175995   -2.941174984            210     736.23641    34.724728
   179.4118042   -2.941174984            210     780.93186    35.618637
   199.7059021   -2.941174984            210     792.85198     35.85704
           220   -2.941174984            210     766.47869    35.329574
   240.2940979   -2.941174984            210     757.19883    35.143977
   260.5881958   -2.941174984            210      651.9989    33.039978
   280.8823853   -2.941174984            210     603.06372    32.061274
   301.1765137   -2.941174984            210     519.18562    30.383712
   321.4706116   -2.941174984            210      455.2148    29.104296
   341.7647095   -2.941174984            210     376.10247    27.522049
   362.0588074   -2.941174984            210     255.03514    25.100703
   382.3529053   -2.941174984            210     178.16638    23.563328
   402.6470947   -2.941174984            210     197.38752     23.94775
   422.9411926   -2.941174984            210      109.1632    22.183264
   443.2352905   -2.941174984            210     72.121753    21.442435
   463.5293884   -2.941174984            210    0.69454511    20.013891
   483.8234863   -2.941174984            210      1.497234    20.029945
   504.1176147   -2.941174984            210     5.9721367    20.119443
   524.4118042   -2.941174984            210    -79.786921    21.595738
  -104.7059021    17.35293961            210       14.6598    20.293196
  -84.41177368    17.35293961            210     17.836119    20.356722
  -64.11765289    17.35293961            210     29.562626    20.591253
  -43.82352829    17.35293961            210     80.551831    21.611037
  -23.52941132    17.35293961            210     101.62188    22.032438
  -3.235290527    17.35293961            210     178.40677    23.568135
   17.05882454    17.35293961            210     213.24764    24.264953
   37.35293961    17.35293961            210     285.75898     25.71518
   57.64707184    17.35293961            210     336.08303    26.721661
   77.94117737    17.35293961            210       421.257     28.42514
   98.23529816    17.35293961            210     597.78295    31.955659
   118.5294037    17.35293961            210     660.09649     33.20193
   138.8235016    17.35293961            210     746.07625    34.921525
   159.1175995    17.35293961            210     848.83673    36.976735
   179.4118042    17.35293961            210     888.45468    37.769094
   199.7059021    17.35293961            210     927.72829    38.554566
           220    17.35293961            210     876.10745    37.522149
   240.2940979    17.35293961            210     850.77112    37.015422
   260.5881958    17.35293961            210     810.63683    36.212737
   280.8823853    17.35293961            210     731.82834    34.636567
   301.1765137    17.35293961            210     587.48196    31.749639
   321.4706116    17.35293961            210     534.10589    30.682118
   341.7647095    17.35293961            210     374.10139    27.482028
   362.0588074    17.35293961            210     314.46166    26.289233
   382.3529053    17.35293961            210     250.59568    25.011914
   402.6470947    17.35293961            210     123.08253    22.461651
   422.9411926    17.35293961            210     120.57948     22.41159
   443.2352905    17.35293961            210     65.165781    21.303316
   463.5293884    17.35293961            210     25.029967    20.500599
   483.8234863    17.35293961            210     10.879707    20.217594
   504.1176147    17.35293961            210    -29.410788    20.588216
   524.4118042    17.35293961            210    -42.165392    20.843308
  -104.7059021    37.64707184            210    -53.877786    21.077556
  -84.41177368    37.64707184            210    -27.364932    20.547299
  -64.11765289    37.64707184            210     33.148539    20.662971
  -43.82352829    37.64707184            210     35.854434    20.717089
  -23.52941132    37.64707184            210      90.46436    21.809287
  -3.235290527    37.64707184            210     173.87038    23.477408
   17.05882454    37.64707184            210     223.90594    24.478119
   37.35293961    37.64707184            210     304.47205    26.089441
   57.64707184    37.64707184            210     437.30414    28.746083
   77.94117737    37.64707184            210     518.92271    30.378454
   98.23529816    37.64707184            210     649.93977    32.998795
   118.5294037    37.64707184            210     754.12627    35.082525
   138.8235016    37.64707184            210     815.20722    36.304144
   159.1175995    37.64707184            210     931.04567    38.620913
   179.4118042    37.64707184            210     1056.9679    41.139357
   199.7059021    37.64707184            210     988.92765    39.778553
           220    37.64707184            210     1119.2259    42.384517
   240.2940979    37.64707184            210     976.58967    39.531793
   260.5881958    37.64707184            210      852.1965     37.04393
   280.8823853    37.64707184            210     782.52235    35.650447
   301.1765137    37.64707184            210     714.57456    34.291491
   321.4706116    37.64707184            210     573.23198     31.46464
   341.7647095    37.64707184            210     397.74064    27.954813
   362.0588074    37.64707184            210     352.23651     27.04473
   382.3529053    37.64707184            210     321.09236    26.421847
   402.6470947    37.64707184            210     213.47639    24.269528
   422.9411926    37.64707184            210       151.576     23.03152
   443.2352905    37.64707184            210     38.714532    20.774291
   463.5293884    37.64707184            210     71.649256    21.432985
   483.8234863    37.64707184            210   -0.12855308    20.002571
   504.1176147    37.64707184            210   -0.55892308    20.011178
   524.4118042    37.64707184            210    -9.5745381    20.191491
  -104.7059021    57.94118118            210    -32.350031    20.647001
  -84.41177368    57.94118118            210     20.942253    20.418845
  -64.11765289    57.94118118            210   -0.31768953    20.006354
  -43.82352829    57.94118118            210     16.954919    20.339098
  -23.52941132    57.94118118            210     133.90586    22.678117
  -3.235290527    57.94118118            210     200.92253    24.018451
   17.05882454    57.94118118            210     278.49076    25.569815
   37.35293961    57.94118118            210     371.94089    27.438818
   57.64707184    57.94118118            210     457.04074    29.140815
   77.94117737    57.94118118            210     573.05438    31.461088
   98.23529816    57.94118118            210     702.79872    34.055974
   118.5294037    57.94118118            210     906.19745    38.123949
   138.8235016    57.94118118            210     977.46461    39.549292
   159.1175995    57.94118118            210     1138.3918    42.767837
   179.4118042    57.94118118            210     1182.8237    43.656474
   199.7059021    57.94118118            210     1228.8237    44.576475
           220    57.94118118            210     1196.2885     43.92577
   240.2940979    57.94118118            210     1100.9962    42.019924
   260.5881958    57.94118118            210     1007.5616    40.151232
   280.8823853    57.94118118            210     905.72358    38.114472
   301.1765137    57.94118118            210     695.94935    33.918987
   321.4706116    57.94118118            210     580.87225    31.617445
   341.7647095    57.94118118            210     505.72067    30.114413
   362.0588074    57.94118118            210     394.64796    27.892959
   382.3529053    57.94118118            210     283.92173    25.678435
   402.6470947    57.94118118            210     199.35019    23.987004
   422.9411926    57.94118118            210     137.20834    22.744167
   443.2352905    57.94118118            210     55.101091    21.102022
   463.5293884    57.94118118            210     58.070175    21.161404
   483.8234863    57.94118118            210    -6.6844434    20.133689
   504.1176147    57.94118118            210    -35.631592    20.712632
   524.4118042    57.94118118            210    -2.1763595    20.043527
  -104.7059021    78.23529816            210    -29.801382    20.596028
  -84.41177368    78.23529816            210     7.3639761     20.14728
  -64.11765289    78.23529816            210     13.689297    20.273786
  -43.82352829    78.23529816            210     64.811938    21.296239
  -23.52941132    78.23529816            210     156.11394    23.122279
  -3.235290527    78.23529816            210     221.49274    24.429855
   17.05882454    78.23529816            210     269.61192    25.392238
   37.35293961    78.23529816            210     381.59849     27.63197
   57.64707184    78.23529816            210     567.95624    31.359125
   77.94117737    78.23529816            210     639.08309    32.781662
   98.23529816    78.23529816            210     762.42831    35.248566
   118.5294037    78.23529816            210     946.00452     38.92009
   138.8235016    78.23529816            210     1122.8962    42.457924
   159.1175995    78.23529816            210     1223.7597    44.475194
   179.4118042    78.23529816            210     1294.6989    45.893978
   199.7059021    78.23529816            210     1348.4739    46.969477
           220    78.23529816            210     1283.5575    45.671151
   240.2940979    78.23529816            210      1309.376    46.187521
   260.5881958    78.23529816            210      1130.309    42.606181
   280.8823853    78.23529816            210     1000.9795    40.019591
   301.1765137    78.23529816            210     805.90019    36.118004
   321.4706116    78.23529816            210     662.81229    33.256246
   341.7647095    78.23529816            210     537.46998      30.7494
   362.0588074    78.23529816            210     396.47528    27.929506
   382.3529053    78.23529816            210     296.20321    25.924064
   402.6470947    78.23529816            210     188.72894    23.774579
   422.9411926    78.23529816            210     138.04226    22.760845
   443.2352905    78.23529816            210     78.108292    21.562166
   463.5293884    78.23529816            210      82.36585    21.647317
   483.8234863    78.23529816            210     23.640244    20.472805
   504.1176147    78.23529816            210  -0.070108719    20.001402
   524.4118042    78.23529816            210    -4.3752769    20.087506
  -104.7059021    98.52940369            210     -44.64706    20.892941
  -84.41177368    98.52940369            210    -1.2025455    20.024051
  -64.11765289    98.52940369            210     27.823787    20.556476
  -43.82352829    98.52940369            210     78.431575    21.568632
  -23.52941132    98.52940369            210     168.21143    23.364229
  -3.235290527    98.52940369            210     189.49268    23.789854
   17.05882454    98.52940369            210     300.12367    26.002473
   37.35293961    98.52940369            210     426.98624    28.539725
   57.64707184    98.52940369            210     539.36927    30.787385
   77.94117737    98.52940369            210      752.1009    35.042018
   98.23529816    98.52940369            210     884.17564    37.683513
   118.5294037    98.52940369            210     1144.2837    42.885673
   138.8235016    98.52940369            210     1250.4264    45.008528
   159.1175995    98.52940369            210     1410.7744    48.215489
   179.4118042    98.52940369            210     1495.8248    49.916497
   199.7059021    98.52940369            210     1522.0291    50.440581
           220    98.52940369            210     1477.5817    49.551635
   240.2940979    98.52940369            210     1516.8335     50.33667
   260.5881958    98.52940369            210     1410.5556    48.211113
   280.8823853    98.52940369            210     1125.4061    42.508121
   301.1765137    98.52940369            210     914.92098     38.29842
   321.4706116    98.52940369            210     695.07761    33.901552
   341.7647095    98.52940369            210     616.04588    32.320918
   362.0588074    98.52940369            210     443.01001      28.8602
   382.3529053    98.52940369            210     334.09976    26.681995
   402.6470947    98.52940369            210      213.5559    24.271118
   422.9411926    98.52940369            210      163.5957    23.271914
   443.2352905    98.52940369            210     100.41573    22.008315
   463.5293884    98.52940369            210     79.497192    21.589944
   483.8234863    98.52940369            210     9.3113256    20.186227
   504.1176147    98.52940369            210    -36.684242    20.733685
   524.4118042    98.52940369            210    -71.936555    21.438731
  -104.7059021    118.8235016            210     -14.99454    20.299891
  -84.41177368    118.8235016            210     1.4864862     20.02973
  -64.11765289    118.8235016            210     23.523197    20.470464
  -43.82352829    118.8235016            210      116.2904    22.325808
  -23.52941132    118.8235016            210     106.93777    22.138755
  -3.235290527    118.8235016            210     241.08687    24.821737
   17.05882454    118.8235016            210     339.27863    26.785573
   37.35293961    118.8235016            210     486.24396    29.724879
   57.64707184    118.8235016            210     586.36851     31.72737
   77.94117737    118.8235016            210     807.60359    36.152072
   98.23529816    118.8235016            210     978.51065    39.570213
   118.5294037    118.8235016            210     1228.3359    44.566717
   138.8235016    118.8235016            210      1338.099    46.761979
   159.1175995    118.8235016            210     1529.2796    50.585593
   179.4118042    118.8235016            210      1661.497     53.22994
   199.7059021    118.8235016            210     1710.8531    54.217061
           220    118.8235016            210     1687.5921    53.751841
   240.2940979    118.8235016            210     1528.2562    50.565124
   260.5881958    118.8235016            210     1424.4641    48.489282
   280.8823853    118.8235016            210      1165.472    43.309439
   301.1765137    118.8235016            210     994.37459    39.887492
   321.4706116    118.8235016            210     732.42992    34.648598
   341.7647095    118.8235016            210     625.88477    32.517695
   362.0588074    118.8235016            210       466.071     29.32142
   382.3529053    118.8235016            210     365.70991    27.314198
   402.6470947    118.8235016            210     224.62642    24.492528
   422.9411926    118.8235016            210     151.92436    23.038487
   443.2352905    118.8235016            210     66.311061    21.326221
   463.5293884    118.8235016            210     64.015422    21.280308
   483.8234863    118.8235016            210    0.16446428    20.003289
   504.1176147    118.8235016            210    -0.1352648    20.002705
   524.4118042    118.8235016            210    -49.292466    20.985849
  -104.7059021    139.1175995            210    -17.307511     20.34615
  -84.41177368    139.1175995            210     32.477106    20.649542
  -64.11765289    139.1175995            210     7.6691358    20.153383
  -43.82352829    139.1175995            210     85.695538    21.713911
  -23.52941132    139.1175995            210     196.58891    23.931778
  -3.235290527    139.1175995            210     264.74495    25.294899
   17.05882454    139.1175995            210     350.74057    27.014811
   37.35293961    139.1175995            210     471.62317    29.432463
   57.64707184    139.1175995            210     639.64783    32.792957
   77.94117737    139.1175995            210     885.71778    37.714356
   98.23529816    139.1175995            210     1059.8552    41.197103
   118.5294037    139.1175995            210     1318.5148    46.370297
   138.8235016    139.1175995            210      1493.504    49.870081
   159.1175995    139.1175995            210     1616.3265    52.326529
   179.4118042    139.1175995            210     1790.1352    55.802704
   199.7059021    139.1175995            210     1826.9342    56.538684
           220    139.1175995            210     1918.7922    58.375844
   240.2940979    139.1175995            210     1623.4342    52.468683
   260.5881958    139.1175995            210     1524.8031    50.496063
   280.8823853    139.1175995            210     1302.5647    46.051294
   301.1765137    139.1175995            210     1013.4239    40.268477
   321.4706116    139.1175995            210     829.91636    36.598327
   341.7647095    139.1175995            210     654.74498      33.0949
   362.0588074    139.1175995            210     487.83261    29.756652
   382.3529053    139.1175995            210     377.87233    27.557447
   402.6470947    139.1175995            210     239.47935    24.789587
   422.9411926    139.1175995            210      146.6682    22.933364
   443.2352905    139.1175995            210     56.459864    21.129197
   463.5293884    139.1175995            210     57.762806    21.155256
   483.8234863    139.1175995            210   -0.43546032    20.008709
   504.1176147    139.1175995            210     17.310169    20.346203
   524.4118042    139.1175995            210    -38.259665    20.765193
  -104.7059021    159.4118042            210     -13.12417    20.262483
  -84.41177368    159.4118042            210     21.265881    20.425318
  -64.11765289    159.4118042            210     66.779983      21.3356
  -43.82352829    159.4118042            210     118.95331    22.379066
  -23.52941132    159.4118042            210      160.4304    23.208608
  -3.235290527    159.4118042            210     198.97442    23.979488
   17.05882454    159.4118042            210     383.13915    27.662783
   37.35293961    159.4118042            210     454.16526    29.083305
   57.64707184    159.4118042            210     660.79647    33.215929
   77.94117737    159.4118042            210     800.36928    36.007386
   98.23529816    159.4118042            210     1066.9151    41.338303
   118.5294037    159.4118042            210     1322.8108    46.456217
   138.8235016    159.4118042            210     1528.9198    50.578396
   159.1175995    159.4118042            210     1615.8297    52.316594
   179.4118042    159.4118042            210     1741.2704    54.825408
   199.7059021    159.4118042            210     1792.8627    55.857254
           220    159.4118042            210     1719.9671    54.399342
   240.2940979    159.4118042            210     1602.3339    52.046678
   260.5881958    159.4118042            210     1412.1563    48.243125
   280.8823853    159.4118042            210     1270.6712    45.413425
   301.1765137    159.4118042            210     1038.4204    40.768407
   321.4706116    159.4118042            210     828.98949     36.57979
   341.7647095    159.4118042            210     578.13012    31.562602
   362.0588074    159.4118042            210     504.62754    30.092551
   382.3529053    159.4118042            210     346.98027    26.939605
   402.6470947    159.4118042            210     304.05338    26.081068
   422.9411926    159.4118042            210      187.1089    23.742178
   443.2352905    159.4118042            210     80.575262    21.611505
   463.5293884    159.4118042            210     35.936619    20.718732
   483.8234863    159.4118042            210     -2.273566    20.045471
   504.1176147    159.4118042            210    -27.432989     20.54866
   524.4118042    159.4118042            210    -4.9888597    20.099777
  -104.7059021    179.7059021            210    -14.068201    20.281364
  -84.41177368    179.7059021            210    -21.825157    20.436503
  -64.11765289    179.7059021            210     34.284497     20.68569
  -43.82352829    179.7059021            210      47.11761    20.942352
  -23.52941132    179.7059021            210       159.434     23.18868
  -3.235290527    179.7059021            210     247.55955    24.951191
   17.05882454    179.7059021            210     376.26165    27.525233
   37.35293961    179.7059021            210     450.88715    29.017743
   57.64707184    179.7059021            210     678.86016    33.577203
   77.94117737    179.7059021            210      810.1496    36.202992
   98.23529816    179.7059021            210      989.5438    39.790876
   118.5294037    179.7059021            210     1285.3344    45.706688
   138.8235016    179.7059021            210     1438.7551    48.775102
   159.1175995    179.7059021            210     1682.4993    53.649986
   179.4118042    179.7059021            210     1706.1317    54.122635
   199.7059021    179.7059021            210      1734.895      54.6979
           220    179.7059021            210      1743.067    54.861341
   240.2940979    179.7059021            210          1603        52.06
   260.5881958    179.7059021            210     1377.5229    47.550458
   280.8823853    179.7059021            210     1160.9313    43.218625
   301.1765137    179.7059021            210     1047.7976    40.955952
   321.4706116    179.7059021            210     849.15764    36.983153
   341.7647095    179.7059021            210     621.09821    32.421964
   362.0588074    179.7059021            210     548.17641    30.963528
   382.3529053    179.7059021            210     365.64507    27.312901
   402.6470947    179.7059021            210     246.69248     24.93385
   422.9411926    179.7059021            210     200.82325    24.016465
   443.2352905    179.7059021            210     93.448377    21.868968
   463.5293884    179.7059021            210     48.812443    20.976249
   483.8234863    179.7059021            210    -5.1274508    20.102549
   504.1176147    179.7059021            210    -36.359368    20.727187
   524.4118042    179.7059021            210    -19.605392    20.392108
  -104.7059021            200            210     3.1782368    20.063565
  -84.41177368            200            210    -4.1591826    20.083184
  -64.11765289            200            210     51.301799    21.026036
  -43.82352829            200            210     70.151161    21.403023
  -23.52941132            200            210      135.3006    22.706012
  -3.235290527            200            210     264.60986    25.292197
   17.05882454            200            210      305.2161    26.104322
   37.35293961            200            210     532.30467    30.646093
   57.64707184            200            210     630.57545    32.611509
   77.94117737            200            210     758.37063    35.167413
   98.23529816            200            210     975.09526    39.501905
   118.5294037            200            210     1193.9926    43.879852
   138.8235016            200            210     1377.6693    47.553387
   159.1175995            200            210     1426.9761    48.539522
   179.4118042            200            210      1545.582     50.91164
   199.7059021            200            210     1529.1234    50.582469
           220            200            210     1571.3284    51.426568
   240.2940979            200            210     1422.0989    48.441977
   260.5881958            200            210      1311.423    46.228461
   280.8823853            200            210     1097.1902    41.943804
   301.1765137            200            210     947.28762    38.945752
   321.4706116            200            210     801.59232    36.031846
   341.7647095            200            210     641.24484    32.824897
   362.0588074            200            210     515.90044    30.318009
   382.3529053            200            210     348.31382    26.966276
   402.6470947            200            210     218.48269    24.369654
   422.9411926            200            210     158.07416    23.161483
   443.2352905            200            210     77.393994     21.54788
   463.5293884            200            210      55.00686    21.100137
   483.8234863            200            210    -24.255661    20.485113
   504.1176147            200            210    -25.463432    20.509269
   524.4118042            200            210    -63.047324    21.260946
  -104.7059021    220.2940979            210    -35.351605    20.707032
  -84.41177368    220.2940979            210     6.9963803    20.139928
  -64.11765289    220.2940979            210     62.092534    21.241851
  -43.82352829    220.2940979            210      94.01277    21.880255
  -23.52941132    220.2940979            210     163.43552     23.26871
  -3.235290527    220.2940979            210     295.00517    25.900103
   17.05882454    220.2940979            210     387.09843    27.741969
   37.35293961    220.2940979            210     474.63093    29.492619
   57.64707184    220.2940979            210     658.07288    33.161458
   77.94117737    220.2940979            210     737.54168    34.750834
   98.23529816    220.2940979            210     905.74691    38.114938
   118.5294037    220.2940979            210     1059.4988    41.189976
   138.8235016    220.2940979            210     1230.7974    44.615947
   159.1175995    220.2940979            210     1240.6839    44.813677
   179.4118042    220.2940979            210     1336.2055     46.72411
   199.7059021    220.2940979            210     1370.8094    47.416188
           220    220.2940979            210     1336.9637    46.739273
   240.2940979    220.2940979            210     1153.9952    43.079904
   260.5881958    220.2940979            210     1107.7902    42.155803
   280.8823853    220.2940979            210     1112.5623    42.251247
   301.1765137    220.2940979            210     864.40482    37.288096
   321.4706116    220.2940979            210     715.10859    34.302172
   341.7647095    220.2940979            210     621.45502      32.4291
   362.0588074    220.2940979            210     474.13667    29.482733
   382.3529053    220.2940979            210     340.03806    26.800761
   402.6470947    220.2940979            210     232.47244    24.649449
   422.9411926    220.2940979            210     194.60302     23.89206
   443.2352905    220.2940979            210     64.855996     21.29712
   463.5293884    220.2940979            210     23.995693    20.479914
   483.8234863    220.2940979            210     9.8711958    20.197424
   504.1176147    220.2940979            210    -20.142738    20.402855
   524.4118042    220.2940979            210    -28.829438    20.576589
  -104.7059021    240.5881958            210    -54.279039    21.085581
  -84.41177368    240.5881958            210     8.7998883    20.175998
  -64.11765289    240.5881958            210     26.729066    20.534581
  -43.82352829    240.5881958            210     67.396761    21.347935
  -23.52941132    240.5881958            210     169.70916    23.394183
  -3.235290527    240.5881958            210     247.13236    24.942647
   17.05882454    240.5881958            210     386.06975    27.721395
   37.35293961    240.5881958            210      517.0715     30.34143
   57.64707184    240.5881958            210     630.89801     32.61796
   77.94117737    240.5881958            210     737.47058    34.749412
   98.23529816    240.5881958            210      910.9095     38.21819
   118.5294037    240.5881958            210     944.31201     38.88624
   138.8235016    240.5881958            210     1020.5513    40.411026
   159.1175995    240.5881958            210     1029.7853    40.595706
   179.4118042    240.5881958            210     1125.1325     42.50265
   199.7059021    240.5881958            210     1066.9902    41.339805
           220    240.5881958            210      1097.764     41.95528
   240.2940979    240.5881958            210     1007.6909    40.153817
   260.5881958    240.5881958            210     978.22221    39.564444
   280.8823853    240.5881958            210     871.96059    37.439212
   301.1765137    240.5881958            210     786.93165    35.738633
   321.4706116    240.5881958            210     641.38897    32.827779
   341.7647095    240.5881958            210       598.655      31.9731
   362.0588074    240.5881958            210     530.82175    30.616435
   382.3529053    240.5881958            210     373.54321    27.470864
   402.6470947    240.5881958            210      254.3278    25.086556
   422.9411926    240.5881958            210     190.81067    23.816213
   443.2352905    240.5881958            210     95.724574    21.914491
   463.5293884    240.5881958            210     11.780524     20.23561
   483.8234863    240.5881958            210    -8.9391116    20.178782
   504.1176147    240.5881958            210    -32.645549    20.652911
   524.4118042    240.5881958            210    -44.261723    20.885234
  -104.7059021    260.8823853            210     -16.70956    20.334191
  -84.41177368    260.8823853            210    -39.959153    20.799183
  -64.11765289    260.8823853            210     36.788131    20.735763
  -43.82352829    260.8823853            210     76.709343    21.534187
  -23.52941132    260.8823853            210     164.03799     23.28076
  -3.235290527    260.8823853            210     278.73683    25.574737
   17.05882454    260.8823853            210      404.4712    28.089424
   37.35293961    260.8823853            210     510.04609    30.200922
   57.64707184    260.8823853            210      670.5439    33.410878
   77.94117737    260.8823853            210     753.67795    35.073559
   98.23529816    260.8823853            210      804.8324    36.096648
   118.5294037    260.8823853            210      837.6042    36.752084
   138.8235016    260.8823853            210      846.4098    36.928196
   159.1175995    260.8823853            210     909.83072    38.196614
   179.4118042    260.8823853            210     868.70671    37.374134
   199.7059021    260.8823853            210     822.82009    36.456402
           220    260.8823853            210     847.23941    36.944788
   240.2940979    260.8823853            210     808.67817    36.173563
   260.5881958    260.8823853            210     818.03272    36.360654
   280.8823853    260.8823853            210     786.97092    35.739418
   301.1765137    260.8823853            210     759.08389    35.181678
   321.4706116    260.8823853            210     670.44918    33.408984
   341.7647095    260.8823853            210     630.75448     32.61509
   362.0588074    260.8823853            210     494.66646    29.893329
   382.3529053    260.8823853            210     391.45612    27.829122
   402.6470947    260.8823853            210      244.1829    24.883658
   422.9411926    260.8823853            210     229.71571    24.594314
   443.2352905    260.8823853            210      100.1504    22.003008
   463.5293884    260.8823853            210     7.4924793     20.14985
   483.8234863    260.8823853            210    -7.0302319    20.140605
   504.1176147    260.8823853            210    -44.768176    20.895364
   524.4118042    260.8823853            210    -103.41536    22.068307
  -104.7059021    281.1765137            210    -55.539031    21.110781
  -84.41177368    281.1765137            210    -37.439309    20.748786
  -64.11765289    281.1765137            210     14.350171    20.287003
  -43.82352829    281.1765137            210     48.776448    20.975529
  -23.52941132    281.1765137            210     168.58739    23.371748
  -3.235290527    281.1765137            210     303.44451     26.06889
   17.05882454    281.1765137            210     386.49015    27.729803
   37.35293961    281.1765137            210     572.39141    31.447828
   57.64707184    281.1765137            210      571.4836    31.429672
   77.94117737    281.1765137            210     688.00313    33.760063
   98.23529816    281.1765137            210     687.88887    33.757777
   118.5294037    281.1765137            210     685.47926    33.709585
   138.8235016    281.1765137            210      707.7301    34.154602
   159.1175995    281.1765137            210     703.02697    34.060539
   179.4118042    281.1765137            210     671.46178    33.429236
   199.7059021    281.1765137            210     637.18191    32.743638
           220    281.1765137            210     625.41545    32.508309
   240.2940979    281.1765137            210     683.78823    33.675765
   260.5881958    281.1765137            210     669.18531    33.383706
   280.8823853    281.1765137            210     620.47646    32.409529
   301.1765137    281.1765137            210      629.4865     32.58973
   321.4706116    281.1765137            210     648.90526    32.978105
   341.7647095    281.1765137            210     615.90872    32.318174
   362.0588074    281.1765137            210     539.41033    30.788207
   382.3529053    281.1765137            210     431.31089    28.626218
   402.6470947    281.1765137            210     277.90307    25.558061
   422.9411926    281.1765137            210     185.06982    23.701396
   443.2352905    281.1765137            210     68.664381    21.373288
   463.5293884    281.1765137            210     74.339783    21.486796
   483.8234863    281.1765137            210    -18.542765    20.370855
   504.1176147    281.1765137            210    -69.758636    21.395173
   524.4118042    281.1765137            210    -110.89077    22.217815
  -104.7059021    301.4706116            210    -52.697024     21.05394
  -84.41177368    301.4706116            210    -72.222789    21.444456
  -64.11765289    301.4706116            210    -1.4326086    20.028652
  -43.82352829    301.4706116            210     92.382518     21.84765
  -23.52941132    301.4706116            210     167.52761    23.350552
  -3.235290527    301.4706116            210     299.69575    25.993915
   17.05882454    301.4706116            210      477.7748    29.555496
   37.35293961    301.4706116            210     547.49331    30.949866
   57.64707184    301.4706116            210     669.98744    33.399749
   77.94117737    301.4706116            210     680.46378    33.609276
   98.23529816    301.4706116            210      627.9265     32.55853
   118.5294037    301.4706116            210     598.51542    31.970308
   138.8235016    301.4706116            210     593.98898     31.87978
   159.1175995    301.4706116            210     541.95662    30.839132
   179.4118042    301.4706116            210     531.18503    30.623701
   199.7059021    301.4706116            210     493.69209    29.873842
           220    301.4706116            210     421.72621    28.434524
   240.2940979    301.4706116            210     432.83681    28.656736
   260.5881958    301.4706116            210     493.92721    29.878544
   280.8823853    301.4706116            210     505.13218    30.102644
   301.1765137    301.4706116            210     571.19703    31.423941
   321.4706116    301.4706116            210     595.57256    31.911451
   341.7647095    301.4706116            210     669.51872    33.390374
   362.0588074    301.4706116            210     602.24496    32.044899
   382.3529053    301.4706116            210     504.03323    30.080665
   402.6470947    301.4706116            210     347.73327    26.954665
   422.9411926    301.4706116            210      228.7354    24.574708
   443.2352905    301.4706116            210     103.03532    22.060706
   463.5293884    301.4706116            210     65.930085    21.318602
   483.8234863    301.4706116            210    -47.532202    20.950644
   504.1176147    301.4706116            210    -76.641772    21.532835
   524.4118042    301.4706116            210    -38.255697    20.765114
  -104.7059021    321.7647095            210    -62.581062    21.251621
  -84.41177368    321.7647095            210    -51.286963    21.025739
  -64.11765289    321.7647095            210     17.166629    20.343333
  -43.82352829    321.7647095            210     127.04678    22.540936
  -23.52941132    321.7647095            210      217.7087    24.354174
  -3.235290527    321.7647095            210     374.33303    27.486661
   17.05882454    321.7647095            210     455.16152     29.10323
   37.35293961    321.7647095            210     645.20954    32.904191
   57.64707184    321.7647095            210     630.55085    32.611017
   77.94117737    321.7647095            210     659.93894    33.198779
   98.23529816    321.7647095            210     534.93308    30.698662
   118.5294037    321.7647095            210     478.48753    29.569751
   138.8235016    321.7647095            210     447.40267    28.948053
   159.1175995    321.7647095            210     331.05902     26.62118
   179.4118042    321.7647095            210     300.64682    26.012936
   199.7059021    321.7647095            210     273.72358    25.474472
           220    321.7647095            210     281.11637    25.622327
   240.2940979    321.7647095            210      341.0497    26.820994
   260.5881958    321.7647095            210     356.87147    27.137429
   280.8823853    321.7647095            210     416.68173    28.333635
   301.1765137    321.7647095            210     503.77123    30.075425
   321.4706116    321.7647095            210     600.93613    32.018723
   341.7647095    321.7647095            210     647.89906    32.957981
   362.0588074    321.7647095            210     625.66555    32.513311
   382.3529053    321.7647095            210     511.65365    30.233073
   402.6470947    321.7647095            210     380.65551     27.61311
   422.9411926    321.7647095            210     227.37107    24.547421
   443.2352905    321.7647095            210     129.52595    22.590519
   463.5293884    321.7647095            210     14.063929    20.281279
   483.8234863    321.7647095            210    -19.833256    20.396665
   504.1176147    321.7647095            210    -44.755407    20.895108
   524.4118042    321.7647095            210    -75.488155    21.509763
  -104.7059021    342.0588074            210    -96.446455    21.928929
  -84.41177368    342.0588074            210    -66.105011      21.3221
  -64.11765289    342.0588074            210    -6.9325335    20.138651
  -43.82352829    342.0588074            210     98.716157    21.974323
  -23.52941132    342.0588074            210      211.9482    24.238964
  -3.235290527    342.0588074            210     429.59677    28.591935
   17.05882454    342.0588074            210     612.28345    32.245669
   37.35293961    342.0588074            210     680.13172    33.602634
   57.64707184    342.0588074            210      715.5187    34.310374
   77.94117737    342.0588074            210     599.27536    31.985507
   98.23529816    342.0588074            210     536.06292    30.721258
   118.5294037    342.0588074            210     333.79458    26.675892
   138.8235016    342.0588074            210      325.0931    26.501862
   159.1175995    342.0588074            210     254.91549     25.09831
   179.4118042    342.0588074            210      239.7166    24.794332
   199.7059021    342.0588074            210     209.23865    24.184773
           220    342.0588074            210     200.26018    24.005204
   240.2940979    342.0588074            210     223.79629    24.475926
   260.5881958    342.0588074            210     246.35955    24.927191
   280.8823853    342.0588074            210     315.93933    26.318787
   301.1765137    342.0588074            210     390.94633    27.818927
   321.4706116    342.0588074            210      666.9526    33.339052
   341.7647095    342.0588074            210     752.36879    35.047376
   362.0588074    342.0588074            210     731.72572    34.634514
   382.3529053    342.0588074            210      655.1803    33.103606
   402.6470947    342.0588074            210     572.19288    31.443858
   422.9411926    342.0588074            210     322.17539    26.443508
   443.2352905    342.0588074            210     139.90219    22.798044
   463.5293884    342.0588074            210     5.3752286    20.107505
   483.8234863    342.0588074            210    -30.682928    20.613659
   504.1176147    342.0588074            210    -52.161901    21.043238
   524.4118042    342.0588074            210    -99.404965    21.988099
  -104.7059021    362.3529053            210    -81.791213    21.635824
  -84.41177368    362.3529053            210    -26.327627    20.526553
  -64.11765289    362.3529053            210     7.6417078    20.152834
  -43.82352829    362.3529053            210     70.161312    21.403226
  -23.52941132    362.3529053            210     280.54274    25.610855
  -3.235290527    362.3529053            210      552.6507    31.053014
   17.05882454    362.3529053            210     806.17005    36.123401
   37.35293961    362.3529053            210     871.81499      37.4363
   57.64707184    362.3529053            210     748.54676    34.970935
   77.94117737    362.3529053            210     628.79137    32.575827
   98.23529816    362.3529053            210     402.29532    28.045906
   118.5294037    362.3529053            210     300.81045    26.016209
   138.8235016    362.3529053            210     231.73131    24.634626
   159.1175995    362.3529053            210     257.95026    25.159005
   179.4118042    362.3529053            210     217.52498      24.3505
   199.7059021    362.3529053            210     231.11105    24.622221
           220    362.3529053            210     216.45403    24.329081
   240.2940979    362.3529053            210     206.94349     24.13887
   260.5881958    362.3529053            210     201.06843    24.021369
   280.8823853    362.3529053            210     218.04911    24.360982
   301.1765137    362.3529053            210     379.38057    27.587611
   321.4706116    362.3529053            210       491.668     29.83336
   341.7647095    362.3529053            210     799.65629    35.993126
   362.0588074    362.3529053            210     943.00745    38.860149
   382.3529053    362.3529053            210     846.74592    36.934918
   402.6470947    362.3529053            210     688.53773    33.770755
   422.9411926    362.3529053            210     392.35112    27.847022
   443.2352905    362.3529053            210     219.69589    24.393918
   463.5293884    362.3529053            210     37.414392    20.748288
   483.8234863    362.3529053            210    -13.201326    20.264027
   504.1176147    362.3529053            210    -48.393028    20.967861
   524.4118042    362.3529053            210    -64.186352    21.283727
  -104.7059021    382.6470947            210    -82.522569    21.650451
  -84.41177368    382.6470947            210     -54.82802     21.09656
  -64.11765289    382.6470947            210     30.616526    20.612331
  -43.82352829    382.6470947            210     172.16886    23.443377
  -23.52941132    382.6470947            210     427.58803    28.551761
  -3.235290527    382.6470947            210     750.59475    35.011895
   17.05882454    382.6470947            210     1076.8418    41.536835
   37.35293961    382.6470947            210      1159.374     43.18748
   57.64707184    382.6470947            210     902.56832    38.051366
   77.94117737    382.6470947            210     553.73265    31.074653
   98.23529816    382.6470947            210     352.46952     27.04939
   118.5294037    382.6470947            210     235.46796    24.709359
   138.8235016    382.6470947            210     281.44817    25.628963
   159.1175995    382.6470947            210     375.31666    27.506333
   179.4118042    382.6470947            210      426.5388    28.530776
   199.7059021    382.6470947            210     445.71759    28.914352
           220    382.6470947            210     426.30408    28.526082
   240.2940979    382.6470947            210     320.52006    26.410401
   260.5881958    382.6470947            210     230.57615    24.611523
   280.8823853    382.6470947            210      210.4882    24.209764
   301.1765137    382.6470947            210     302.66834    26.053367
   321.4706116    382.6470947            210     508.97315    30.179463
   341.7647095    382.6470947            210     785.19003    35.703801
   362.0588074    382.6470947            210     1184.1513    43.683026
   382.3529053    382.6470947            210     1164.2056    43.284111
   402.6470947    382.6470947            210     821.07747    36.421549
   422.9411926    382.6470947            210     504.29821    30.085964
   443.2352905    382.6470947            210     220.00892    24.400178
   463.5293884    382.6470947            210     19.475884    20.389518
   483.8234863    382.6470947            210    -52.674691    21.053494
   504.1176147    382.6470947            210    -114.51901     22.29038
   524.4118042    382.6470947            210     -75.15449     21.50309
  -104.7059021    402.9411926            210    -83.134336    21.662687
  -84.41177368    402.9411926            210    -78.237064    21.564741
  -64.11765289    402.9411926            210    -12.470102    20.249402
  -43.82352829    402.9411926            210     201.04216    24.020843
  -23.52941132    402.9411926            210     556.03393    31.120679
  -3.235290527    402.9411926            210     1067.6693    41.353385
   17.05882454    402.9411926            210     1443.3143    48.866286
   37.35293961    402.9411926            210     1417.1365    48.342731
   57.64707184    402.9411926            210     985.65938    39.713188
   77.94117737    402.9411926            210     559.89261    31.197852
   98.23529816    402.9411926            210     219.35878    24.387176
   118.5294037    402.9411926            210     238.70055    24.774011
   138.8235016    402.9411926            210     450.68579    29.013716
   159.1175995    402.9411926            210     886.80226    37.736045
   179.4118042    402.9411926            210     1135.6509    42.713017
   199.7059021    402.9411926            210     1226.3358    44.526716
           220    402.9411926            210     1188.5218    43.770436
   240.2940979    402.9411926            210     899.62168    37.992434
   260.5881958    402.9411926            210       434.587     28.69174
   280.8823853    402.9411926            210     194.91976    23.898395
   301.1765137    402.9411926            210      179.4095     23.58819
   321.4706116    402.9411926            210      392.9329    27.858658
   341.7647095    402.9411926            210     834.58326    36.691665
   362.0588074    402.9411926            210      1279.818     45.59636
   382.3529053    402.9411926            210     1473.4455     49.46891
   402.6470947    402.9411926            210     1109.8817    42.197633
   422.9411926    402.9411926            210     604.48183    32.089637
   443.2352905    402.9411926            210     279.04047    25.580809
   463.5293884    402.9411926            210     25.905574    20.518111
   483.8234863    402.9411926            210    -54.961171    21.099223
   504.1176147    402.9411926            210    -132.95944    22.659189
   524.4118042    402.9411926            210     -108.4341    22.168682
  -104.7059021    423.2352905            210    -114.55449     22.29109
  -84.41177368    423.2352905            210      -79.1762    21.583524
  -64.11765289    423.2352905            210     19.398246    20.387965
  -43.82352829    423.2352905            210       310.448     26.20896
  -23.52941132    423.2352905            210     756.41741    35.128348
  -3.235290527    423.2352905            210     1551.7809    51.035619
   17.05882454    423.2352905            210     2136.8384    62.736767
   37.35293961    423.2352905            210      1922.808     58.45616
   57.64707184    423.2352905            210     1045.0134    40.900268
   77.94117737    423.2352905            210     370.47126    27.409425
   98.23529816    423.2352905            210     184.05718    23.681144
   118.5294037    423.2352905            210     231.04659    24.620932
   138.8235016    423.2352905            210     660.00642    33.200128
   159.1175995    423.2352905            210     1429.4655     48.58931
   179.4118042    423.2352905            210     1947.3958    58.947917
   199.7059021    423.2352905            210     1981.9706    59.639411
           220    423.2352905            210     1928.6186    58.572373
   240.2940979    423.2352905            210     1470.3772    49.407545
   260.5881958    423.2352905            210     626.48915    32.529783
   280.8823853    423.2352905            210     202.54806    24.050961
   301.1765137    423.2352905            210     103.04031    22.060806
   321.4706116    423.2352905            210     291.96331    25.839266
   341.7647095    423.2352905            210     682.91592    33.658318
   362.0588074    423.2352905            210     1348.5967    46.971933
   382.3529053    423.2352905            210     1867.7051    57.354102
   402.6470947    423.2352905            210     1373.4667    47.469333
   422.9411926    423.2352905            210     785.02235    35.700447
   443.2352905    423.2352905            210      272.6256    25.452512
   463.5293884    423.2352905            210     16.268229    20.325365
   483.8234863    423.2352905            210    -41.097433    20.821949
   504.1176147    423.2352905            210    -125.26928    22.505386
   524.4118042    423.2352905            210    -117.42473    22.348495
  -104.7059021    443.5293884            210    -135.29996    22.705999
  -84.41177368    443.5293884            210    -148.38078    22.967616
  -64.11765289    443.5293884            210     26.346715    20.526934
  -43.82352829    443.5293884            210     351.68148     27.03363
  -23.52941132    443.5293884            210     1040.0785    40.801569
  -3.235290527    443.5293884            210     2085.3364    61.706728
   17.05882454    443.5293884            210     2691.4631    73.829262
   37.35293961    443.5293884            210     2067.5778    61.351555
   57.64707184    443.5293884            210     815.13937    36.302787
   77.94117737    443.5293884            210     213.05187    24.261037
   98.23529816    443.5293884            210     88.268693    21.765374
   118.5294037    443.5293884            210     179.69821    23.593964
   138.8235016    443.5293884            210     708.78723    34.175745
   159.1175995    443.5293884            210     1722.8841    54.457683
   179.4118042    443.5293884            210     2362.7872    67.255743
   199.7059021    443.5293884            210     2311.1506    66.223011
           220    443.5293884            210     2381.8985     67.63797
   240.2940979    443.5293884            210     1650.7545     53.01509
   260.5881958    443.5293884            210     702.97587    34.059517
   280.8823853    443.5293884            210     177.79267    23.555853
   301.1765137    443.5293884            210     33.757288    20.675146
   321.4706116    443.5293884            210     102.76542    22.055308
   341.7647095    443.5293884            210     397.29664    27.945933
   362.0588074    443.5293884            210     1184.1453    43.682906
   382.3529053    443.5293884            210     1935.6769    58.713537
   402.6470947    443.5293884            210     1862.9618    57.259235
   422.9411926    443.5293884            210     1030.8403    40.616806
   443.2352905    443.5293884            210     425.94512    28.518902
   463.5293884    443.5293884            210     53.625954    21.072519
   483.8234863    443.5293884            210    -113.08642    22.261728
   504.1176147    443.5293884            210    -117.80201     22.35604
   524.4118042    443.5293884            210    -137.87446    22.757489
  -104.7059021    463.8234863            210    -168.23402     23.36468
  -84.41177368    463.8234863            210    -113.38417    22.267683
  -64.11765289    463.8234863            210    -3.6642958    20.073286
  -43.82352829    463.8234863            210     362.03658    27.240732
  -23.52941132    463.8234863            210      1282.492    45.649839
  -3.235290527    463.8234863            210     2160.3965     63.20793
   17.05882454    463.8234863            210     2267.0382    65.340763
   37.35293961    463.8234863            210     1351.6412    47.032823
   57.64707184    463.8234863            210     412.65915    28.253183
   77.94117737    463.8234863            210     20.652935    20.413059
   98.23529816    463.8234863            210    -39.477994     20.78956
   118.5294037    463.8234863            210     138.12419    22.762484
   138.8235016    463.8234863            210     695.80478    33.916096
   159.1175995    463.8234863            210     1638.9887    52.779774
   179.4118042    463.8234863            210     2271.1955     65.42391
   199.7059021    463.8234863            210      2524.302    70.486039
           220    463.8234863            210     2249.7175    64.994351
   240.2940979    463.8234863            210     1699.7225    53.994449
   260.5881958    463.8234863            210     738.94392    34.778878
   280.8823853    463.8234863            210     131.99604    22.639921
   301.1765137    463.8234863            210    -52.961887    21.059238
   321.4706116    463.8234863            210    -19.363238    20.387265
   341.7647095    463.8234863            210     156.91354    23.138271
   362.0588074    463.8234863            210      744.1551    34.883102
   382.3529053    463.8234863            210     1552.2569    51.045139
   402.6470947    463.8234863            210     1884.8956    57.697913
   422.9411926    463.8234863            210     1339.9384    46.798768
   443.2352905    463.8234863            210     589.44981    31.788996
   463.5293884    463.8234863            210     85.607016     21.71214
   483.8234863    463.8234863            210    -103.88643    22.077729
   504.1176147    463.8234863            210    -154.98098     23.09962
   524.4118042    463.8234863            210    -139.30785    22.786157
  -104.7059021    484.1176147            210    -152.18111    23.043622
  -84.41177368    484.1176147            210    -153.89525    23.077905
  -64.11765289    484.1176147            210    -55.794692    21.115894
  -43.82352829    484.1176147            210     244.97882    24.899576
  -23.52941132    484.1176147            210     800.28485    36.005697
  -3.235290527    484.1176147            210     1381.6213    47.632425
   17.05882454    484.1176147            210     1180.9408    43.618817
   37.35293961    484.1176147            210     553.59291    31.071858
   57.64707184    484.1176147            210     35.683043    20.713661
   77.94117737    484.1176147            210    -148.08319    22.961664
   98.23529816    484.1176147            210    -129.47801     22.58956
   118.5294037    484.1176147            210     30.031024     20.60062
   138.8235016    484.1176147            210     566.63722    31.332744
   159.1175995    484.1176147            210     1336.8512    46.737025
   179.4118042    484.1176147            210     1820.9992    56.419984
   199.7059021    484.1176147            210     2168.9883    63.379766
           220    484.1176147            210     1878.5674    57.571348
   240.2940979    484.1176147            210     1456.6784    49.133568
   260.5881958    484.1176147            210     547.63055    30.952611
   280.8823853    484.1176147            210     55.128193    21.102564
   301.1765137    484.1176147            210    -165.29991    23.305998
   321.4706116    484.1176147            210    -184.84394    23.696879
   341.7647095    484.1176147            210    -61.731289    21.234626
   362.0588074    484.1176147            210      170.7106    23.414212
   382.3529053    484.1176147            210     693.87019    33.877404
   402.6470947    484.1176147            210     1391.7125     47.83425
   422.9411926    484.1176147            210     1524.3552    50.487104
   443.2352905    484.1176147            210     777.54276    35.550855
   463.5293884    484.1176147            210     146.30101     22.92602
   483.8234863    484.1176147            210      -111.092     22.22184
   504.1176147    484.1176147            210    -156.43568    23.128714
   524.4118042    484.1176147            210    -126.60263    22.532053
  -104.7059021    504.4118042            210    -166.14496    23.322899
  -84.41177368    504.4118042            210    -184.54898     23.69098
  -64.11765289    504.4118042            210    -136.96681    22.739336
  -43.82352829    504.4118042            210    -44.188944    20.883779
  -23.52941132    504.4118042            210     117.60253    22.352051
  -3.235290527    504.4118042            210     271.00392    25.420078
   17.05882454    504.4118042            210     211.96602     24.23932
   37.35293961    504.4118042            210     28.387695    20.567754
   57.64707184    504.4118042            210    -106.57237    22.131447
   77.94117737    504.4118042            210    -188.55874    23.771175
   98.23529816    504.4118042            210    -162.55735    23.251147
   118.5294037    504.4118042            210    -10.919309    20.218386
   138.8235016    504.4118042            210     272.28814    25.445763
   159.1175995    504.4118042            210      809.8811    36.197622
   179.4118042    504.4118042            210     1152.4438    43.048875
   199.7059021    504.4118042            210      1340.073    46.801461
           220    504.4118042            210     1147.4402    42.948804
   240.2940979    504.4118042            210     863.00321    37.260064
   260.5881958    504.4118042            210     299.29894    25.985979
   280.8823853    504.4118042            210    -65.089539    21.301791
   301.1765137    504.4118042            210     -150.7309    23.014618
   321.4706116    504.4118042            210    -220.09612    24.401922
   341.7647095    504.4118042            210    -171.51556    23.430311
   362.0588074    504.4118042            210    -127.89165    22.557833
   382.3529053    504.4118042            210     121.81699     22.43634
   402.6470947    504.4118042            210      476.2619    29.525238
   422.9411926    504.4118042            210     797.84268    35.956854
   443.2352905    504.4118042            210     602.09515    32.041903
   463.5293884    504.4118042            210     85.052139    21.701043
   483.8234863    504.4118042            210    -128.95142    22.579028
   504.1176147    504.4118042            210    -129.73225    22.594645
   524.4118042    504.4118042            210    -178.41864    23.568373
