ID X Y Z Length
1 230.00000000 310.00000000  70.00000000 500.00000000
2 230.00000000 310.00000000  70.00000000 500.00000000
3 230.00000000 310.00000000  70.00000000 500.00000000
4 230.00000000 310.00000000  70.00000000 500.00000000
5 230.00000000 310.00000000  70.00000000 500.00000000
6 230.00000000 310.00000000  70.00000000 500.00000000
7 230.00000000 310.00000000  70.00000000 500.00000000
8 230.00000000 310.00000000  70.00000000 500.00000000
9 230.00000000 310.00000000  70.00000000 500.00000000
10 230.00000000 310.00000000  70.00000000 500.00000000
11 230.00000000 310.00000000  70.00000000 500.00000000
12 230.00000000 310.00000000  70.00000000 500.00000000
13 230.00000000 310.00000000  70.00000000 500.00000000
14 230.00000000 310.00000000  70.00000000 500.00000000
15 230.00000000 310.00000000  70.00000000 500.00000000
16 230.00000000 310.00000000  70.00000000 500.00000000
17 230.00000000 310.00000000  70.00000000 500.00000000
18 230.00000000 310.00000000  70.00000000 500.00000000
19 230.00000000 310.00000000  70.00000000 500.00000000
20 230.00000000 310.00000000  70.00000000 500.00000000
21 230.00000000 310.00000000  70.00000000 500.00000000
22 230.00000000 310.00000000  70.00000000 500.00000000
23 230.00000000 310.00000000  70.00000000 500.00000000
24 230.00000000 310.00000000  70.00000000 500.00000000
25 230.00000000 310.00000000  70.00000000 500.00000000
26 230.00000000 310.00000000  70.00000000 500.00000000
27 230.00000000 310.00000000  70.00000000 500.00000000
28 230.00000000 310.00000000  70.00000000 500.00000000
29 230.00000000 310.00000000  70.00000000 500.00000000
30 230.00000000 310.00000000  70.00000000 500.00000000
31 230.00000000 310.00000000  70.00000000 500.00000000
32 230.00000000 310.00000000  70.00000000 500.00000000
33 230.00000000 310.00000000  70.00000000 500.00000000
34 230.00000000 310.00000000  70.00000000 500.00000000
35 230.00000000 310.00000000  70.00000000 500.00000000
36 230.00000000 310.00000000  70.00000000 500.00000000
37 230.00000000 310.00000000  70.00000000 500.00000000
38 230.00000000 310.00000000  70.00000000 500.00000000
39 230.00000000 310.00000000  70.00000000 500.00000000
40 230.00000000 310.00000000  70.00000000 500.00000000
41 230.00000000 310.00000000  70.00000000 500.00000000
42 230.00000000 310.00000000  70.00000000 500.00000000
43 230.00000000 310.00000000  70.00000000 500.00000000
44 230.00000000 310.00000000  70.00000000 500.00000000
45 230.00000000 310.00000000  70.00000000 500.00000000
46 230.00000000 310.00000000  70.00000000 500.00000000
47 230.00000000 310.00000000  70.00000000 500.00000000
48 230.00000000 310.00000000  70.00000000 500.00000000
49 230.00000000 310.00000000  70.00000000 500.00000000
50 230.00000000 310.00000000  70.00000000 500.00000000
51 230.00000000 310.00000000  70.00000000 500.00000000
52 230.00000000 310.00000000  70.00000000 500.00000000
53 230.00000000 310.00000000  70.00000000 500.00000000
54 230.00000000 310.00000000  70.00000000 500.00000000
55 230.00000000 310.00000000  70.00000000 500.00000000
56 230.00000000 310.00000000  70.00000000 500.00000000
57 230.00000000 310.00000000  70.00000000 500.00000000
58 230.00000000 310.00000000  70.00000000 500.00000000
59 230.00000000 310.00000000  70.00000000 500.00000000
60 230.00000000 310.00000000  70.00000000 500.00000000
61 230.00000000 310.00000000  70.00000000 500.00000000
62 230.00000000 310.00000000  70.00000000 500.00000000
63 230.00000000 310.00000000  70.00000000 500.00000000
64 230.00000000 310.00000000  70.00000000 500.00000000
65 230.00000000 310.00000000  70.00000000 500.00000000
66 230.00000000 310.00000000  70.00000000 500.00000000
67 230.00000000 310.00000000  70.00000000 500.00000000
68 230.00000000 310.00000000  70.00000000 500.00000000
69 230.00000000 310.00000000  70.00000000 500.00000000
70 230.00000000 310.00000000  70.00000000 500.00000000
71 230.00000000 310.00000000  70.00000000 500.00000000
72 230.00000000 310.00000000  70.00000000 500.00000000
73 230.00000000 310.00000000  70.00000000 500.00000000
74 230.00000000 310.00000000  70.00000000 500.00000000
75 230.00000000 310.00000000  70.00000000 500.00000000
76 230.00000000 310.00000000  70.00000000 500.00000000
77 230.00000000 310.00000000  70.00000000 500.00000000
78 230.00000000 310.00000000  70.00000000 500.00000000
79 230.00000000 310.00000000  70.00000000 500.00000000
80 230.00000000 310.00000000  70.00000000 500.00000000
81 230.00000000 310.00000000  70.00000000 500.00000000
82 230.00000000 310.00000000  70.00000000 500.00000000
83 230.00000000 310.00000000  70.00000000 500.00000000
84 230.00000000 310.00000000  70.00000000 500.00000000
85 230.00000000 310.00000000  70.00000000 500.00000000
86 230.00000000 310.00000000  70.00000000 500.00000000
87 230.00000000 310.00000000  70.00000000 500.00000000
88 230.00000000 310.00000000  70.00000000 500.00000000
89 230.00000000 310.00000000  70.00000000 500.00000000
90 230.00000000 310.00000000  70.00000000 500.00000000
91 230.00000000 310.00000000  70.00000000 500.00000000
92 230.00000000 310.00000000  70.00000000 500.00000000
93 230.00000000 310.00000000  70.00000000 500.00000000
94 230.00000000 310.00000000  70.00000000 500.00000000
95 230.00000000 310.00000000  70.00000000 500.00000000
96 230.00000000 310.00000000  70.00000000 500.00000000
97 230.00000000 310.00000000  70.00000000 500.00000000
98 230.00000000 310.00000000  70.00000000 500.00000000
99 230.00000000 310.00000000  70.00000000 500.00000000
100 230.00000000 310.00000000  70.00000000 500.00000000
101 230.00000000 310.00000000  70.00000000 500.00000000
102 230.00000000 310.00000000  70.00000000 500.00000000
103 230.00000000 310.00000000  70.00000000 500.00000000
104 230.00000000 310.00000000  70.00000000 500.00000000
105 230.00000000 310.00000000  70.00000000 500.00000000
106 230.00000000 310.00000000  70.00000000 500.00000000
107 230.00000000 310.00000000  70.00000000 500.00000000
108 230.00000000 310.00000000  70.00000000 500.00000000
109 230.00000000 270.00000000  70.00000000 500.00000000
110 230.00000000 270.00000000  70.00000000 500.00000000
111 230.00000000 270.00000000  70.00000000 500.00000000
112 230.00000000 270.00000000  70.00000000 500.00000000
113 230.00000000 270.00000000  70.00000000 500.00000000
114 230.00000000 270.00000000  70.00000000 500.00000000
115 230.00000000 270.00000000  70.00000000 500.00000000
116 230.00000000 270.00000000  70.00000000 500.00000000
117 230.00000000 270.00000000  70.00000000 500.00000000
118 230.00000000 270.00000000  70.00000000 500.00000000
119 230.00000000 270.00000000  70.00000000 500.00000000
120 230.00000000 270.00000000  70.00000000 500.00000000
121 230.00000000 270.00000000  70.00000000 500.00000000
122 230.00000000 270.00000000  70.00000000 500.00000000
123 230.00000000 270.00000000  70.00000000 500.00000000
124 230.00000000 270.00000000  70.00000000 500.00000000
125 230.00000000 270.00000000  70.00000000 500.00000000
126 230.00000000 270.00000000  70.00000000 500.00000000
127 230.00000000 270.00000000  70.00000000 500.00000000
128 230.00000000 270.00000000  70.00000000 500.00000000
129 230.00000000 270.00000000  70.00000000 500.00000000
130 230.00000000 270.00000000  70.00000000 500.00000000
131 230.00000000 270.00000000  70.00000000 500.00000000
132 230.00000000 270.00000000  70.00000000 500.00000000
133 230.00000000 270.00000000  70.00000000 500.00000000
134 230.00000000 270.00000000  70.00000000 500.00000000
135 230.00000000 270.00000000  70.00000000 500.00000000
136 230.00000000 270.00000000  70.00000000 500.00000000
137 230.00000000 270.00000000  70.00000000 500.00000000
138 230.00000000 270.00000000  70.00000000 500.00000000
139 230.00000000 270.00000000  70.00000000 500.00000000
140 230.00000000 270.00000000  70.00000000 500.00000000
141 230.00000000 270.00000000  70.00000000 500.00000000
142 230.00000000 270.00000000  70.00000000 500.00000000
143 230.00000000 270.00000000  70.00000000 500.00000000
144 230.00000000 270.00000000  70.00000000 500.00000000
145 230.00000000 270.00000000  70.00000000 500.00000000
146 230.00000000 270.00000000  70.00000000 500.00000000
147 230.00000000 270.00000000  70.00000000 500.00000000
148 230.00000000 270.00000000  70.00000000 500.00000000
149 230.00000000 270.00000000  70.00000000 500.00000000
150 230.00000000 270.00000000  70.00000000 500.00000000
151 230.00000000 270.00000000  70.00000000 500.00000000
152 230.00000000 270.00000000  70.00000000 500.00000000
153 230.00000000 270.00000000  70.00000000 500.00000000
154 230.00000000 270.00000000  70.00000000 500.00000000
155 230.00000000 270.00000000  70.00000000 500.00000000
156 230.00000000 270.00000000  70.00000000 500.00000000
157 230.00000000 270.00000000  70.00000000 500.00000000
158 230.00000000 270.00000000  70.00000000 500.00000000
159 230.00000000 270.00000000  70.00000000 500.00000000
160 230.00000000 270.00000000  70.00000000 500.00000000
161 230.00000000 270.00000000  70.00000000 500.00000000
162 230.00000000 270.00000000  70.00000000 500.00000000
163 230.00000000 270.00000000  70.00000000 500.00000000
164 230.00000000 270.00000000  70.00000000 500.00000000
165 230.00000000 270.00000000  70.00000000 500.00000000
166 230.00000000 270.00000000  70.00000000 500.00000000
167 230.00000000 270.00000000  70.00000000 500.00000000
168 230.00000000 270.00000000  70.00000000 500.00000000
169 230.00000000 270.00000000  70.00000000 500.00000000
170 230.00000000 270.00000000  70.00000000 500.00000000
171 230.00000000 270.00000000  70.00000000 500.00000000
172 230.00000000 270.00000000  70.00000000 500.00000000
173 230.00000000 270.00000000  70.00000000 500.00000000
174 230.00000000 270.00000000  70.00000000 500.00000000
175 230.00000000 270.00000000  70.00000000 500.00000000
176 230.00000000 270.00000000  70.00000000 500.00000000
177 230.00000000 270.00000000  70.00000000 500.00000000
178 230.00000000 270.00000000  70.00000000 500.00000000
179 230.00000000 270.00000000  70.00000000 500.00000000
180 230.00000000 270.00000000  70.00000000 500.00000000
181 230.00000000 270.00000000  70.00000000 500.00000000
182 230.00000000 270.00000000  70.00000000 500.00000000
183 230.00000000 270.00000000  70.00000000 500.00000000
184 230.00000000 270.00000000  70.00000000 500.00000000
185 230.00000000 270.00000000  70.00000000 500.00000000
186 230.00000000 270.00000000  70.00000000 500.00000000
187 230.00000000 270.00000000  70.00000000 500.00000000
188 230.00000000 270.00000000  70.00000000 500.00000000
189 230.00000000 270.00000000  70.00000000 500.00000000
190 230.00000000 270.00000000  70.00000000 500.00000000
191 230.00000000 270.00000000  70.00000000 500.00000000
192 230.00000000 270.00000000  70.00000000 500.00000000
193 230.00000000 270.00000000  70.00000000 500.00000000
194 230.00000000 270.00000000  70.00000000 500.00000000
195 230.00000000 270.00000000  70.00000000 500.00000000
196 230.00000000 270.00000000  70.00000000 500.00000000
197 230.00000000 270.00000000  70.00000000 500.00000000
198 230.00000000 270.00000000  70.00000000 500.00000000
199 230.00000000 270.00000000  70.00000000 500.00000000
200 230.00000000 270.00000000  70.00000000 500.00000000
201 230.00000000 270.00000000  70.00000000 500.00000000
202 230.00000000 270.00000000  70.00000000 500.00000000
203 230.00000000 270.00000000  70.00000000 500.00000000
204 230.00000000 270.00000000  70.00000000 500.00000000
205 230.00000000 270.00000000  70.00000000 500.00000000
206 230.00000000 270.00000000  70.00000000 500.00000000
207 230.00000000 270.00000000  70.00000000 500.00000000
208 230.00000000 270.00000000  70.00000000 500.00000000
209 230.00000000 270.00000000  70.00000000 500.00000000
210 230.00000000 270.00000000  70.00000000 500.00000000
211 230.00000000 270.00000000  70.00000000 500.00000000
212 230.00000000 270.00000000  70.00000000 500.00000000
213 230.00000000 270.00000000  70.00000000 500.00000000
214 230.00000000 270.00000000  70.00000000 500.00000000
215 230.00000000 270.00000000  70.00000000 500.00000000
216 230.00000000 270.00000000  70.00000000 500.00000000
217 230.00000000 230.00000000  70.00000000 500.00000000
218 230.00000000 230.00000000  70.00000000 500.00000000
219 230.00000000 230.00000000  70.00000000 500.00000000
220 230.00000000 230.00000000  70.00000000 500.00000000
221 230.00000000 230.00000000  70.00000000 500.00000000
222 230.00000000 230.00000000  70.00000000 500.00000000
223 230.00000000 230.00000000  70.00000000 500.00000000
224 230.00000000 230.00000000  70.00000000 500.00000000
225 230.00000000 230.00000000  70.00000000 500.00000000
226 230.00000000 230.00000000  70.00000000 500.00000000
227 230.00000000 230.00000000  70.00000000 500.00000000
228 230.00000000 230.00000000  70.00000000 500.00000000
229 230.00000000 230.00000000  70.00000000 500.00000000
230 230.00000000 230.00000000  70.00000000 500.00000000
231 230.00000000 230.00000000  70.00000000 500.00000000
232 230.00000000 230.00000000  70.00000000 500.00000000
233 230.00000000 230.00000000  70.00000000 500.00000000
234 230.00000000 230.00000000  70.00000000 500.00000000
235 230.00000000 230.00000000  70.00000000 500.00000000
236 230.00000000 230.00000000  70.00000000 500.00000000
237 230.00000000 230.00000000  70.00000000 500.00000000
238 230.00000000 230.00000000  70.00000000 500.00000000
239 230.00000000 230.00000000  70.00000000 500.00000000
240 230.00000000 230.00000000  70.00000000 500.00000000
241 230.00000000 230.00000000  70.00000000 500.00000000
242 230.00000000 230.00000000  70.00000000 500.00000000
243 230.00000000 230.00000000  70.00000000 500.00000000
244 230.00000000 230.00000000  70.00000000 500.00000000
245 230.00000000 230.00000000  70.00000000 500.00000000
246 230.00000000 230.00000000  70.00000000 500.00000000
247 230.00000000 230.00000000  70.00000000 500.00000000
248 230.00000000 230.00000000  70.00000000 500.00000000
249 230.00000000 230.00000000  70.00000000 500.00000000
250 230.00000000 230.00000000  70.00000000 500.00000000
251 230.00000000 230.00000000  70.00000000 500.00000000
252 230.00000000 230.00000000  70.00000000 500.00000000
253 230.00000000 230.00000000  70.00000000 500.00000000
254 230.00000000 230.00000000  70.00000000 500.00000000
255 230.00000000 230.00000000  70.00000000 500.00000000
256 230.00000000 230.00000000  70.00000000 500.00000000
257 230.00000000 230.00000000  70.00000000 500.00000000
258 230.00000000 230.00000000  70.00000000 500.00000000
259 230.00000000 230.00000000  70.00000000 500.00000000
260 230.00000000 230.00000000  70.00000000 500.00000000
261 230.00000000 230.00000000  70.00000000 500.00000000
262 230.00000000 230.00000000  70.00000000 500.00000000
263 230.00000000 230.00000000  70.00000000 500.00000000
264 230.00000000 230.00000000  70.00000000 500.00000000
265 230.00000000 230.00000000  70.00000000 500.00000000
266 230.00000000 230.00000000  70.00000000 500.00000000
267 230.00000000 230.00000000  70.00000000 500.00000000
268 230.00000000 230.00000000  70.00000000 500.00000000
269 230.00000000 230.00000000  70.00000000 500.00000000
270 230.00000000 230.00000000  70.00000000 500.00000000
271 230.00000000 230.00000000  70.00000000 500.00000000
272 230.00000000 230.00000000  70.00000000 500.00000000
273 230.00000000 230.00000000  70.00000000 500.00000000
274 230.00000000 230.00000000  70.00000000 500.00000000
275 230.00000000 230.00000000  70.00000000 500.00000000
276 230.00000000 230.00000000  70.00000000 500.00000000
277 230.00000000 230.00000000  70.00000000 500.00000000
278 230.00000000 230.00000000  70.00000000 500.00000000
279 230.00000000 230.00000000  70.00000000 500.00000000
280 230.00000000 230.00000000  70.00000000 500.00000000
281 230.00000000 230.00000000  70.00000000 500.00000000
282 230.00000000 230.00000000  70.00000000 500.00000000
283 230.00000000 230.00000000  70.00000000 500.00000000
284 230.00000000 230.00000000  70.00000000 500.00000000
285 230.00000000 230.00000000  70.00000000 500.00000000
286 230.00000000 230.00000000  70.00000000 500.00000000
287 230.00000000 230.00000000  70.00000000 500.00000000
288 230.00000000 230.00000000  70.00000000 500.00000000
289 230.00000000 230.00000000  70.00000000 500.00000000
290 230.00000000 230.00000000  70.00000000 500.00000000
291 230.00000000 230.00000000  70.00000000 500.00000000
292 230.00000000 230.00000000  70.00000000 500.00000000
293 230.00000000 230.00000000  70.00000000 500.00000000
294 230.00000000 230.00000000  70.00000000 500.00000000
295 230.00000000 230.00000000  70.00000000 500.00000000
296 230.00000000 230.00000000  70.00000000 500.00000000
297 230.00000000 230.00000000  70.00000000 500.00000000
298 230.00000000 230.00000000  70.00000000 500.00000000
299 230.00000000 230.00000000  70.00000000 500.00000000
300 230.00000000 230.00000000  70.00000000 500.00000000
301 230.00000000 230.00000000  70.00000000 500.00000000
302 230.00000000 230.00000000  70.00000000 500.00000000
303 230.00000000 230.00000000  70.00000000 500.00000000
304 230.00000000 230.00000000  70.00000000 500.00000000
305 230.00000000 230.00000000  70.00000000 500.00000000
306 230.00000000 230.00000000  70.00000000 500.00000000
307 230.00000000 230.00000000  70.00000000 500.00000000
308 230.00000000 230.00000000  70.00000000 500.00000000
309 230.00000000 230.00000000  70.00000000 500.00000000
310 230.00000000 230.00000000  70.00000000 500.00000000
311 230.00000000 230.00000000  70.00000000 500.00000000
312 230.00000000 230.00000000  70.00000000 500.00000000
313 230.00000000 230.00000000  70.00000000 500.00000000
314 230.00000000 230.00000000  70.00000000 500.00000000
315 230.00000000 230.00000000  70.00000000 500.00000000
316 230.00000000 230.00000000  70.00000000 500.00000000
317 230.00000000 230.00000000  70.00000000 500.00000000
318 230.00000000 230.00000000  70.00000000 500.00000000
319 230.00000000 230.00000000  70.00000000 500.00000000
320 230.00000000 230.00000000  70.00000000 500.00000000
321 230.00000000 230.00000000  70.00000000 500.00000000
322 230.00000000 230.00000000  70.00000000 500.00000000
323 230.00000000 230.00000000  70.00000000 500.00000000
324 230.00000000 230.00000000  70.00000000 500.00000000
325 230.00000000 190.00000000  70.00000000 500.00000000
326 230.00000000 190.00000000  70.00000000 500.00000000
327 230.00000000 190.00000000  70.00000000 500.00000000
328 230.00000000 190.00000000  70.00000000 500.00000000
329 230.00000000 190.00000000  70.00000000 500.00000000
330 230.00000000 190.00000000  70.00000000 500.00000000
331 230.00000000 190.00000000  70.00000000 500.00000000
332 230.00000000 190.00000000  70.00000000 500.00000000
333 230.00000000 190.00000000  70.00000000 500.00000000
334 230.00000000 190.00000000  70.00000000 500.00000000
335 230.00000000 190.00000000  70.00000000 500.00000000
336 230.00000000 190.00000000  70.00000000 500.00000000
337 230.00000000 190.00000000  70.00000000 500.00000000
338 230.00000000 190.00000000  70.00000000 500.00000000
339 230.00000000 190.00000000  70.00000000 500.00000000
340 230.00000000 190.00000000  70.00000000 500.00000000
341 230.00000000 190.00000000  70.00000000 500.00000000
342 230.00000000 190.00000000  70.00000000 500.00000000
343 230.00000000 190.00000000  70.00000000 500.00000000
344 230.00000000 190.00000000  70.00000000 500.00000000
345 230.00000000 190.00000000  70.00000000 500.00000000
346 230.00000000 190.00000000  70.00000000 500.00000000
347 230.00000000 190.00000000  70.00000000 500.00000000
348 230.00000000 190.00000000  70.00000000 500.00000000
349 230.00000000 190.00000000  70.00000000 500.00000000
350 230.00000000 190.00000000  70.00000000 500.00000000
351 230.00000000 190.00000000  70.00000000 500.00000000
352 230.00000000 190.00000000  70.00000000 500.00000000
353 230.00000000 190.00000000  70.00000000 500.00000000
354 230.00000000 190.00000000  70.00000000 500.00000000
355 230.00000000 190.00000000  70.00000000 500.00000000
356 230.00000000 190.00000000  70.00000000 500.00000000
357 230.00000000 190.00000000  70.00000000 500.00000000
358 230.00000000 190.00000000  70.00000000 500.00000000
359 230.00000000 190.00000000  70.00000000 500.00000000
360 230.00000000 190.00000000  70.00000000 500.00000000
361 230.00000000 190.00000000  70.00000000 500.00000000
362 230.00000000 190.00000000  70.00000000 500.00000000
363 230.00000000 190.00000000  70.00000000 500.00000000
364 230.00000000 190.00000000  70.00000000 500.00000000
365 230.00000000 190.00000000  70.00000000 500.00000000
366 230.00000000 190.00000000  70.00000000 500.00000000
367 230.00000000 190.00000000  70.00000000 500.00000000
368 230.00000000 190.00000000  70.00000000 500.00000000
369 230.00000000 190.00000000  70.00000000 500.00000000
370 230.00000000 190.00000000  70.00000000 500.00000000
371 230.00000000 190.00000000  70.00000000 500.00000000
372 230.00000000 190.00000000  70.00000000 500.00000000
373 230.00000000 190.00000000  70.00000000 500.00000000
374 230.00000000 190.00000000  70.00000000 500.00000000
375 230.00000000 190.00000000  70.00000000 500.00000000
376 230.00000000 190.00000000  70.00000000 500.00000000
377 230.00000000 190.00000000  70.00000000 500.00000000
378 230.00000000 190.00000000  70.00000000 500.00000000
379 230.00000000 190.00000000  70.00000000 500.00000000
380 230.00000000 190.00000000  70.00000000 500.00000000
381 230.00000000 190.00000000  70.00000000 500.00000000
382 230.00000000 190.00000000  70.00000000 500.00000000
383 230.00000000 190.00000000  70.00000000 500.00000000
384 230.00000000 190.00000000  70.00000000 500.00000000
385 230.00000000 190.00000000  70.00000000 500.00000000
386 230.00000000 190.00000000  70.00000000 500.00000000
387 230.00000000 190.00000000  70.00000000 500.00000000
388 230.00000000 190.00000000  70.00000000 500.00000000
389 230.00000000 190.00000000  70.00000000 500.00000000
390 230.00000000 190.00000000  70.00000000 500.00000000
391 230.00000000 190.00000000  70.00000000 500.00000000
392 230.00000000 190.00000000  70.00000000 500.00000000
393 230.00000000 190.00000000  70.00000000 500.00000000
394 230.00000000 190.00000000  70.00000000 500.00000000
395 230.00000000 190.00000000  70.00000000 500.00000000
396 230.00000000 190.00000000  70.00000000 500.00000000
397 230.00000000 190.00000000  70.00000000 500.00000000
398 230.00000000 190.00000000  70.00000000 500.00000000
399 230.00000000 190.00000000  70.00000000 500.00000000
400 230.00000000 190.00000000  70.00000000 500.00000000
401 230.00000000 190.00000000  70.00000000 500.00000000
402 230.00000000 190.00000000  70.00000000 500.00000000
403 230.00000000 190.00000000  70.00000000 500.00000000
404 230.00000000 190.00000000  70.00000000 500.00000000
405 230.00000000 190.00000000  70.00000000 500.00000000
406 230.00000000 190.00000000  70.00000000 500.00000000
407 230.00000000 190.00000000  70.00000000 500.00000000
408 230.00000000 190.00000000  70.00000000 500.00000000
409 230.00000000 190.00000000  70.00000000 500.00000000
410 230.00000000 190.00000000  70.00000000 500.00000000
411 230.00000000 190.00000000  70.00000000 500.00000000
412 230.00000000 190.00000000  70.00000000 500.00000000
413 230.00000000 190.00000000  70.00000000 500.00000000
414 230.00000000 190.00000000  70.00000000 500.00000000
415 230.00000000 190.00000000  70.00000000 500.00000000
416 230.00000000 190.00000000  70.00000000 500.00000000
417 230.00000000 190.00000000  70.00000000 500.00000000
418 230.00000000 190.00000000  70.00000000 500.00000000
419 230.00000000 190.00000000  70.00000000 500.00000000
420 230.00000000 190.00000000  70.00000000 500.00000000
421 230.00000000 190.00000000  70.00000000 500.00000000
422 230.00000000 190.00000000  70.00000000 500.00000000
423 230.00000000 190.00000000  70.00000000 500.00000000
424 230.00000000 190.00000000  70.00000000 500.00000000
425 230.00000000 190.00000000  70.00000000 500.00000000
426 230.00000000 190.00000000  70.00000000 500.00000000
427 230.00000000 190.00000000  70.00000000 500.00000000
428 230.00000000 190.00000000  70.00000000 500.00000000
429 230.00000000 190.00000000  70.00000000 500.00000000
430 230.00000000 190.00000000  70.00000000 500.00000000
431 230.00000000 190.00000000  70.00000000 500.00000000
432 230.00000000 190.00000000  70.00000000 500.00000000
433 190.00000000 310.00000000  70.00000000 500.00000000
434 190.00000000 310.00000000  70.00000000 500.00000000
435 190.00000000 310.00000000  70.00000000 500.00000000
436 190.00000000 310.00000000  70.00000000 500.00000000
437 190.00000000 310.00000000  70.00000000 500.00000000
438 190.00000000 310.00000000  70.00000000 500.00000000
439 190.00000000 310.00000000  70.00000000 500.00000000
440 190.00000000 310.00000000  70.00000000 500.00000000
441 190.00000000 310.00000000  70.00000000 500.00000000
442 190.00000000 310.00000000  70.00000000 500.00000000
443 190.00000000 310.00000000  70.00000000 500.00000000
444 190.00000000 310.00000000  70.00000000 500.00000000
445 190.00000000 310.00000000  70.00000000 500.00000000
446 190.00000000 310.00000000  70.00000000 500.00000000
447 190.00000000 310.00000000  70.00000000 500.00000000
448 190.00000000 310.00000000  70.00000000 500.00000000
449 190.00000000 310.00000000  70.00000000 500.00000000
450 190.00000000 310.00000000  70.00000000 500.00000000
451 190.00000000 310.00000000  70.00000000 500.00000000
452 190.00000000 310.00000000  70.00000000 500.00000000
453 190.00000000 310.00000000  70.00000000 500.00000000
454 190.00000000 310.00000000  70.00000000 500.00000000
455 190.00000000 310.00000000  70.00000000 500.00000000
456 190.00000000 310.00000000  70.00000000 500.00000000
457 190.00000000 310.00000000  70.00000000 500.00000000
458 190.00000000 310.00000000  70.00000000 500.00000000
459 190.00000000 310.00000000  70.00000000 500.00000000
460 190.00000000 310.00000000  70.00000000 500.00000000
461 190.00000000 310.00000000  70.00000000 500.00000000
462 190.00000000 310.00000000  70.00000000 500.00000000
463 190.00000000 310.00000000  70.00000000 500.00000000
464 190.00000000 310.00000000  70.00000000 500.00000000
465 190.00000000 310.00000000  70.00000000 500.00000000
466 190.00000000 310.00000000  70.00000000 500.00000000
467 190.00000000 310.00000000  70.00000000 500.00000000
468 190.00000000 310.00000000  70.00000000 500.00000000
469 190.00000000 310.00000000  70.00000000 500.00000000
470 190.00000000 310.00000000  70.00000000 500.00000000
471 190.00000000 310.00000000  70.00000000 500.00000000
472 190.00000000 310.00000000  70.00000000 500.00000000
473 190.00000000 310.00000000  70.00000000 500.00000000
474 190.00000000 310.00000000  70.00000000 500.00000000
475 190.00000000 310.00000000  70.00000000 500.00000000
476 190.00000000 310.00000000  70.00000000 500.00000000
477 190.00000000 310.00000000  70.00000000 500.00000000
478 190.00000000 310.00000000  70.00000000 500.00000000
479 190.00000000 310.00000000  70.00000000 500.00000000
480 190.00000000 310.00000000  70.00000000 500.00000000
481 190.00000000 310.00000000  70.00000000 500.00000000
482 190.00000000 310.00000000  70.00000000 500.00000000
483 190.00000000 310.00000000  70.00000000 500.00000000
484 190.00000000 310.00000000  70.00000000 500.00000000
485 190.00000000 310.00000000  70.00000000 500.00000000
486 190.00000000 310.00000000  70.00000000 500.00000000
487 190.00000000 310.00000000  70.00000000 500.00000000
488 190.00000000 310.00000000  70.00000000 500.00000000
489 190.00000000 310.00000000  70.00000000 500.00000000
490 190.00000000 310.00000000  70.00000000 500.00000000
491 190.00000000 310.00000000  70.00000000 500.00000000
492 190.00000000 310.00000000  70.00000000 500.00000000
493 190.00000000 310.00000000  70.00000000 500.00000000
494 190.00000000 310.00000000  70.00000000 500.00000000
495 190.00000000 310.00000000  70.00000000 500.00000000
496 190.00000000 310.00000000  70.00000000 500.00000000
497 190.00000000 310.00000000  70.00000000 500.00000000
498 190.00000000 310.00000000  70.00000000 500.00000000
499 190.00000000 310.00000000  70.00000000 500.00000000
500 190.00000000 310.00000000  70.00000000 500.00000000
501 190.00000000 310.00000000  70.00000000 500.00000000
502 190.00000000 310.00000000  70.00000000 500.00000000
503 190.00000000 310.00000000  70.00000000 500.00000000
504 190.00000000 310.00000000  70.00000000 500.00000000
505 190.00000000 310.00000000  70.00000000 500.00000000
506 190.00000000 310.00000000  70.00000000 500.00000000
507 190.00000000 310.00000000  70.00000000 500.00000000
508 190.00000000 310.00000000  70.00000000 500.00000000
509 190.00000000 310.00000000  70.00000000 500.00000000
510 190.00000000 310.00000000  70.00000000 500.00000000
511 190.00000000 310.00000000  70.00000000 500.00000000
512 190.00000000 310.00000000  70.00000000 500.00000000
513 190.00000000 310.00000000  70.00000000 500.00000000
514 190.00000000 310.00000000  70.00000000 500.00000000
515 190.00000000 310.00000000  70.00000000 500.00000000
516 190.00000000 310.00000000  70.00000000 500.00000000
517 190.00000000 310.00000000  70.00000000 500.00000000
518 190.00000000 310.00000000  70.00000000 500.00000000
519 190.00000000 310.00000000  70.00000000 500.00000000
520 190.00000000 310.00000000  70.00000000 500.00000000
521 190.00000000 310.00000000  70.00000000 500.00000000
522 190.00000000 310.00000000  70.00000000 500.00000000
523 190.00000000 310.00000000  70.00000000 500.00000000
524 190.00000000 310.00000000  70.00000000 500.00000000
525 190.00000000 310.00000000  70.00000000 500.00000000
526 190.00000000 310.00000000  70.00000000 500.00000000
527 190.00000000 310.00000000  70.00000000 500.00000000
528 190.00000000 310.00000000  70.00000000 500.00000000
529 190.00000000 310.00000000  70.00000000 500.00000000
530 190.00000000 310.00000000  70.00000000 500.00000000
531 190.00000000 310.00000000  70.00000000 500.00000000
532 190.00000000 310.00000000  70.00000000 500.00000000
533 190.00000000 310.00000000  70.00000000 500.00000000
534 190.00000000 310.00000000  70.00000000 500.00000000
535 190.00000000 310.00000000  70.00000000 500.00000000
536 190.00000000 310.00000000  70.00000000 500.00000000
537 190.00000000 310.00000000  70.00000000 500.00000000
538 190.00000000 310.00000000  70.00000000 500.00000000
539 190.00000000 310.00000000  70.00000000 500.00000000
540 190.00000000 310.00000000  70.00000000 500.00000000
541 190.00000000 270.00000000  70.00000000 500.00000000
542 190.00000000 270.00000000  70.00000000 500.00000000
543 190.00000000 270.00000000  70.00000000 500.00000000
544 190.00000000 270.00000000  70.00000000 500.00000000
545 190.00000000 270.00000000  70.00000000 500.00000000
546 190.00000000 270.00000000  70.00000000 500.00000000
547 190.00000000 270.00000000  70.00000000 500.00000000
548 190.00000000 270.00000000  70.00000000 500.00000000
549 190.00000000 270.00000000  70.00000000 500.00000000
550 190.00000000 270.00000000  70.00000000 500.00000000
551 190.00000000 270.00000000  70.00000000 500.00000000
552 190.00000000 270.00000000  70.00000000 500.00000000
553 190.00000000 270.00000000  70.00000000 500.00000000
554 190.00000000 270.00000000  70.00000000 500.00000000
555 190.00000000 270.00000000  70.00000000 500.00000000
556 190.00000000 270.00000000  70.00000000 500.00000000
557 190.00000000 270.00000000  70.00000000 500.00000000
558 190.00000000 270.00000000  70.00000000 500.00000000
559 190.00000000 270.00000000  70.00000000 500.00000000
560 190.00000000 270.00000000  70.00000000 500.00000000
561 190.00000000 270.00000000  70.00000000 500.00000000
562 190.00000000 270.00000000  70.00000000 500.00000000
563 190.00000000 270.00000000  70.00000000 500.00000000
564 190.00000000 270.00000000  70.00000000 500.00000000
565 190.00000000 270.00000000  70.00000000 500.00000000
566 190.00000000 270.00000000  70.00000000 500.00000000
567 190.00000000 270.00000000  70.00000000 500.00000000
568 190.00000000 270.00000000  70.00000000 500.00000000
569 190.00000000 270.00000000  70.00000000 500.00000000
570 190.00000000 270.00000000  70.00000000 500.00000000
571 190.00000000 270.00000000  70.00000000 500.00000000
572 190.00000000 270.00000000  70.00000000 500.00000000
573 190.00000000 270.00000000  70.00000000 500.00000000
574 190.00000000 270.00000000  70.00000000 500.00000000
575 190.00000000 270.00000000  70.00000000 500.00000000
576 190.00000000 270.00000000  70.00000000 500.00000000
577 190.00000000 270.00000000  70.00000000 500.00000000
578 190.00000000 270.00000000  70.00000000 500.00000000
579 190.00000000 270.00000000  70.00000000 500.00000000
580 190.00000000 270.00000000  70.00000000 500.00000000
581 190.00000000 270.00000000  70.00000000 500.00000000
582 190.00000000 270.00000000  70.00000000 500.00000000
583 190.00000000 270.00000000  70.00000000 500.00000000
584 190.00000000 270.00000000  70.00000000 500.00000000
585 190.00000000 270.00000000  70.00000000 500.00000000
586 190.00000000 270.00000000  70.00000000 500.00000000
587 190.00000000 270.00000000  70.00000000 500.00000000
588 190.00000000 270.00000000  70.00000000 500.00000000
589 190.00000000 270.00000000  70.00000000 500.00000000
590 190.00000000 270.00000000  70.00000000 500.00000000
591 190.00000000 270.00000000  70.00000000 500.00000000
592 190.00000000 270.00000000  70.00000000 500.00000000
593 190.00000000 270.00000000  70.00000000 500.00000000
594 190.00000000 270.00000000  70.00000000 500.00000000
595 190.00000000 270.00000000  70.00000000 500.00000000
596 190.00000000 270.00000000  70.00000000 500.00000000
597 190.00000000 270.00000000  70.00000000 500.00000000
598 190.00000000 270.00000000  70.00000000 500.00000000
599 190.00000000 270.00000000  70.00000000 500.00000000
600 190.00000000 270.00000000  70.00000000 500.00000000
601 190.00000000 270.00000000  70.00000000 500.00000000
602 190.00000000 270.00000000  70.00000000 500.00000000
603 190.00000000 270.00000000  70.00000000 500.00000000
604 190.00000000 270.00000000  70.00000000 500.00000000
605 190.00000000 270.00000000  70.00000000 500.00000000
606 190.00000000 270.00000000  70.00000000 500.00000000
607 190.00000000 270.00000000  70.00000000 500.00000000
608 190.00000000 270.00000000  70.00000000 500.00000000
609 190.00000000 270.00000000  70.00000000 500.00000000
610 190.00000000 270.00000000  70.00000000 500.00000000
611 190.00000000 270.00000000  70.00000000 500.00000000
612 190.00000000 270.00000000  70.00000000 500.00000000
613 190.00000000 270.00000000  70.00000000 500.00000000
614 190.00000000 270.00000000  70.00000000 500.00000000
615 190.00000000 270.00000000  70.00000000 500.00000000
616 190.00000000 270.00000000  70.00000000 500.00000000
617 190.00000000 270.00000000  70.00000000 500.00000000
618 190.00000000 270.00000000  70.00000000 500.00000000
619 190.00000000 270.00000000  70.00000000 500.00000000
620 190.00000000 270.00000000  70.00000000 500.00000000
621 190.00000000 270.00000000  70.00000000 500.00000000
622 190.00000000 270.00000000  70.00000000 500.00000000
623 190.00000000 270.00000000  70.00000000 500.00000000
624 190.00000000 270.00000000  70.00000000 500.00000000
625 190.00000000 270.00000000  70.00000000 500.00000000
626 190.00000000 270.00000000  70.00000000 500.00000000
627 190.00000000 270.00000000  70.00000000 500.00000000
628 190.00000000 270.00000000  70.00000000 500.00000000
629 190.00000000 270.00000000  70.00000000 500.00000000
630 190.00000000 270.00000000  70.00000000 500.00000000
631 190.00000000 270.00000000  70.00000000 500.00000000
632 190.00000000 270.00000000  70.00000000 500.00000000
633 190.00000000 270.00000000  70.00000000 500.00000000
634 190.00000000 270.00000000  70.00000000 500.00000000
635 190.00000000 270.00000000  70.00000000 500.00000000
636 190.00000000 270.00000000  70.00000000 500.00000000
637 190.00000000 270.00000000  70.00000000 500.00000000
638 190.00000000 270.00000000  70.00000000 500.00000000
639 190.00000000 270.00000000  70.00000000 500.00000000
640 190.00000000 270.00000000  70.00000000 500.00000000
641 190.00000000 270.00000000  70.00000000 500.00000000
642 190.00000000 270.00000000  70.00000000 500.00000000
643 190.00000000 270.00000000  70.00000000 500.00000000
644 190.00000000 270.00000000  70.00000000 500.00000000
645 190.00000000 270.00000000  70.00000000 500.00000000
646 190.00000000 270.00000000  70.00000000 500.00000000
647 190.00000000 270.00000000  70.00000000 500.00000000
648 190.00000000 270.00000000  70.00000000 500.00000000
649 190.00000000 230.00000000  70.00000000 500.00000000
650 190.00000000 230.00000000  70.00000000 500.00000000
651 190.00000000 230.00000000  70.00000000 500.00000000
652 190.00000000 230.00000000  70.00000000 500.00000000
653 190.00000000 230.00000000  70.00000000 500.00000000
654 190.00000000 230.00000000  70.00000000 500.00000000
655 190.00000000 230.00000000  70.00000000 500.00000000
656 190.00000000 230.00000000  70.00000000 500.00000000
657 190.00000000 230.00000000  70.00000000 500.00000000
658 190.00000000 230.00000000  70.00000000 500.00000000
659 190.00000000 230.00000000  70.00000000 500.00000000
660 190.00000000 230.00000000  70.00000000 500.00000000
661 190.00000000 230.00000000  70.00000000 500.00000000
662 190.00000000 230.00000000  70.00000000 500.00000000
663 190.00000000 230.00000000  70.00000000 500.00000000
664 190.00000000 230.00000000  70.00000000 500.00000000
665 190.00000000 230.00000000  70.00000000 500.00000000
666 190.00000000 230.00000000  70.00000000 500.00000000
667 190.00000000 230.00000000  70.00000000 500.00000000
668 190.00000000 230.00000000  70.00000000 500.00000000
669 190.00000000 230.00000000  70.00000000 500.00000000
670 190.00000000 230.00000000  70.00000000 500.00000000
671 190.00000000 230.00000000  70.00000000 500.00000000
672 190.00000000 230.00000000  70.00000000 500.00000000
673 190.00000000 230.00000000  70.00000000 500.00000000
674 190.00000000 230.00000000  70.00000000 500.00000000
675 190.00000000 230.00000000  70.00000000 500.00000000
676 190.00000000 230.00000000  70.00000000 500.00000000
677 190.00000000 230.00000000  70.00000000 500.00000000
678 190.00000000 230.00000000  70.00000000 500.00000000
679 190.00000000 230.00000000  70.00000000 500.00000000
680 190.00000000 230.00000000  70.00000000 500.00000000
681 190.00000000 230.00000000  70.00000000 500.00000000
682 190.00000000 230.00000000  70.00000000 500.00000000
683 190.00000000 230.00000000  70.00000000 500.00000000
684 190.00000000 230.00000000  70.00000000 500.00000000
685 190.00000000 230.00000000  70.00000000 500.00000000
686 190.00000000 230.00000000  70.00000000 500.00000000
687 190.00000000 230.00000000  70.00000000 500.00000000
688 190.00000000 230.00000000  70.00000000 500.00000000
689 190.00000000 230.00000000  70.00000000 500.00000000
690 190.00000000 230.00000000  70.00000000 500.00000000
691 190.00000000 230.00000000  70.00000000 500.00000000
692 190.00000000 230.00000000  70.00000000 500.00000000
693 190.00000000 230.00000000  70.00000000 500.00000000
694 190.00000000 230.00000000  70.00000000 500.00000000
695 190.00000000 230.00000000  70.00000000 500.00000000
696 190.00000000 230.00000000  70.00000000 500.00000000
697 190.00000000 230.00000000  70.00000000 500.00000000
698 190.00000000 230.00000000  70.00000000 500.00000000
699 190.00000000 230.00000000  70.00000000 500.00000000
700 190.00000000 230.00000000  70.00000000 500.00000000
701 190.00000000 230.00000000  70.00000000 500.00000000
702 190.00000000 230.00000000  70.00000000 500.00000000
703 190.00000000 230.00000000  70.00000000 500.00000000
704 190.00000000 230.00000000  70.00000000 500.00000000
705 190.00000000 230.00000000  70.00000000 500.00000000
706 190.00000000 230.00000000  70.00000000 500.00000000
707 190.00000000 230.00000000  70.00000000 500.00000000
708 190.00000000 230.00000000  70.00000000 500.00000000
709 190.00000000 230.00000000  70.00000000 500.00000000
710 190.00000000 230.00000000  70.00000000 500.00000000
711 190.00000000 230.00000000  70.00000000 500.00000000
712 190.00000000 230.00000000  70.00000000 500.00000000
713 190.00000000 230.00000000  70.00000000 500.00000000
714 190.00000000 230.00000000  70.00000000 500.00000000
715 190.00000000 230.00000000  70.00000000 500.00000000
716 190.00000000 230.00000000  70.00000000 500.00000000
717 190.00000000 230.00000000  70.00000000 500.00000000
718 190.00000000 230.00000000  70.00000000 500.00000000
719 190.00000000 230.00000000  70.00000000 500.00000000
720 190.00000000 230.00000000  70.00000000 500.00000000
721 190.00000000 230.00000000  70.00000000 500.00000000
722 190.00000000 230.00000000  70.00000000 500.00000000
723 190.00000000 230.00000000  70.00000000 500.00000000
724 190.00000000 230.00000000  70.00000000 500.00000000
725 190.00000000 230.00000000  70.00000000 500.00000000
726 190.00000000 230.00000000  70.00000000 500.00000000
727 190.00000000 230.00000000  70.00000000 500.00000000
728 190.00000000 230.00000000  70.00000000 500.00000000
729 190.00000000 230.00000000  70.00000000 500.00000000
730 190.00000000 230.00000000  70.00000000 500.00000000
731 190.00000000 230.00000000  70.00000000 500.00000000
732 190.00000000 230.00000000  70.00000000 500.00000000
733 190.00000000 230.00000000  70.00000000 500.00000000
734 190.00000000 230.00000000  70.00000000 500.00000000
735 190.00000000 230.00000000  70.00000000 500.00000000
736 190.00000000 230.00000000  70.00000000 500.00000000
737 190.00000000 230.00000000  70.00000000 500.00000000
738 190.00000000 230.00000000  70.00000000 500.00000000
739 190.00000000 230.00000000  70.00000000 500.00000000
740 190.00000000 230.00000000  70.00000000 500.00000000
741 190.00000000 230.00000000  70.00000000 500.00000000
742 190.00000000 230.00000000  70.00000000 500.00000000
743 190.00000000 230.00000000  70.00000000 500.00000000
744 190.00000000 230.00000000  70.00000000 500.00000000
745 190.00000000 230.00000000  70.00000000 500.00000000
746 190.00000000 230.00000000  70.00000000 500.00000000
747 190.00000000 230.00000000  70.00000000 500.00000000
748 190.00000000 230.00000000  70.00000000 500.00000000
749 190.00000000 230.00000000  70.00000000 500.00000000
750 190.00000000 230.00000000  70.00000000 500.00000000
751 190.00000000 230.00000000  70.00000000 500.00000000
752 190.00000000 230.00000000  70.00000000 500.00000000
753 190.00000000 230.00000000  70.00000000 500.00000000
754 190.00000000 230.00000000  70.00000000 500.00000000
755 190.00000000 230.00000000  70.00000000 500.00000000
756 190.00000000 230.00000000  70.00000000 500.00000000
757 190.00000000 190.00000000  70.00000000 500.00000000
758 190.00000000 190.00000000  70.00000000 500.00000000
759 190.00000000 190.00000000  70.00000000 500.00000000
760 190.00000000 190.00000000  70.00000000 500.00000000
761 190.00000000 190.00000000  70.00000000 500.00000000
762 190.00000000 190.00000000  70.00000000 500.00000000
763 190.00000000 190.00000000  70.00000000 500.00000000
764 190.00000000 190.00000000  70.00000000 500.00000000
765 190.00000000 190.00000000  70.00000000 500.00000000
766 190.00000000 190.00000000  70.00000000 500.00000000
767 190.00000000 190.00000000  70.00000000 500.00000000
768 190.00000000 190.00000000  70.00000000 500.00000000
769 190.00000000 190.00000000  70.00000000 500.00000000
770 190.00000000 190.00000000  70.00000000 500.00000000
771 190.00000000 190.00000000  70.00000000 500.00000000
772 190.00000000 190.00000000  70.00000000 500.00000000
773 190.00000000 190.00000000  70.00000000 500.00000000
774 190.00000000 190.00000000  70.00000000 500.00000000
775 190.00000000 190.00000000  70.00000000 500.00000000
776 190.00000000 190.00000000  70.00000000 500.00000000
777 190.00000000 190.00000000  70.00000000 500.00000000
778 190.00000000 190.00000000  70.00000000 500.00000000
779 190.00000000 190.00000000  70.00000000 500.00000000
780 190.00000000 190.00000000  70.00000000 500.00000000
781 190.00000000 190.00000000  70.00000000 500.00000000
782 190.00000000 190.00000000  70.00000000 500.00000000
783 190.00000000 190.00000000  70.00000000 500.00000000
784 190.00000000 190.00000000  70.00000000 500.00000000
785 190.00000000 190.00000000  70.00000000 500.00000000
786 190.00000000 190.00000000  70.00000000 500.00000000
787 190.00000000 190.00000000  70.00000000 500.00000000
788 190.00000000 190.00000000  70.00000000 500.00000000
789 190.00000000 190.00000000  70.00000000 500.00000000
790 190.00000000 190.00000000  70.00000000 500.00000000
791 190.00000000 190.00000000  70.00000000 500.00000000
792 190.00000000 190.00000000  70.00000000 500.00000000
793 190.00000000 190.00000000  70.00000000 500.00000000
794 190.00000000 190.00000000  70.00000000 500.00000000
795 190.00000000 190.00000000  70.00000000 500.00000000
796 190.00000000 190.00000000  70.00000000 500.00000000
797 190.00000000 190.00000000  70.00000000 500.00000000
798 190.00000000 190.00000000  70.00000000 500.00000000
799 190.00000000 190.00000000  70.00000000 500.00000000
800 190.00000000 190.00000000  70.00000000 500.00000000
801 190.00000000 190.00000000  70.00000000 500.00000000
802 190.00000000 190.00000000  70.00000000 500.00000000
803 190.00000000 190.00000000  70.00000000 500.00000000
804 190.00000000 190.00000000  70.00000000 500.00000000
805 190.00000000 190.00000000  70.00000000 500.00000000
806 190.00000000 190.00000000  70.00000000 500.00000000
807 190.00000000 190.00000000  70.00000000 500.00000000
808 190.00000000 190.00000000  70.00000000 500.00000000
809 190.00000000 190.00000000  70.00000000 500.00000000
810 190.00000000 190.00000000  70.00000000 500.00000000
811 190.00000000 190.00000000  70.00000000 500.00000000
812 190.00000000 190.00000000  70.00000000 500.00000000
813 190.00000000 190.00000000  70.00000000 500.00000000
814 190.00000000 190.00000000  70.00000000 500.00000000
815 190.00000000 190.00000000  70.00000000 500.00000000
816 190.00000000 190.00000000  70.00000000 500.00000000
817 190.00000000 190.00000000  70.00000000 500.00000000
818 190.00000000 190.00000000  70.00000000 500.00000000
819 190.00000000 190.00000000  70.00000000 500.00000000
820 190.00000000 190.00000000  70.00000000 500.00000000
821 190.00000000 190.00000000  70.00000000 500.00000000
822 190.00000000 190.00000000  70.00000000 500.00000000
823 190.00000000 190.00000000  70.00000000 500.00000000
824 190.00000000 190.00000000  70.00000000 500.00000000
825 190.00000000 190.00000000  70.00000000 500.00000000
826 190.00000000 190.00000000  70.00000000 500.00000000
827 190.00000000 190.00000000  70.00000000 500.00000000
828 190.00000000 190.00000000  70.00000000 500.00000000
829 190.00000000 190.00000000  70.00000000 500.00000000
830 190.00000000 190.00000000  70.00000000 500.00000000
831 190.00000000 190.00000000  70.00000000 500.00000000
832 190.00000000 190.00000000  70.00000000 500.00000000
833 190.00000000 190.00000000  70.00000000 500.00000000
834 190.00000000 190.00000000  70.00000000 500.00000000
835 190.00000000 190.00000000  70.00000000 500.00000000
836 190.00000000 190.00000000  70.00000000 500.00000000
837 190.00000000 190.00000000  70.00000000 500.00000000
838 190.00000000 190.00000000  70.00000000 500.00000000
839 190.00000000 190.00000000  70.00000000 500.00000000
840 190.00000000 190.00000000  70.00000000 500.00000000
841 190.00000000 190.00000000  70.00000000 500.00000000
842 190.00000000 190.00000000  70.00000000 500.00000000
843 190.00000000 190.00000000  70.00000000 500.00000000
844 190.00000000 190.00000000  70.00000000 500.00000000
845 190.00000000 190.00000000  70.00000000 500.00000000
846 190.00000000 190.00000000  70.00000000 500.00000000
847 190.00000000 190.00000000  70.00000000 500.00000000
848 190.00000000 190.00000000  70.00000000 500.00000000
849 190.00000000 190.00000000  70.00000000 500.00000000
850 190.00000000 190.00000000  70.00000000 500.00000000
851 190.00000000 190.00000000  70.00000000 500.00000000
852 190.00000000 190.00000000  70.00000000 500.00000000
853 190.00000000 190.00000000  70.00000000 500.00000000
854 190.00000000 190.00000000  70.00000000 500.00000000
855 190.00000000 190.00000000  70.00000000 500.00000000
856 190.00000000 190.00000000  70.00000000 500.00000000
857 190.00000000 190.00000000  70.00000000 500.00000000
858 190.00000000 190.00000000  70.00000000 500.00000000
859 190.00000000 190.00000000  70.00000000 500.00000000
860 190.00000000 190.00000000  70.00000000 500.00000000
861 190.00000000 190.00000000  70.00000000 500.00000000
862 190.00000000 190.00000000  70.00000000 500.00000000
863 190.00000000 190.00000000  70.00000000 500.00000000
864 190.00000000 190.00000000  70.00000000 500.00000000
865 310.00000000 310.00000000  70.00000000 500.00000000
866 310.00000000 310.00000000  70.00000000 500.00000000
867 310.00000000 310.00000000  70.00000000 500.00000000
868 310.00000000 310.00000000  70.00000000 500.00000000
869 310.00000000 310.00000000  70.00000000 500.00000000
870 310.00000000 310.00000000  70.00000000 500.00000000
871 310.00000000 310.00000000  70.00000000 500.00000000
872 310.00000000 310.00000000  70.00000000 500.00000000
873 310.00000000 310.00000000  70.00000000 500.00000000
874 310.00000000 310.00000000  70.00000000 500.00000000
875 310.00000000 310.00000000  70.00000000 500.00000000
876 310.00000000 310.00000000  70.00000000 500.00000000
877 310.00000000 310.00000000  70.00000000 500.00000000
878 310.00000000 310.00000000  70.00000000 500.00000000
879 310.00000000 310.00000000  70.00000000 500.00000000
880 310.00000000 310.00000000  70.00000000 500.00000000
881 310.00000000 310.00000000  70.00000000 500.00000000
882 310.00000000 310.00000000  70.00000000 500.00000000
883 310.00000000 310.00000000  70.00000000 500.00000000
884 310.00000000 310.00000000  70.00000000 500.00000000
885 310.00000000 310.00000000  70.00000000 500.00000000
886 310.00000000 310.00000000  70.00000000 500.00000000
887 310.00000000 310.00000000  70.00000000 500.00000000
888 310.00000000 310.00000000  70.00000000 500.00000000
889 310.00000000 310.00000000  70.00000000 500.00000000
890 310.00000000 310.00000000  70.00000000 500.00000000
891 310.00000000 310.00000000  70.00000000 500.00000000
892 310.00000000 310.00000000  70.00000000 500.00000000
893 310.00000000 310.00000000  70.00000000 500.00000000
894 310.00000000 310.00000000  70.00000000 500.00000000
895 310.00000000 310.00000000  70.00000000 500.00000000
896 310.00000000 310.00000000  70.00000000 500.00000000
897 310.00000000 310.00000000  70.00000000 500.00000000
898 310.00000000 310.00000000  70.00000000 500.00000000
899 310.00000000 310.00000000  70.00000000 500.00000000
900 310.00000000 310.00000000  70.00000000 500.00000000
901 310.00000000 310.00000000  70.00000000 500.00000000
902 310.00000000 310.00000000  70.00000000 500.00000000
903 310.00000000 310.00000000  70.00000000 500.00000000
904 310.00000000 310.00000000  70.00000000 500.00000000
905 310.00000000 310.00000000  70.00000000 500.00000000
906 310.00000000 310.00000000  70.00000000 500.00000000
907 310.00000000 310.00000000  70.00000000 500.00000000
908 310.00000000 310.00000000  70.00000000 500.00000000
909 310.00000000 310.00000000  70.00000000 500.00000000
910 310.00000000 310.00000000  70.00000000 500.00000000
911 310.00000000 310.00000000  70.00000000 500.00000000
912 310.00000000 310.00000000  70.00000000 500.00000000
913 310.00000000 310.00000000  70.00000000 500.00000000
914 310.00000000 310.00000000  70.00000000 500.00000000
915 310.00000000 310.00000000  70.00000000 500.00000000
916 310.00000000 310.00000000  70.00000000 500.00000000
917 310.00000000 310.00000000  70.00000000 500.00000000
918 310.00000000 310.00000000  70.00000000 500.00000000
919 310.00000000 310.00000000  70.00000000 500.00000000
920 310.00000000 310.00000000  70.00000000 500.00000000
921 310.00000000 310.00000000  70.00000000 500.00000000
922 310.00000000 310.00000000  70.00000000 500.00000000
923 310.00000000 310.00000000  70.00000000 500.00000000
924 310.00000000 310.00000000  70.00000000 500.00000000
925 310.00000000 310.00000000  70.00000000 500.00000000
926 310.00000000 310.00000000  70.00000000 500.00000000
927 310.00000000 310.00000000  70.00000000 500.00000000
928 310.00000000 310.00000000  70.00000000 500.00000000
929 310.00000000 310.00000000  70.00000000 500.00000000
930 310.00000000 310.00000000  70.00000000 500.00000000
931 310.00000000 310.00000000  70.00000000 500.00000000
932 310.00000000 310.00000000  70.00000000 500.00000000
933 310.00000000 310.00000000  70.00000000 500.00000000
934 310.00000000 310.00000000  70.00000000 500.00000000
935 310.00000000 310.00000000  70.00000000 500.00000000
936 310.00000000 310.00000000  70.00000000 500.00000000
937 310.00000000 310.00000000  70.00000000 500.00000000
938 310.00000000 310.00000000  70.00000000 500.00000000
939 310.00000000 310.00000000  70.00000000 500.00000000
940 310.00000000 310.00000000  70.00000000 500.00000000
941 310.00000000 310.00000000  70.00000000 500.00000000
942 310.00000000 310.00000000  70.00000000 500.00000000
943 310.00000000 310.00000000  70.00000000 500.00000000
944 310.00000000 310.00000000  70.00000000 500.00000000
945 310.00000000 310.00000000  70.00000000 500.00000000
946 310.00000000 310.00000000  70.00000000 500.00000000
947 310.00000000 310.00000000  70.00000000 500.00000000
948 310.00000000 310.00000000  70.00000000 500.00000000
949 310.00000000 310.00000000  70.00000000 500.00000000
950 310.00000000 310.00000000  70.00000000 500.00000000
951 310.00000000 310.00000000  70.00000000 500.00000000
952 310.00000000 310.00000000  70.00000000 500.00000000
953 310.00000000 310.00000000  70.00000000 500.00000000
954 310.00000000 310.00000000  70.00000000 500.00000000
955 310.00000000 310.00000000  70.00000000 500.00000000
956 310.00000000 310.00000000  70.00000000 500.00000000
957 310.00000000 310.00000000  70.00000000 500.00000000
958 310.00000000 310.00000000  70.00000000 500.00000000
959 310.00000000 310.00000000  70.00000000 500.00000000
960 310.00000000 310.00000000  70.00000000 500.00000000
961 310.00000000 310.00000000  70.00000000 500.00000000
962 310.00000000 310.00000000  70.00000000 500.00000000
963 310.00000000 310.00000000  70.00000000 500.00000000
964 310.00000000 310.00000000  70.00000000 500.00000000
965 310.00000000 310.00000000  70.00000000 500.00000000
966 310.00000000 310.00000000  70.00000000 500.00000000
967 310.00000000 310.00000000  70.00000000 500.00000000
968 310.00000000 310.00000000  70.00000000 500.00000000
969 310.00000000 310.00000000  70.00000000 500.00000000
970 310.00000000 310.00000000  70.00000000 500.00000000
971 310.00000000 310.00000000  70.00000000 500.00000000
972 310.00000000 310.00000000  70.00000000 500.00000000
973 310.00000000 270.00000000  70.00000000 500.00000000
974 310.00000000 270.00000000  70.00000000 500.00000000
975 310.00000000 270.00000000  70.00000000 500.00000000
976 310.00000000 270.00000000  70.00000000 500.00000000
977 310.00000000 270.00000000  70.00000000 500.00000000
978 310.00000000 270.00000000  70.00000000 500.00000000
979 310.00000000 270.00000000  70.00000000 500.00000000
980 310.00000000 270.00000000  70.00000000 500.00000000
981 310.00000000 270.00000000  70.00000000 500.00000000
982 310.00000000 270.00000000  70.00000000 500.00000000
983 310.00000000 270.00000000  70.00000000 500.00000000
984 310.00000000 270.00000000  70.00000000 500.00000000
985 310.00000000 270.00000000  70.00000000 500.00000000
986 310.00000000 270.00000000  70.00000000 500.00000000
987 310.00000000 270.00000000  70.00000000 500.00000000
988 310.00000000 270.00000000  70.00000000 500.00000000
989 310.00000000 270.00000000  70.00000000 500.00000000
990 310.00000000 270.00000000  70.00000000 500.00000000
991 310.00000000 270.00000000  70.00000000 500.00000000
992 310.00000000 270.00000000  70.00000000 500.00000000
993 310.00000000 270.00000000  70.00000000 500.00000000
994 310.00000000 270.00000000  70.00000000 500.00000000
995 310.00000000 270.00000000  70.00000000 500.00000000
996 310.00000000 270.00000000  70.00000000 500.00000000
997 310.00000000 270.00000000  70.00000000 500.00000000
998 310.00000000 270.00000000  70.00000000 500.00000000
999 310.00000000 270.00000000  70.00000000 500.00000000
1000 310.00000000 270.00000000  70.00000000 500.00000000
1001 310.00000000 270.00000000  70.00000000 500.00000000
1002 310.00000000 270.00000000  70.00000000 500.00000000
1003 310.00000000 270.00000000  70.00000000 500.00000000
1004 310.00000000 270.00000000  70.00000000 500.00000000
1005 310.00000000 270.00000000  70.00000000 500.00000000
1006 310.00000000 270.00000000  70.00000000 500.00000000
1007 310.00000000 270.00000000  70.00000000 500.00000000
1008 310.00000000 270.00000000  70.00000000 500.00000000
1009 310.00000000 270.00000000  70.00000000 500.00000000
1010 310.00000000 270.00000000  70.00000000 500.00000000
1011 310.00000000 270.00000000  70.00000000 500.00000000
1012 310.00000000 270.00000000  70.00000000 500.00000000
1013 310.00000000 270.00000000  70.00000000 500.00000000
1014 310.00000000 270.00000000  70.00000000 500.00000000
1015 310.00000000 270.00000000  70.00000000 500.00000000
1016 310.00000000 270.00000000  70.00000000 500.00000000
1017 310.00000000 270.00000000  70.00000000 500.00000000
1018 310.00000000 270.00000000  70.00000000 500.00000000
1019 310.00000000 270.00000000  70.00000000 500.00000000
1020 310.00000000 270.00000000  70.00000000 500.00000000
1021 310.00000000 270.00000000  70.00000000 500.00000000
1022 310.00000000 270.00000000  70.00000000 500.00000000
1023 310.00000000 270.00000000  70.00000000 500.00000000
1024 310.00000000 270.00000000  70.00000000 500.00000000
1025 310.00000000 270.00000000  70.00000000 500.00000000
1026 310.00000000 270.00000000  70.00000000 500.00000000
1027 310.00000000 270.00000000  70.00000000 500.00000000
1028 310.00000000 270.00000000  70.00000000 500.00000000
1029 310.00000000 270.00000000  70.00000000 500.00000000
1030 310.00000000 270.00000000  70.00000000 500.00000000
1031 310.00000000 270.00000000  70.00000000 500.00000000
1032 310.00000000 270.00000000  70.00000000 500.00000000
1033 310.00000000 270.00000000  70.00000000 500.00000000
1034 310.00000000 270.00000000  70.00000000 500.00000000
1035 310.00000000 270.00000000  70.00000000 500.00000000
1036 310.00000000 270.00000000  70.00000000 500.00000000
1037 310.00000000 270.00000000  70.00000000 500.00000000
1038 310.00000000 270.00000000  70.00000000 500.00000000
1039 310.00000000 270.00000000  70.00000000 500.00000000
1040 310.00000000 270.00000000  70.00000000 500.00000000
1041 310.00000000 270.00000000  70.00000000 500.00000000
1042 310.00000000 270.00000000  70.00000000 500.00000000
1043 310.00000000 270.00000000  70.00000000 500.00000000
1044 310.00000000 270.00000000  70.00000000 500.00000000
1045 310.00000000 270.00000000  70.00000000 500.00000000
1046 310.00000000 270.00000000  70.00000000 500.00000000
1047 310.00000000 270.00000000  70.00000000 500.00000000
1048 310.00000000 270.00000000  70.00000000 500.00000000
1049 310.00000000 270.00000000  70.00000000 500.00000000
1050 310.00000000 270.00000000  70.00000000 500.00000000
1051 310.00000000 270.00000000  70.00000000 500.00000000
1052 310.00000000 270.00000000  70.00000000 500.00000000
1053 310.00000000 270.00000000  70.00000000 500.00000000
1054 310.00000000 270.00000000  70.00000000 500.00000000
1055 310.00000000 270.00000000  70.00000000 500.00000000
1056 310.00000000 270.00000000  70.00000000 500.00000000
1057 310.00000000 270.00000000  70.00000000 500.00000000
1058 310.00000000 270.00000000  70.00000000 500.00000000
1059 310.00000000 270.00000000  70.00000000 500.00000000
1060 310.00000000 270.00000000  70.00000000 500.00000000
1061 310.00000000 270.00000000  70.00000000 500.00000000
1062 310.00000000 270.00000000  70.00000000 500.00000000
1063 310.00000000 270.00000000  70.00000000 500.00000000
1064 310.00000000 270.00000000  70.00000000 500.00000000
1065 310.00000000 270.00000000  70.00000000 500.00000000
1066 310.00000000 270.00000000  70.00000000 500.00000000
1067 310.00000000 270.00000000  70.00000000 500.00000000
1068 310.00000000 270.00000000  70.00000000 500.00000000
1069 310.00000000 270.00000000  70.00000000 500.00000000
1070 310.00000000 270.00000000  70.00000000 500.00000000
1071 310.00000000 270.00000000  70.00000000 500.00000000
1072 310.00000000 270.00000000  70.00000000 500.00000000
1073 310.00000000 270.00000000  70.00000000 500.00000000
1074 310.00000000 270.00000000  70.00000000 500.00000000
1075 310.00000000 270.00000000  70.00000000 500.00000000
1076 310.00000000 270.00000000  70.00000000 500.00000000
1077 310.00000000 270.00000000  70.00000000 500.00000000
1078 310.00000000 270.00000000  70.00000000 500.00000000
1079 310.00000000 270.00000000  70.00000000 500.00000000
1080 310.00000000 270.00000000  70.00000000 500.00000000
1081 310.00000000 230.00000000  70.00000000 500.00000000
1082 310.00000000 230.00000000  70.00000000 500.00000000
1083 310.00000000 230.00000000  70.00000000 500.00000000
1084 310.00000000 230.00000000  70.00000000 500.00000000
1085 310.00000000 230.00000000  70.00000000 500.00000000
1086 310.00000000 230.00000000  70.00000000 500.00000000
1087 310.00000000 230.00000000  70.00000000 500.00000000
1088 310.00000000 230.00000000  70.00000000 500.00000000
1089 310.00000000 230.00000000  70.00000000 500.00000000
1090 310.00000000 230.00000000  70.00000000 500.00000000
1091 310.00000000 230.00000000  70.00000000 500.00000000
1092 310.00000000 230.00000000  70.00000000 500.00000000
1093 310.00000000 230.00000000  70.00000000 500.00000000
1094 310.00000000 230.00000000  70.00000000 500.00000000
1095 310.00000000 230.00000000  70.00000000 500.00000000
1096 310.00000000 230.00000000  70.00000000 500.00000000
1097 310.00000000 230.00000000  70.00000000 500.00000000
1098 310.00000000 230.00000000  70.00000000 500.00000000
1099 310.00000000 230.00000000  70.00000000 500.00000000
1100 310.00000000 230.00000000  70.00000000 500.00000000
1101 310.00000000 230.00000000  70.00000000 500.00000000
1102 310.00000000 230.00000000  70.00000000 500.00000000
1103 310.00000000 230.00000000  70.00000000 500.00000000
1104 310.00000000 230.00000000  70.00000000 500.00000000
1105 310.00000000 230.00000000  70.00000000 500.00000000
1106 310.00000000 230.00000000  70.00000000 500.00000000
1107 310.00000000 230.00000000  70.00000000 500.00000000
1108 310.00000000 230.00000000  70.00000000 500.00000000
1109 310.00000000 230.00000000  70.00000000 500.00000000
1110 310.00000000 230.00000000  70.00000000 500.00000000
1111 310.00000000 230.00000000  70.00000000 500.00000000
1112 310.00000000 230.00000000  70.00000000 500.00000000
1113 310.00000000 230.00000000  70.00000000 500.00000000
1114 310.00000000 230.00000000  70.00000000 500.00000000
1115 310.00000000 230.00000000  70.00000000 500.00000000
1116 310.00000000 230.00000000  70.00000000 500.00000000
1117 310.00000000 230.00000000  70.00000000 500.00000000
1118 310.00000000 230.00000000  70.00000000 500.00000000
1119 310.00000000 230.00000000  70.00000000 500.00000000
1120 310.00000000 230.00000000  70.00000000 500.00000000
1121 310.00000000 230.00000000  70.00000000 500.00000000
1122 310.00000000 230.00000000  70.00000000 500.00000000
1123 310.00000000 230.00000000  70.00000000 500.00000000
1124 310.00000000 230.00000000  70.00000000 500.00000000
1125 310.00000000 230.00000000  70.00000000 500.00000000
1126 310.00000000 230.00000000  70.00000000 500.00000000
1127 310.00000000 230.00000000  70.00000000 500.00000000
1128 310.00000000 230.00000000  70.00000000 500.00000000
1129 310.00000000 230.00000000  70.00000000 500.00000000
1130 310.00000000 230.00000000  70.00000000 500.00000000
1131 310.00000000 230.00000000  70.00000000 500.00000000
1132 310.00000000 230.00000000  70.00000000 500.00000000
1133 310.00000000 230.00000000  70.00000000 500.00000000
1134 310.00000000 230.00000000  70.00000000 500.00000000
1135 310.00000000 230.00000000  70.00000000 500.00000000
1136 310.00000000 230.00000000  70.00000000 500.00000000
1137 310.00000000 230.00000000  70.00000000 500.00000000
1138 310.00000000 230.00000000  70.00000000 500.00000000
1139 310.00000000 230.00000000  70.00000000 500.00000000
1140 310.00000000 230.00000000  70.00000000 500.00000000
1141 310.00000000 230.00000000  70.00000000 500.00000000
1142 310.00000000 230.00000000  70.00000000 500.00000000
1143 310.00000000 230.00000000  70.00000000 500.00000000
1144 310.00000000 230.00000000  70.00000000 500.00000000
1145 310.00000000 230.00000000  70.00000000 500.00000000
1146 310.00000000 230.00000000  70.00000000 500.00000000
1147 310.00000000 230.00000000  70.00000000 500.00000000
1148 310.00000000 230.00000000  70.00000000 500.00000000
1149 310.00000000 230.00000000  70.00000000 500.00000000
1150 310.00000000 230.00000000  70.00000000 500.00000000
1151 310.00000000 230.00000000  70.00000000 500.00000000
1152 310.00000000 230.00000000  70.00000000 500.00000000
1153 310.00000000 230.00000000  70.00000000 500.00000000
1154 310.00000000 230.00000000  70.00000000 500.00000000
1155 310.00000000 230.00000000  70.00000000 500.00000000
1156 310.00000000 230.00000000  70.00000000 500.00000000
1157 310.00000000 230.00000000  70.00000000 500.00000000
1158 310.00000000 230.00000000  70.00000000 500.00000000
1159 310.00000000 230.00000000  70.00000000 500.00000000
1160 310.00000000 230.00000000  70.00000000 500.00000000
1161 310.00000000 230.00000000  70.00000000 500.00000000
1162 310.00000000 230.00000000  70.00000000 500.00000000
1163 310.00000000 230.00000000  70.00000000 500.00000000
1164 310.00000000 230.00000000  70.00000000 500.00000000
1165 310.00000000 230.00000000  70.00000000 500.00000000
1166 310.00000000 230.00000000  70.00000000 500.00000000
1167 310.00000000 230.00000000  70.00000000 500.00000000
1168 310.00000000 230.00000000  70.00000000 500.00000000
1169 310.00000000 230.00000000  70.00000000 500.00000000
1170 310.00000000 230.00000000  70.00000000 500.00000000
1171 310.00000000 230.00000000  70.00000000 500.00000000
1172 310.00000000 230.00000000  70.00000000 500.00000000
1173 310.00000000 230.00000000  70.00000000 500.00000000
1174 310.00000000 230.00000000  70.00000000 500.00000000
1175 310.00000000 230.00000000  70.00000000 500.00000000
1176 310.00000000 230.00000000  70.00000000 500.00000000
1177 310.00000000 230.00000000  70.00000000 500.00000000
1178 310.00000000 230.00000000  70.00000000 500.00000000
1179 310.00000000 230.00000000  70.00000000 500.00000000
1180 310.00000000 230.00000000  70.00000000 500.00000000
1181 310.00000000 230.00000000  70.00000000 500.00000000
1182 310.00000000 230.00000000  70.00000000 500.00000000
1183 310.00000000 230.00000000  70.00000000 500.00000000
1184 310.00000000 230.00000000  70.00000000 500.00000000
1185 310.00000000 230.00000000  70.00000000 500.00000000
1186 310.00000000 230.00000000  70.00000000 500.00000000
1187 310.00000000 230.00000000  70.00000000 500.00000000
1188 310.00000000 230.00000000  70.00000000 500.00000000
1189 310.00000000 190.00000000  70.00000000 500.00000000
1190 310.00000000 190.00000000  70.00000000 500.00000000
1191 310.00000000 190.00000000  70.00000000 500.00000000
1192 310.00000000 190.00000000  70.00000000 500.00000000
1193 310.00000000 190.00000000  70.00000000 500.00000000
1194 310.00000000 190.00000000  70.00000000 500.00000000
1195 310.00000000 190.00000000  70.00000000 500.00000000
1196 310.00000000 190.00000000  70.00000000 500.00000000
1197 310.00000000 190.00000000  70.00000000 500.00000000
1198 310.00000000 190.00000000  70.00000000 500.00000000
1199 310.00000000 190.00000000  70.00000000 500.00000000
1200 310.00000000 190.00000000  70.00000000 500.00000000
1201 310.00000000 190.00000000  70.00000000 500.00000000
1202 310.00000000 190.00000000  70.00000000 500.00000000
1203 310.00000000 190.00000000  70.00000000 500.00000000
1204 310.00000000 190.00000000  70.00000000 500.00000000
1205 310.00000000 190.00000000  70.00000000 500.00000000
1206 310.00000000 190.00000000  70.00000000 500.00000000
1207 310.00000000 190.00000000  70.00000000 500.00000000
1208 310.00000000 190.00000000  70.00000000 500.00000000
1209 310.00000000 190.00000000  70.00000000 500.00000000
1210 310.00000000 190.00000000  70.00000000 500.00000000
1211 310.00000000 190.00000000  70.00000000 500.00000000
1212 310.00000000 190.00000000  70.00000000 500.00000000
1213 310.00000000 190.00000000  70.00000000 500.00000000
1214 310.00000000 190.00000000  70.00000000 500.00000000
1215 310.00000000 190.00000000  70.00000000 500.00000000
1216 310.00000000 190.00000000  70.00000000 500.00000000
1217 310.00000000 190.00000000  70.00000000 500.00000000
1218 310.00000000 190.00000000  70.00000000 500.00000000
1219 310.00000000 190.00000000  70.00000000 500.00000000
1220 310.00000000 190.00000000  70.00000000 500.00000000
1221 310.00000000 190.00000000  70.00000000 500.00000000
1222 310.00000000 190.00000000  70.00000000 500.00000000
1223 310.00000000 190.00000000  70.00000000 500.00000000
1224 310.00000000 190.00000000  70.00000000 500.00000000
1225 310.00000000 190.00000000  70.00000000 500.00000000
1226 310.00000000 190.00000000  70.00000000 500.00000000
1227 310.00000000 190.00000000  70.00000000 500.00000000
1228 310.00000000 190.00000000  70.00000000 500.00000000
1229 310.00000000 190.00000000  70.00000000 500.00000000
1230 310.00000000 190.00000000  70.00000000 500.00000000
1231 310.00000000 190.00000000  70.00000000 500.00000000
1232 310.00000000 190.00000000  70.00000000 500.00000000
1233 310.00000000 190.00000000  70.00000000 500.00000000
1234 310.00000000 190.00000000  70.00000000 500.00000000
1235 310.00000000 190.00000000  70.00000000 500.00000000
1236 310.00000000 190.00000000  70.00000000 500.00000000
1237 310.00000000 190.00000000  70.00000000 500.00000000
1238 310.00000000 190.00000000  70.00000000 500.00000000
1239 310.00000000 190.00000000  70.00000000 500.00000000
1240 310.00000000 190.00000000  70.00000000 500.00000000
1241 310.00000000 190.00000000  70.00000000 500.00000000
1242 310.00000000 190.00000000  70.00000000 500.00000000
1243 310.00000000 190.00000000  70.00000000 500.00000000
1244 310.00000000 190.00000000  70.00000000 500.00000000
1245 310.00000000 190.00000000  70.00000000 500.00000000
1246 310.00000000 190.00000000  70.00000000 500.00000000
1247 310.00000000 190.00000000  70.00000000 500.00000000
1248 310.00000000 190.00000000  70.00000000 500.00000000
1249 310.00000000 190.00000000  70.00000000 500.00000000
1250 310.00000000 190.00000000  70.00000000 500.00000000
1251 310.00000000 190.00000000  70.00000000 500.00000000
1252 310.00000000 190.00000000  70.00000000 500.00000000
1253 310.00000000 190.00000000  70.00000000 500.00000000
1254 310.00000000 190.00000000  70.00000000 500.00000000
1255 310.00000000 190.00000000  70.00000000 500.00000000
1256 310.00000000 190.00000000  70.00000000 500.00000000
1257 310.00000000 190.00000000  70.00000000 500.00000000
1258 310.00000000 190.00000000  70.00000000 500.00000000
1259 310.00000000 190.00000000  70.00000000 500.00000000
1260 310.00000000 190.00000000  70.00000000 500.00000000
1261 310.00000000 190.00000000  70.00000000 500.00000000
1262 310.00000000 190.00000000  70.00000000 500.00000000
1263 310.00000000 190.00000000  70.00000000 500.00000000
1264 310.00000000 190.00000000  70.00000000 500.00000000
1265 310.00000000 190.00000000  70.00000000 500.00000000
1266 310.00000000 190.00000000  70.00000000 500.00000000
1267 310.00000000 190.00000000  70.00000000 500.00000000
1268 310.00000000 190.00000000  70.00000000 500.00000000
1269 310.00000000 190.00000000  70.00000000 500.00000000
1270 310.00000000 190.00000000  70.00000000 500.00000000
1271 310.00000000 190.00000000  70.00000000 500.00000000
1272 310.00000000 190.00000000  70.00000000 500.00000000
1273 310.00000000 190.00000000  70.00000000 500.00000000
1274 310.00000000 190.00000000  70.00000000 500.00000000
1275 310.00000000 190.00000000  70.00000000 500.00000000
1276 310.00000000 190.00000000  70.00000000 500.00000000
1277 310.00000000 190.00000000  70.00000000 500.00000000
1278 310.00000000 190.00000000  70.00000000 500.00000000
1279 310.00000000 190.00000000  70.00000000 500.00000000
1280 310.00000000 190.00000000  70.00000000 500.00000000
1281 310.00000000 190.00000000  70.00000000 500.00000000
1282 310.00000000 190.00000000  70.00000000 500.00000000
1283 310.00000000 190.00000000  70.00000000 500.00000000
1284 310.00000000 190.00000000  70.00000000 500.00000000
1285 310.00000000 190.00000000  70.00000000 500.00000000
1286 310.00000000 190.00000000  70.00000000 500.00000000
1287 310.00000000 190.00000000  70.00000000 500.00000000
1288 310.00000000 190.00000000  70.00000000 500.00000000
1289 310.00000000 190.00000000  70.00000000 500.00000000
1290 310.00000000 190.00000000  70.00000000 500.00000000
1291 310.00000000 190.00000000  70.00000000 500.00000000
1292 310.00000000 190.00000000  70.00000000 500.00000000
1293 310.00000000 190.00000000  70.00000000 500.00000000
1294 310.00000000 190.00000000  70.00000000 500.00000000
1295 310.00000000 190.00000000  70.00000000 500.00000000
1296 310.00000000 190.00000000  70.00000000 500.00000000
1297 270.00000000 310.00000000  70.00000000 500.00000000
1298 270.00000000 310.00000000  70.00000000 500.00000000
1299 270.00000000 310.00000000  70.00000000 500.00000000
1300 270.00000000 310.00000000  70.00000000 500.00000000
1301 270.00000000 310.00000000  70.00000000 500.00000000
1302 270.00000000 310.00000000  70.00000000 500.00000000
1303 270.00000000 310.00000000  70.00000000 500.00000000
1304 270.00000000 310.00000000  70.00000000 500.00000000
1305 270.00000000 310.00000000  70.00000000 500.00000000
1306 270.00000000 310.00000000  70.00000000 500.00000000
1307 270.00000000 310.00000000  70.00000000 500.00000000
1308 270.00000000 310.00000000  70.00000000 500.00000000
1309 270.00000000 310.00000000  70.00000000 500.00000000
1310 270.00000000 310.00000000  70.00000000 500.00000000
1311 270.00000000 310.00000000  70.00000000 500.00000000
1312 270.00000000 310.00000000  70.00000000 500.00000000
1313 270.00000000 310.00000000  70.00000000 500.00000000
1314 270.00000000 310.00000000  70.00000000 500.00000000
1315 270.00000000 310.00000000  70.00000000 500.00000000
1316 270.00000000 310.00000000  70.00000000 500.00000000
1317 270.00000000 310.00000000  70.00000000 500.00000000
1318 270.00000000 310.00000000  70.00000000 500.00000000
1319 270.00000000 310.00000000  70.00000000 500.00000000
1320 270.00000000 310.00000000  70.00000000 500.00000000
1321 270.00000000 310.00000000  70.00000000 500.00000000
1322 270.00000000 310.00000000  70.00000000 500.00000000
1323 270.00000000 310.00000000  70.00000000 500.00000000
1324 270.00000000 310.00000000  70.00000000 500.00000000
1325 270.00000000 310.00000000  70.00000000 500.00000000
1326 270.00000000 310.00000000  70.00000000 500.00000000
1327 270.00000000 310.00000000  70.00000000 500.00000000
1328 270.00000000 310.00000000  70.00000000 500.00000000
1329 270.00000000 310.00000000  70.00000000 500.00000000
1330 270.00000000 310.00000000  70.00000000 500.00000000
1331 270.00000000 310.00000000  70.00000000 500.00000000
1332 270.00000000 310.00000000  70.00000000 500.00000000
1333 270.00000000 310.00000000  70.00000000 500.00000000
1334 270.00000000 310.00000000  70.00000000 500.00000000
1335 270.00000000 310.00000000  70.00000000 500.00000000
1336 270.00000000 310.00000000  70.00000000 500.00000000
1337 270.00000000 310.00000000  70.00000000 500.00000000
1338 270.00000000 310.00000000  70.00000000 500.00000000
1339 270.00000000 310.00000000  70.00000000 500.00000000
1340 270.00000000 310.00000000  70.00000000 500.00000000
1341 270.00000000 310.00000000  70.00000000 500.00000000
1342 270.00000000 310.00000000  70.00000000 500.00000000
1343 270.00000000 310.00000000  70.00000000 500.00000000
1344 270.00000000 310.00000000  70.00000000 500.00000000
1345 270.00000000 310.00000000  70.00000000 500.00000000
1346 270.00000000 310.00000000  70.00000000 500.00000000
1347 270.00000000 310.00000000  70.00000000 500.00000000
1348 270.00000000 310.00000000  70.00000000 500.00000000
1349 270.00000000 310.00000000  70.00000000 500.00000000
1350 270.00000000 310.00000000  70.00000000 500.00000000
1351 270.00000000 310.00000000  70.00000000 500.00000000
1352 270.00000000 310.00000000  70.00000000 500.00000000
1353 270.00000000 310.00000000  70.00000000 500.00000000
1354 270.00000000 310.00000000  70.00000000 500.00000000
1355 270.00000000 310.00000000  70.00000000 500.00000000
1356 270.00000000 310.00000000  70.00000000 500.00000000
1357 270.00000000 310.00000000  70.00000000 500.00000000
1358 270.00000000 310.00000000  70.00000000 500.00000000
1359 270.00000000 310.00000000  70.00000000 500.00000000
1360 270.00000000 310.00000000  70.00000000 500.00000000
1361 270.00000000 310.00000000  70.00000000 500.00000000
1362 270.00000000 310.00000000  70.00000000 500.00000000
1363 270.00000000 310.00000000  70.00000000 500.00000000
1364 270.00000000 310.00000000  70.00000000 500.00000000
1365 270.00000000 310.00000000  70.00000000 500.00000000
1366 270.00000000 310.00000000  70.00000000 500.00000000
1367 270.00000000 310.00000000  70.00000000 500.00000000
1368 270.00000000 310.00000000  70.00000000 500.00000000
1369 270.00000000 310.00000000  70.00000000 500.00000000
1370 270.00000000 310.00000000  70.00000000 500.00000000
1371 270.00000000 310.00000000  70.00000000 500.00000000
1372 270.00000000 310.00000000  70.00000000 500.00000000
1373 270.00000000 310.00000000  70.00000000 500.00000000
1374 270.00000000 310.00000000  70.00000000 500.00000000
1375 270.00000000 310.00000000  70.00000000 500.00000000
1376 270.00000000 310.00000000  70.00000000 500.00000000
1377 270.00000000 310.00000000  70.00000000 500.00000000
1378 270.00000000 310.00000000  70.00000000 500.00000000
1379 270.00000000 310.00000000  70.00000000 500.00000000
1380 270.00000000 310.00000000  70.00000000 500.00000000
1381 270.00000000 310.00000000  70.00000000 500.00000000
1382 270.00000000 310.00000000  70.00000000 500.00000000
1383 270.00000000 310.00000000  70.00000000 500.00000000
1384 270.00000000 310.00000000  70.00000000 500.00000000
1385 270.00000000 310.00000000  70.00000000 500.00000000
1386 270.00000000 310.00000000  70.00000000 500.00000000
1387 270.00000000 310.00000000  70.00000000 500.00000000
1388 270.00000000 310.00000000  70.00000000 500.00000000
1389 270.00000000 310.00000000  70.00000000 500.00000000
1390 270.00000000 310.00000000  70.00000000 500.00000000
1391 270.00000000 310.00000000  70.00000000 500.00000000
1392 270.00000000 310.00000000  70.00000000 500.00000000
1393 270.00000000 310.00000000  70.00000000 500.00000000
1394 270.00000000 310.00000000  70.00000000 500.00000000
1395 270.00000000 310.00000000  70.00000000 500.00000000
1396 270.00000000 310.00000000  70.00000000 500.00000000
1397 270.00000000 310.00000000  70.00000000 500.00000000
1398 270.00000000 310.00000000  70.00000000 500.00000000
1399 270.00000000 310.00000000  70.00000000 500.00000000
1400 270.00000000 310.00000000  70.00000000 500.00000000
1401 270.00000000 310.00000000  70.00000000 500.00000000
1402 270.00000000 310.00000000  70.00000000 500.00000000
1403 270.00000000 310.00000000  70.00000000 500.00000000
1404 270.00000000 310.00000000  70.00000000 500.00000000
1405 270.00000000 270.00000000  70.00000000 500.00000000
1406 270.00000000 270.00000000  70.00000000 500.00000000
1407 270.00000000 270.00000000  70.00000000 500.00000000
1408 270.00000000 270.00000000  70.00000000 500.00000000
1409 270.00000000 270.00000000  70.00000000 500.00000000
1410 270.00000000 270.00000000  70.00000000 500.00000000
1411 270.00000000 270.00000000  70.00000000 500.00000000
1412 270.00000000 270.00000000  70.00000000 500.00000000
1413 270.00000000 270.00000000  70.00000000 500.00000000
1414 270.00000000 270.00000000  70.00000000 500.00000000
1415 270.00000000 270.00000000  70.00000000 500.00000000
1416 270.00000000 270.00000000  70.00000000 500.00000000
1417 270.00000000 270.00000000  70.00000000 500.00000000
1418 270.00000000 270.00000000  70.00000000 500.00000000
1419 270.00000000 270.00000000  70.00000000 500.00000000
1420 270.00000000 270.00000000  70.00000000 500.00000000
1421 270.00000000 270.00000000  70.00000000 500.00000000
1422 270.00000000 270.00000000  70.00000000 500.00000000
1423 270.00000000 270.00000000  70.00000000 500.00000000
1424 270.00000000 270.00000000  70.00000000 500.00000000
1425 270.00000000 270.00000000  70.00000000 500.00000000
1426 270.00000000 270.00000000  70.00000000 500.00000000
1427 270.00000000 270.00000000  70.00000000 500.00000000
1428 270.00000000 270.00000000  70.00000000 500.00000000
1429 270.00000000 270.00000000  70.00000000 500.00000000
1430 270.00000000 270.00000000  70.00000000 500.00000000
1431 270.00000000 270.00000000  70.00000000 500.00000000
1432 270.00000000 270.00000000  70.00000000 500.00000000
1433 270.00000000 270.00000000  70.00000000 500.00000000
1434 270.00000000 270.00000000  70.00000000 500.00000000
1435 270.00000000 270.00000000  70.00000000 500.00000000
1436 270.00000000 270.00000000  70.00000000 500.00000000
1437 270.00000000 270.00000000  70.00000000 500.00000000
1438 270.00000000 270.00000000  70.00000000 500.00000000
1439 270.00000000 270.00000000  70.00000000 500.00000000
1440 270.00000000 270.00000000  70.00000000 500.00000000
1441 270.00000000 270.00000000  70.00000000 500.00000000
1442 270.00000000 270.00000000  70.00000000 500.00000000
1443 270.00000000 270.00000000  70.00000000 500.00000000
1444 270.00000000 270.00000000  70.00000000 500.00000000
1445 270.00000000 270.00000000  70.00000000 500.00000000
1446 270.00000000 270.00000000  70.00000000 500.00000000
1447 270.00000000 270.00000000  70.00000000 500.00000000
1448 270.00000000 270.00000000  70.00000000 500.00000000
1449 270.00000000 270.00000000  70.00000000 500.00000000
1450 270.00000000 270.00000000  70.00000000 500.00000000
1451 270.00000000 270.00000000  70.00000000 500.00000000
1452 270.00000000 270.00000000  70.00000000 500.00000000
1453 270.00000000 270.00000000  70.00000000 500.00000000
1454 270.00000000 270.00000000  70.00000000 500.00000000
1455 270.00000000 270.00000000  70.00000000 500.00000000
1456 270.00000000 270.00000000  70.00000000 500.00000000
1457 270.00000000 270.00000000  70.00000000 500.00000000
1458 270.00000000 270.00000000  70.00000000 500.00000000
1459 270.00000000 270.00000000  70.00000000 500.00000000
1460 270.00000000 270.00000000  70.00000000 500.00000000
1461 270.00000000 270.00000000  70.00000000 500.00000000
1462 270.00000000 270.00000000  70.00000000 500.00000000
1463 270.00000000 270.00000000  70.00000000 500.00000000
1464 270.00000000 270.00000000  70.00000000 500.00000000
1465 270.00000000 270.00000000  70.00000000 500.00000000
1466 270.00000000 270.00000000  70.00000000 500.00000000
1467 270.00000000 270.00000000  70.00000000 500.00000000
1468 270.00000000 270.00000000  70.00000000 500.00000000
1469 270.00000000 270.00000000  70.00000000 500.00000000
1470 270.00000000 270.00000000  70.00000000 500.00000000
1471 270.00000000 270.00000000  70.00000000 500.00000000
1472 270.00000000 270.00000000  70.00000000 500.00000000
1473 270.00000000 270.00000000  70.00000000 500.00000000
1474 270.00000000 270.00000000  70.00000000 500.00000000
1475 270.00000000 270.00000000  70.00000000 500.00000000
1476 270.00000000 270.00000000  70.00000000 500.00000000
1477 270.00000000 270.00000000  70.00000000 500.00000000
1478 270.00000000 270.00000000  70.00000000 500.00000000
1479 270.00000000 270.00000000  70.00000000 500.00000000
1480 270.00000000 270.00000000  70.00000000 500.00000000
1481 270.00000000 270.00000000  70.00000000 500.00000000
1482 270.00000000 270.00000000  70.00000000 500.00000000
1483 270.00000000 270.00000000  70.00000000 500.00000000
1484 270.00000000 270.00000000  70.00000000 500.00000000
1485 270.00000000 270.00000000  70.00000000 500.00000000
1486 270.00000000 270.00000000  70.00000000 500.00000000
1487 270.00000000 270.00000000  70.00000000 500.00000000
1488 270.00000000 270.00000000  70.00000000 500.00000000
1489 270.00000000 270.00000000  70.00000000 500.00000000
1490 270.00000000 270.00000000  70.00000000 500.00000000
1491 270.00000000 270.00000000  70.00000000 500.00000000
1492 270.00000000 270.00000000  70.00000000 500.00000000
1493 270.00000000 270.00000000  70.00000000 500.00000000
1494 270.00000000 270.00000000  70.00000000 500.00000000
1495 270.00000000 270.00000000  70.00000000 500.00000000
1496 270.00000000 270.00000000  70.00000000 500.00000000
1497 270.00000000 270.00000000  70.00000000 500.00000000
1498 270.00000000 270.00000000  70.00000000 500.00000000
1499 270.00000000 270.00000000  70.00000000 500.00000000
1500 270.00000000 270.00000000  70.00000000 500.00000000
1501 270.00000000 270.00000000  70.00000000 500.00000000
1502 270.00000000 270.00000000  70.00000000 500.00000000
1503 270.00000000 270.00000000  70.00000000 500.00000000
1504 270.00000000 270.00000000  70.00000000 500.00000000
1505 270.00000000 270.00000000  70.00000000 500.00000000
1506 270.00000000 270.00000000  70.00000000 500.00000000
1507 270.00000000 270.00000000  70.00000000 500.00000000
1508 270.00000000 270.00000000  70.00000000 500.00000000
1509 270.00000000 270.00000000  70.00000000 500.00000000
1510 270.00000000 270.00000000  70.00000000 500.00000000
1511 270.00000000 270.00000000  70.00000000 500.00000000
1512 270.00000000 270.00000000  70.00000000 500.00000000
1513 270.00000000 230.00000000  70.00000000 500.00000000
1514 270.00000000 230.00000000  70.00000000 500.00000000
1515 270.00000000 230.00000000  70.00000000 500.00000000
1516 270.00000000 230.00000000  70.00000000 500.00000000
1517 270.00000000 230.00000000  70.00000000 500.00000000
1518 270.00000000 230.00000000  70.00000000 500.00000000
1519 270.00000000 230.00000000  70.00000000 500.00000000
1520 270.00000000 230.00000000  70.00000000 500.00000000
1521 270.00000000 230.00000000  70.00000000 500.00000000
1522 270.00000000 230.00000000  70.00000000 500.00000000
1523 270.00000000 230.00000000  70.00000000 500.00000000
1524 270.00000000 230.00000000  70.00000000 500.00000000
1525 270.00000000 230.00000000  70.00000000 500.00000000
1526 270.00000000 230.00000000  70.00000000 500.00000000
1527 270.00000000 230.00000000  70.00000000 500.00000000
1528 270.00000000 230.00000000  70.00000000 500.00000000
1529 270.00000000 230.00000000  70.00000000 500.00000000
1530 270.00000000 230.00000000  70.00000000 500.00000000
1531 270.00000000 230.00000000  70.00000000 500.00000000
1532 270.00000000 230.00000000  70.00000000 500.00000000
1533 270.00000000 230.00000000  70.00000000 500.00000000
1534 270.00000000 230.00000000  70.00000000 500.00000000
1535 270.00000000 230.00000000  70.00000000 500.00000000
1536 270.00000000 230.00000000  70.00000000 500.00000000
1537 270.00000000 230.00000000  70.00000000 500.00000000
1538 270.00000000 230.00000000  70.00000000 500.00000000
1539 270.00000000 230.00000000  70.00000000 500.00000000
1540 270.00000000 230.00000000  70.00000000 500.00000000
1541 270.00000000 230.00000000  70.00000000 500.00000000
1542 270.00000000 230.00000000  70.00000000 500.00000000
1543 270.00000000 230.00000000  70.00000000 500.00000000
1544 270.00000000 230.00000000  70.00000000 500.00000000
1545 270.00000000 230.00000000  70.00000000 500.00000000
1546 270.00000000 230.00000000  70.00000000 500.00000000
1547 270.00000000 230.00000000  70.00000000 500.00000000
1548 270.00000000 230.00000000  70.00000000 500.00000000
1549 270.00000000 230.00000000  70.00000000 500.00000000
1550 270.00000000 230.00000000  70.00000000 500.00000000
1551 270.00000000 230.00000000  70.00000000 500.00000000
1552 270.00000000 230.00000000  70.00000000 500.00000000
1553 270.00000000 230.00000000  70.00000000 500.00000000
1554 270.00000000 230.00000000  70.00000000 500.00000000
1555 270.00000000 230.00000000  70.00000000 500.00000000
1556 270.00000000 230.00000000  70.00000000 500.00000000
1557 270.00000000 230.00000000  70.00000000 500.00000000
1558 270.00000000 230.00000000  70.00000000 500.00000000
1559 270.00000000 230.00000000  70.00000000 500.00000000
1560 270.00000000 230.00000000  70.00000000 500.00000000
1561 270.00000000 230.00000000  70.00000000 500.00000000
1562 270.00000000 230.00000000  70.00000000 500.00000000
1563 270.00000000 230.00000000  70.00000000 500.00000000
1564 270.00000000 230.00000000  70.00000000 500.00000000
1565 270.00000000 230.00000000  70.00000000 500.00000000
1566 270.00000000 230.00000000  70.00000000 500.00000000
1567 270.00000000 230.00000000  70.00000000 500.00000000
1568 270.00000000 230.00000000  70.00000000 500.00000000
1569 270.00000000 230.00000000  70.00000000 500.00000000
1570 270.00000000 230.00000000  70.00000000 500.00000000
1571 270.00000000 230.00000000  70.00000000 500.00000000
1572 270.00000000 230.00000000  70.00000000 500.00000000
1573 270.00000000 230.00000000  70.00000000 500.00000000
1574 270.00000000 230.00000000  70.00000000 500.00000000
1575 270.00000000 230.00000000  70.00000000 500.00000000
1576 270.00000000 230.00000000  70.00000000 500.00000000
1577 270.00000000 230.00000000  70.00000000 500.00000000
1578 270.00000000 230.00000000  70.00000000 500.00000000
1579 270.00000000 230.00000000  70.00000000 500.00000000
1580 270.00000000 230.00000000  70.00000000 500.00000000
1581 270.00000000 230.00000000  70.00000000 500.00000000
1582 270.00000000 230.00000000  70.00000000 500.00000000
1583 270.00000000 230.00000000  70.00000000 500.00000000
1584 270.00000000 230.00000000  70.00000000 500.00000000
1585 270.00000000 230.00000000  70.00000000 500.00000000
1586 270.00000000 230.00000000  70.00000000 500.00000000
1587 270.00000000 230.00000000  70.00000000 500.00000000
1588 270.00000000 230.00000000  70.00000000 500.00000000
1589 270.00000000 230.00000000  70.00000000 500.00000000
1590 270.00000000 230.00000000  70.00000000 500.00000000
1591 270.00000000 230.00000000  70.00000000 500.00000000
1592 270.00000000 230.00000000  70.00000000 500.00000000
1593 270.00000000 230.00000000  70.00000000 500.00000000
1594 270.00000000 230.00000000  70.00000000 500.00000000
1595 270.00000000 230.00000000  70.00000000 500.00000000
1596 270.00000000 230.00000000  70.00000000 500.00000000
1597 270.00000000 230.00000000  70.00000000 500.00000000
1598 270.00000000 230.00000000  70.00000000 500.00000000
1599 270.00000000 230.00000000  70.00000000 500.00000000
1600 270.00000000 230.00000000  70.00000000 500.00000000
1601 270.00000000 230.00000000  70.00000000 500.00000000
1602 270.00000000 230.00000000  70.00000000 500.00000000
1603 270.00000000 230.00000000  70.00000000 500.00000000
1604 270.00000000 230.00000000  70.00000000 500.00000000
1605 270.00000000 230.00000000  70.00000000 500.00000000
1606 270.00000000 230.00000000  70.00000000 500.00000000
1607 270.00000000 230.00000000  70.00000000 500.00000000
1608 270.00000000 230.00000000  70.00000000 500.00000000
1609 270.00000000 230.00000000  70.00000000 500.00000000
1610 270.00000000 230.00000000  70.00000000 500.00000000
1611 270.00000000 230.00000000  70.00000000 500.00000000
1612 270.00000000 230.00000000  70.00000000 500.00000000
1613 270.00000000 230.00000000  70.00000000 500.00000000
1614 270.00000000 230.00000000  70.00000000 500.00000000
1615 270.00000000 230.00000000  70.00000000 500.00000000
1616 270.00000000 230.00000000  70.00000000 500.00000000
1617 270.00000000 230.00000000  70.00000000 500.00000000
1618 270.00000000 230.00000000  70.00000000 500.00000000
1619 270.00000000 230.00000000  70.00000000 500.00000000
1620 270.00000000 230.00000000  70.00000000 500.00000000
1621 270.00000000 190.00000000  70.00000000 500.00000000
1622 270.00000000 190.00000000  70.00000000 500.00000000
1623 270.00000000 190.00000000  70.00000000 500.00000000
1624 270.00000000 190.00000000  70.00000000 500.00000000
1625 270.00000000 190.00000000  70.00000000 500.00000000
1626 270.00000000 190.00000000  70.00000000 500.00000000
1627 270.00000000 190.00000000  70.00000000 500.00000000
1628 270.00000000 190.00000000  70.00000000 500.00000000
1629 270.00000000 190.00000000  70.00000000 500.00000000
1630 270.00000000 190.00000000  70.00000000 500.00000000
1631 270.00000000 190.00000000  70.00000000 500.00000000
1632 270.00000000 190.00000000  70.00000000 500.00000000
1633 270.00000000 190.00000000  70.00000000 500.00000000
1634 270.00000000 190.00000000  70.00000000 500.00000000
1635 270.00000000 190.00000000  70.00000000 500.00000000
1636 270.00000000 190.00000000  70.00000000 500.00000000
1637 270.00000000 190.00000000  70.00000000 500.00000000
1638 270.00000000 190.00000000  70.00000000 500.00000000
1639 270.00000000 190.00000000  70.00000000 500.00000000
1640 270.00000000 190.00000000  70.00000000 500.00000000
1641 270.00000000 190.00000000  70.00000000 500.00000000
1642 270.00000000 190.00000000  70.00000000 500.00000000
1643 270.00000000 190.00000000  70.00000000 500.00000000
1644 270.00000000 190.00000000  70.00000000 500.00000000
1645 270.00000000 190.00000000  70.00000000 500.00000000
1646 270.00000000 190.00000000  70.00000000 500.00000000
1647 270.00000000 190.00000000  70.00000000 500.00000000
1648 270.00000000 190.00000000  70.00000000 500.00000000
1649 270.00000000 190.00000000  70.00000000 500.00000000
1650 270.00000000 190.00000000  70.00000000 500.00000000
1651 270.00000000 190.00000000  70.00000000 500.00000000
1652 270.00000000 190.00000000  70.00000000 500.00000000
1653 270.00000000 190.00000000  70.00000000 500.00000000
1654 270.00000000 190.00000000  70.00000000 500.00000000
1655 270.00000000 190.00000000  70.00000000 500.00000000
1656 270.00000000 190.00000000  70.00000000 500.00000000
1657 270.00000000 190.00000000  70.00000000 500.00000000
1658 270.00000000 190.00000000  70.00000000 500.00000000
1659 270.00000000 190.00000000  70.00000000 500.00000000
1660 270.00000000 190.00000000  70.00000000 500.00000000
1661 270.00000000 190.00000000  70.00000000 500.00000000
1662 270.00000000 190.00000000  70.00000000 500.00000000
1663 270.00000000 190.00000000  70.00000000 500.00000000
1664 270.00000000 190.00000000  70.00000000 500.00000000
1665 270.00000000 190.00000000  70.00000000 500.00000000
1666 270.00000000 190.00000000  70.00000000 500.00000000
1667 270.00000000 190.00000000  70.00000000 500.00000000
1668 270.00000000 190.00000000  70.00000000 500.00000000
1669 270.00000000 190.00000000  70.00000000 500.00000000
1670 270.00000000 190.00000000  70.00000000 500.00000000
1671 270.00000000 190.00000000  70.00000000 500.00000000
1672 270.00000000 190.00000000  70.00000000 500.00000000
1673 270.00000000 190.00000000  70.00000000 500.00000000
1674 270.00000000 190.00000000  70.00000000 500.00000000
1675 270.00000000 190.00000000  70.00000000 500.00000000
1676 270.00000000 190.00000000  70.00000000 500.00000000
1677 270.00000000 190.00000000  70.00000000 500.00000000
1678 270.00000000 190.00000000  70.00000000 500.00000000
1679 270.00000000 190.00000000  70.00000000 500.00000000
1680 270.00000000 190.00000000  70.00000000 500.00000000
1681 270.00000000 190.00000000  70.00000000 500.00000000
1682 270.00000000 190.00000000  70.00000000 500.00000000
1683 270.00000000 190.00000000  70.00000000 500.00000000
1684 270.00000000 190.00000000  70.00000000 500.00000000
1685 270.00000000 190.00000000  70.00000000 500.00000000
1686 270.00000000 190.00000000  70.00000000 500.00000000
1687 270.00000000 190.00000000  70.00000000 500.00000000
1688 270.00000000 190.00000000  70.00000000 500.00000000
1689 270.00000000 190.00000000  70.00000000 500.00000000
1690 270.00000000 190.00000000  70.00000000 500.00000000
1691 270.00000000 190.00000000  70.00000000 500.00000000
1692 270.00000000 190.00000000  70.00000000 500.00000000
1693 270.00000000 190.00000000  70.00000000 500.00000000
1694 270.00000000 190.00000000  70.00000000 500.00000000
1695 270.00000000 190.00000000  70.00000000 500.00000000
1696 270.00000000 190.00000000  70.00000000 500.00000000
1697 270.00000000 190.00000000  70.00000000 500.00000000
1698 270.00000000 190.00000000  70.00000000 500.00000000
1699 270.00000000 190.00000000  70.00000000 500.00000000
1700 270.00000000 190.00000000  70.00000000 500.00000000
1701 270.00000000 190.00000000  70.00000000 500.00000000
1702 270.00000000 190.00000000  70.00000000 500.00000000
1703 270.00000000 190.00000000  70.00000000 500.00000000
1704 270.00000000 190.00000000  70.00000000 500.00000000
1705 270.00000000 190.00000000  70.00000000 500.00000000
1706 270.00000000 190.00000000  70.00000000 500.00000000
1707 270.00000000 190.00000000  70.00000000 500.00000000
1708 270.00000000 190.00000000  70.00000000 500.00000000
1709 270.00000000 190.00000000  70.00000000 500.00000000
1710 270.00000000 190.00000000  70.00000000 500.00000000
1711 270.00000000 190.00000000  70.00000000 500.00000000
1712 270.00000000 190.00000000  70.00000000 500.00000000
1713 270.00000000 190.00000000  70.00000000 500.00000000
1714 270.00000000 190.00000000  70.00000000 500.00000000
1715 270.00000000 190.00000000  70.00000000 500.00000000
1716 270.00000000 190.00000000  70.00000000 500.00000000
1717 270.00000000 190.00000000  70.00000000 500.00000000
1718 270.00000000 190.00000000  70.00000000 500.00000000
1719 270.00000000 190.00000000  70.00000000 500.00000000
1720 270.00000000 190.00000000  70.00000000 500.00000000
1721 270.00000000 190.00000000  70.00000000 500.00000000
1722 270.00000000 190.00000000  70.00000000 500.00000000
1723 270.00000000 190.00000000  70.00000000 500.00000000
1724 270.00000000 190.00000000  70.00000000 500.00000000
1725 270.00000000 190.00000000  70.00000000 500.00000000
1726 270.00000000 190.00000000  70.00000000 500.00000000
1727 270.00000000 190.00000000  70.00000000 500.00000000
1728 270.00000000 190.00000000  70.00000000 500.00000000
